datetime,open,high,low,close,volume
2021-11-04 11:00:00,109.7,230.0,109.7,161.7,208056.209
2021-11-04 11:30:00,161.4,162.4,136.0,141.1,38934.749
2021-11-04 12:00:00,141.0,143.0,132.1,134.4,17142.984
2021-11-04 12:30:00,134.4,136.1,123.9,126.5,21885.645
2021-11-04 13:00:00,126.7,139.7,126.3,138.3,19648.789
2021-11-04 13:30:00,138.1,138.7,127.0,129.2,8437.907
2021-11-04 14:00:00,129.1,130.0,115.4,117.0,18736.446
2021-11-04 14:30:00,116.4,123.9,115.3,120.7,12322.446
2021-11-04 15:00:00,120.3,124.0,115.0,119.1,7859.537
2021-11-04 15:30:00,118.9,132.0,118.3,128.9,12895.488
2021-11-04 16:00:00,128.7,129.0,120.0,125.0,5211.351
2021-11-04 16:30:00,124.9,129.0,121.0,121.9,4461.893
2021-11-04 17:00:00,121.9,129.0,120.8,127.9,2462.55
2021-11-04 17:30:00,127.8,136.8,125.0,129.2,12723.441
2021-11-04 18:00:00,129.2,132.2,125.5,127.5,3743.615
2021-11-04 18:30:00,127.5,133.5,127.0,132.2,2776.063
2021-11-04 19:00:00,132.1,137.8,131.5,134.7,6255.625
2021-11-04 19:30:00,134.6,137.9,132.2,136.7,5977.735
2021-11-04 20:00:00,136.6,143.0,129.9,132.0,6321.915
2021-11-04 20:30:00,131.9,139.6,131.7,136.8,5232.012
2021-11-04 21:00:00,136.8,136.9,134.1,136.9,1737.55
2021-11-04 21:30:00,136.9,137.2,130.9,131.7,3946.996
2021-11-04 22:00:00,131.8,135.4,129.9,130.1,2495.059
2021-11-04 22:30:00,130.3,132.9,128.7,129.0,1740.732
2021-11-04 23:00:00,129.4,137.0,129.0,131.7,3927.162
2021-11-04 23:30:00,132.0,134.1,130.2,131.4,1590.933
2021-11-05 00:00:00,131.6,131.7,127.5,127.9,2274.428
2021-11-05 00:30:00,127.9,130.4,126.1,126.5,1916.554
2021-11-05 01:00:00,126.4,130.7,125.7,126.4,3919.016
2021-11-05 01:30:00,126.6,128.0,124.3,125.2,2217.21
2021-11-05 02:00:00,125.1,129.8,124.5,125.9,4206.221
2021-11-05 02:30:00,125.5,126.0,124.0,124.1,1456.99
2021-11-05 03:00:00,124.2,125.9,121.1,122.2,2469.07
2021-11-05 03:30:00,122.4,122.9,119.5,120.0,3041.043
2021-11-05 04:00:00,120.0,120.5,116.6,118.1,4129.712
2021-11-05 04:30:00,118.1,121.4,117.6,118.2,1619.433
2021-11-05 05:00:00,118.2,121.1,117.8,118.6,1687.13
2021-11-05 05:30:00,118.6,121.2,116.2,119.5,4068.725
2021-11-05 06:00:00,119.4,120.9,117.3,119.0,2114.147
2021-11-05 06:30:00,118.9,122.2,117.9,120.6,2817.06
2021-11-05 07:00:00,120.6,124.5,120.4,122.0,4269.544
2021-11-05 07:30:00,122.0,122.4,119.5,120.7,2128.342
2021-11-05 08:00:00,120.8,120.9,119.4,119.5,1045.228
2021-11-05 08:30:00,119.5,123.5,118.9,120.0,2257.553
2021-11-05 09:00:00,120.0,120.6,118.7,119.0,1598.135
2021-11-05 09:30:00,119.0,119.2,117.3,117.9,2059.95
2021-11-05 10:00:00,117.9,118.8,115.2,118.0,3149.877
2021-11-05 10:30:00,118.0,119.4,117.8,118.0,1424.926
2021-11-05 11:00:00,118.2,121.6,117.3,121.2,3250.611
2021-11-05 11:30:00,121.3,122.9,117.8,118.6,3280.218
2021-11-05 12:00:00,118.5,119.1,116.1,116.3,1232.935
2021-11-05 12:30:00,116.5,117.8,115.4,115.7,1726.062
2021-11-05 13:00:00,115.6,117.6,115.0,116.2,1390.363
2021-11-05 13:30:00,116.2,117.0,113.5,114.2,2112.069
2021-11-05 14:00:00,114.2,114.6,111.0,111.7,2133.648
2021-11-05 14:30:00,111.7,112.0,107.3,109.6,6251.979
2021-11-05 15:00:00,109.3,120.7,109.0,112.4,5684.828
2021-11-05 15:30:00,112.8,117.9,111.1,113.6,2531.77
2021-11-05 16:00:00,114.4,115.2,112.7,113.3,1616.241
2021-11-05 16:30:00,113.3,115.7,113.1,113.4,750.287
2021-11-05 17:00:00,113.9,115.8,113.5,114.1,1248.452
2021-11-05 17:30:00,114.1,117.0,113.6,115.9,731.151
2021-11-05 18:00:00,115.7,118.6,115.7,117.4,968.288
2021-11-05 18:30:00,117.5,120.0,117.0,119.2,1682.345
2021-11-05 19:00:00,119.2,119.2,116.7,116.8,572.608
2021-11-05 19:30:00,116.9,117.3,115.8,116.6,565.567
2021-11-05 20:00:00,116.6,118.0,115.9,116.0,544.596
2021-11-05 20:30:00,116.5,116.7,115.5,116.1,383.826
2021-11-05 21:00:00,116.1,116.7,115.3,116.1,158.767
2021-11-05 21:30:00,116.0,116.2,114.5,114.8,601.717
2021-11-05 22:00:00,114.6,116.3,114.0,114.5,1018.92
2021-11-05 22:30:00,114.4,114.7,114.0,114.2,216.566
2021-11-05 23:00:00,114.6,115.5,114.0,114.7,285.409
2021-11-05 23:30:00,114.7,115.7,114.0,114.1,205.723
2021-11-06 00:00:00,114.2,116.2,112.6,113.4,1694.142
2021-11-06 00:30:00,113.3,114.7,111.6,112.4,1398.409
2021-11-06 01:00:00,112.3,113.8,111.6,112.5,463.336
2021-11-06 01:30:00,112.6,113.1,112.0,112.8,363.548
2021-11-06 02:00:00,112.9,114.8,112.5,114.0,515.514
2021-11-06 02:30:00,113.9,115.3,112.9,114.0,657.119
2021-11-06 03:00:00,114.3,120.0,112.3,116.3,6150.743
2021-11-06 03:30:00,116.2,118.2,115.1,117.4,371.16
2021-11-06 04:00:00,117.1,130.0,116.8,118.5,4093.585
2021-11-06 04:30:00,118.5,122.6,118.0,121.4,3025.414
2021-11-06 05:00:00,121.5,124.1,120.0,121.5,2086.542
2021-11-06 05:30:00,121.8,122.0,119.5,119.5,913.429
2021-11-06 06:00:00,119.8,121.1,118.0,120.0,1293.044
2021-11-06 06:30:00,120.0,123.7,119.1,121.6,1276.733
2021-11-06 07:00:00,121.3,125.1,121.2,121.5,1944.315
2021-11-06 07:30:00,121.6,124.1,121.4,123.1,738.158
2021-11-06 08:00:00,123.1,126.8,122.6,126.0,3761.005
2021-11-06 08:30:00,126.0,130.7,124.0,130.4,3808.176
2021-11-06 09:00:00,130.8,139.8,129.0,131.9,17593.594
2021-11-06 09:30:00,131.7,137.0,130.0,133.0,5958.052
2021-11-06 10:00:00,133.0,139.7,132.7,138.6,6171.571
2021-11-06 10:30:00,139.0,147.5,136.5,141.3,13262.015
2021-11-06 11:00:00,141.0,155.0,140.2,144.8,38044.723
2021-11-06 11:30:00,144.7,145.1,130.2,133.8,17350.008
2021-11-06 12:00:00,133.6,137.3,127.7,132.8,9497.701
2021-11-06 12:30:00,132.8,133.5,129.2,132.0,3646.628
2021-11-06 13:00:00,132.0,132.0,125.5,126.3,3812.28
2021-11-06 13:30:00,125.9,128.6,123.6,127.5,4933.767
2021-11-06 14:00:00,127.5,132.1,126.3,129.6,3555.398
2021-11-06 14:30:00,129.6,136.1,128.9,133.4,6643.949
2021-11-06 15:00:00,133.4,133.8,128.6,130.1,4157.128
2021-11-06 15:30:00,130.1,133.0,128.6,129.3,1872.15
2021-11-06 16:00:00,129.3,137.0,129.0,133.2,5700.665
2021-11-06 16:30:00,133.4,133.6,130.6,131.9,1294.746
2021-11-06 17:00:00,131.9,132.0,130.1,131.5,1607.815
2021-11-06 17:30:00,131.5,140.0,130.3,134.7,8644.508
2021-11-06 18:00:00,134.6,140.0,134.4,138.0,4690.613
2021-11-06 18:30:00,138.0,139.0,136.7,136.8,2290.07
2021-11-06 19:00:00,136.9,140.3,135.5,136.3,3223.016
2021-11-06 19:30:00,136.3,137.6,133.7,134.2,2272.965
2021-11-06 20:00:00,134.1,135.0,131.6,131.6,1326.557
2021-11-06 20:30:00,131.6,134.7,131.2,132.7,901.613
2021-11-06 21:00:00,132.7,135.3,131.8,132.4,621.824
2021-11-06 21:30:00,131.9,135.1,130.4,130.7,1294.353
2021-11-06 22:00:00,131.1,135.0,130.6,132.4,1242.267
2021-11-06 22:30:00,132.2,135.0,131.4,133.0,925.367
2021-11-06 23:00:00,133.0,136.6,132.0,135.1,1304.91
2021-11-06 23:30:00,134.9,137.5,132.8,136.0,2348.755
2021-11-07 00:00:00,136.0,136.0,132.3,133.0,1312.411
2021-11-07 00:30:00,132.9,140.9,131.2,139.8,4184.994
2021-11-07 01:00:00,139.8,144.4,138.0,140.0,6283.376
2021-11-07 01:30:00,140.1,149.0,140.0,145.8,9994.103
2021-11-07 02:00:00,145.9,159.8,145.6,150.6,21019.457
2021-11-07 02:30:00,150.6,154.8,145.2,146.5,7036.204
2021-11-07 03:00:00,146.8,153.0,145.4,145.6,6225.443
2021-11-07 03:30:00,145.7,146.3,142.7,145.5,3640.297
2021-11-07 04:00:00,145.3,146.6,144.7,146.4,1154.644
2021-11-07 04:30:00,146.4,150.0,145.1,146.9,5271.779
2021-11-07 05:00:00,146.9,153.0,146.0,151.2,6213.946
2021-11-07 05:30:00,151.2,151.6,145.9,147.1,3149.9
2021-11-07 06:00:00,147.4,149.5,145.0,146.8,2769.654
2021-11-07 06:30:00,146.8,147.6,145.0,146.4,1596.708
2021-11-07 07:00:00,146.1,148.5,142.6,143.8,2809.809
2021-11-07 07:30:00,143.9,143.9,137.5,140.6,7839.541
2021-11-07 08:00:00,140.9,143.0,139.6,140.7,1963.859
2021-11-07 08:30:00,140.7,141.4,140.3,140.3,816.275
2021-11-07 09:00:00,140.2,145.0,138.4,144.0,2472.113
2021-11-07 09:30:00,143.7,155.4,143.3,146.4,5152.844
2021-11-07 10:00:00,146.4,146.8,137.6,140.2,4123.543
2021-11-07 10:30:00,140.4,141.5,139.6,140.3,1363.321
2021-11-07 11:00:00,140.5,142.6,140.0,142.6,700.261
2021-11-07 11:30:00,142.6,143.1,138.7,140.8,2184.391
2021-11-07 12:00:00,140.7,142.1,138.9,140.1,1842.623
2021-11-07 12:30:00,140.1,144.7,138.8,143.0,2405.688
2021-11-07 13:00:00,143.1,153.0,143.1,145.0,5107.187
2021-11-07 13:30:00,145.0,149.8,144.9,149.5,1682.031
2021-11-07 14:00:00,149.5,150.0,144.4,145.2,2851.926
2021-11-07 14:30:00,145.2,150.9,145.2,148.2,1713.826
2021-11-07 15:00:00,148.2,148.2,140.0,141.7,9241.02
2021-11-07 15:30:00,141.0,149.7,140.8,144.7,2692.807
2021-11-07 16:00:00,144.8,145.5,143.7,145.5,884.964
2021-11-07 16:30:00,145.5,148.0,144.5,146.1,565.535
2021-11-07 17:00:00,146.1,146.3,144.6,145.1,705.865
2021-11-07 17:30:00,145.0,148.0,145.0,147.0,756.498
2021-11-07 18:00:00,147.0,148.2,147.0,147.3,397.991
2021-11-07 18:30:00,147.3,149.8,144.0,144.7,2640.062
2021-11-07 19:00:00,145.4,146.1,144.3,145.4,451.0
2021-11-07 19:30:00,145.4,146.5,145.0,146.2,190.912
2021-11-07 20:00:00,146.2,146.5,144.9,146.3,400.072
2021-11-07 20:30:00,146.3,149.8,145.9,149.8,2017.528
2021-11-07 21:00:00,149.7,153.8,148.6,150.3,2882.508
2021-11-07 21:30:00,150.2,155.5,150.1,152.1,2749.629
2021-11-07 22:00:00,152.0,154.4,150.0,151.0,1190.849
2021-11-07 22:30:00,151.0,153.2,150.0,151.6,621.504
2021-11-07 23:00:00,151.1,152.9,150.6,151.6,404.614
2021-11-07 23:30:00,151.6,151.6,147.7,148.5,1295.787
2021-11-08 00:00:00,148.5,149.3,144.5,145.9,2029.67
2021-11-08 00:30:00,145.6,149.5,144.5,146.4,1227.107
2021-11-08 01:00:00,146.4,149.5,145.9,148.4,750.331
2021-11-08 01:30:00,147.9,150.9,147.7,150.6,1711.72
2021-11-08 02:00:00,150.4,158.0,150.2,155.2,3612.649
2021-11-08 02:30:00,155.2,157.8,152.5,154.1,1305.376
2021-11-08 03:00:00,154.1,160.0,154.0,157.0,2172.213
2021-11-08 03:30:00,157.0,159.0,153.1,154.1,2184.986
2021-11-08 04:00:00,154.2,156.0,150.1,150.3,923.401
2021-11-08 04:30:00,150.3,154.9,150.3,153.8,901.1
2021-11-08 05:00:00,154.1,156.8,152.9,156.8,2339.193
2021-11-08 05:30:00,156.2,156.3,154.0,154.1,737.87
2021-11-08 06:00:00,154.3,155.3,152.7,154.1,1012.952
2021-11-08 06:30:00,154.3,155.5,153.4,154.5,630.578
2021-11-08 07:00:00,154.6,156.4,154.0,155.9,922.774
2021-11-08 07:30:00,156.0,159.0,154.0,155.1,2216.647
2021-11-08 08:00:00,155.0,155.8,152.1,152.9,2130.598
2021-11-08 08:30:00,153.0,156.8,152.5,153.7,1248.253
2021-11-08 09:00:00,153.6,154.2,151.5,153.4,858.349
2021-11-08 09:30:00,153.1,154.4,149.8,151.0,1347.074
2021-11-08 10:00:00,151.0,153.0,149.9,150.2,1585.53
2021-11-08 10:30:00,150.2,153.0,149.6,151.9,1065.305
2021-11-08 11:00:00,151.9,154.0,151.8,153.7,628.001
2021-11-08 11:30:00,153.7,154.4,152.0,152.5,1081.88
2021-11-08 12:00:00,152.6,154.1,152.2,154.1,412.228
2021-11-08 12:30:00,153.3,154.2,152.4,152.9,393.339
2021-11-08 13:00:00,152.9,155.0,152.8,154.3,609.931
2021-11-08 13:30:00,154.3,154.9,154.0,154.9,618.571
2021-11-08 14:00:00,154.7,156.0,153.4,154.3,803.521
2021-11-08 14:30:00,153.8,155.5,152.1,155.0,1803.507
2021-11-08 15:00:00,155.0,156.4,154.0,154.4,675.015
2021-11-08 15:30:00,154.2,158.0,154.1,157.3,1635.138
2021-11-08 16:00:00,157.1,158.2,153.5,154.1,2133.858
2021-11-08 16:30:00,154.1,154.5,151.1,151.6,2827.727
2021-11-08 17:00:00,151.8,153.6,151.2,153.3,631.246
2021-11-08 17:30:00,153.3,154.4,152.4,153.2,1123.231
2021-11-08 18:00:00,153.2,153.8,152.8,153.1,319.653
2021-11-08 18:30:00,153.1,153.9,152.5,152.5,373.47
2021-11-08 19:00:00,152.6,153.5,152.5,152.7,214.638
2021-11-08 19:30:00,152.6,152.7,150.1,150.8,636.657
2021-11-08 20:00:00,150.9,151.3,150.1,150.4,233.889
2021-11-08 20:30:00,150.4,150.7,148.4,149.5,1410.614
2021-11-08 21:00:00,149.6,149.8,148.5,149.6,343.799
2021-11-08 21:30:00,149.6,149.9,147.3,148.4,600.182
2021-11-08 22:00:00,148.4,148.8,146.3,146.7,640.29
2021-11-08 22:30:00,146.6,147.3,146.3,146.5,296.195
2021-11-08 23:00:00,146.3,147.3,143.9,144.2,989.619
2021-11-08 23:30:00,144.5,146.9,144.3,144.6,793.295
2021-11-09 00:00:00,144.8,144.9,143.2,143.9,440.454
2021-11-09 00:30:00,143.9,144.2,143.0,144.2,558.313
2021-11-09 01:00:00,144.2,144.8,141.8,142.1,808.363
2021-11-09 01:30:00,142.3,143.5,141.4,142.3,1008.368
2021-11-09 02:00:00,142.3,142.6,137.2,137.7,4214.536
2021-11-09 02:30:00,137.9,141.6,137.9,139.5,1336.365
2021-11-09 03:00:00,139.5,142.9,139.4,142.0,1168.421
2021-11-09 03:30:00,142.0,142.9,141.2,142.7,772.395
2021-11-09 04:00:00,142.7,145.8,142.5,144.7,2635.234
2021-11-09 04:30:00,144.7,146.8,144.0,145.7,1050.902
2021-11-09 05:00:00,145.8,146.7,145.0,146.4,430.642
2021-11-09 05:30:00,146.4,149.4,146.1,147.0,985.026
2021-11-09 06:00:00,146.8,147.1,142.9,144.3,3072.806
2021-11-09 06:30:00,144.3,146.2,144.1,145.6,762.14
2021-11-09 07:00:00,145.6,146.7,144.7,144.8,650.327
2021-11-09 07:30:00,145.1,146.9,144.4,146.4,902.739
2021-11-09 08:00:00,146.4,147.1,145.6,147.0,941.302
2021-11-09 08:30:00,146.8,146.8,144.6,145.2,886.081
2021-11-09 09:00:00,145.2,146.3,145.1,145.8,504.712
2021-11-09 09:30:00,145.8,147.0,145.3,146.8,638.624
2021-11-09 10:00:00,147.0,147.2,145.5,145.8,652.441
2021-11-09 10:30:00,145.8,146.8,145.2,146.3,391.375
2021-11-09 11:00:00,146.3,147.0,145.8,147.0,840.457
2021-11-09 11:30:00,147.0,147.0,144.6,145.2,820.716
2021-11-09 12:00:00,145.0,146.6,143.9,144.5,895.154
2021-11-09 12:30:00,144.6,147.0,144.4,146.4,514.956
2021-11-09 13:00:00,146.3,146.4,143.7,143.9,267.998
2021-11-09 13:30:00,144.0,146.0,144.0,145.5,416.368
2021-11-09 14:00:00,145.5,146.0,144.5,144.7,1075.652
2021-11-09 14:30:00,144.7,145.5,143.4,143.5,280.625
2021-11-09 15:00:00,143.6,144.7,143.0,144.0,357.017
2021-11-09 15:30:00,143.9,144.4,142.3,142.9,949.634
2021-11-09 16:00:00,142.9,143.1,141.6,142.3,431.644
2021-11-09 16:30:00,142.4,142.7,141.9,142.6,495.953
2021-11-09 17:00:00,142.7,143.2,142.0,142.2,217.727
2021-11-09 17:30:00,142.2,143.2,142.0,143.2,104.049
2021-11-09 18:00:00,143.2,143.2,142.5,142.7,111.859
2021-11-09 18:30:00,142.9,143.0,142.3,142.6,87.629
2021-11-09 19:00:00,142.6,142.6,141.9,142.4,288.622
2021-11-09 19:30:00,142.5,145.0,142.5,144.1,525.581
2021-11-09 20:00:00,144.3,145.0,144.0,144.3,229.986
2021-11-09 20:30:00,144.7,145.0,144.0,144.4,126.458
2021-11-09 21:00:00,144.5,145.1,144.3,144.8,56.875
2021-11-09 21:30:00,144.4,144.7,143.7,143.9,90.85
2021-11-09 22:00:00,144.2,146.6,144.0,146.2,223.315
2021-11-09 22:30:00,146.0,146.0,144.2,144.7,123.397
2021-11-09 23:00:00,144.7,146.2,144.3,145.6,73.008
2021-11-09 23:30:00,146.1,146.9,144.5,144.5,200.552
2021-11-10 00:00:00,144.9,145.0,143.9,144.5,137.044
2021-11-10 00:30:00,144.5,144.6,143.4,144.0,194.781
2021-11-10 01:00:00,144.1,146.7,143.7,146.1,216.26
2021-11-10 01:30:00,145.7,146.2,144.5,145.3,367.754
2021-11-10 02:00:00,145.2,145.2,143.8,144.3,324.654
2021-11-10 02:30:00,144.3,144.9,144.1,144.8,532.687
2021-11-10 03:00:00,144.6,144.9,143.1,143.6,671.558
2021-11-10 03:30:00,143.6,144.3,143.0,143.0,353.179
2021-11-10 04:00:00,143.1,144.9,143.0,144.3,414.458
2021-11-10 04:30:00,144.7,145.0,144.2,144.5,331.413
2021-11-10 05:00:00,144.8,144.8,143.3,143.9,242.817
2021-11-10 05:30:00,143.9,153.8,143.0,149.9,3400.844
2021-11-10 06:00:00,149.8,152.2,148.2,151.1,1682.192
2021-11-10 06:30:00,151.1,151.6,149.5,149.7,1264.427
2021-11-10 07:00:00,149.6,151.3,148.6,149.5,759.242
2021-11-10 07:30:00,149.6,151.3,149.6,150.8,633.517
2021-11-10 08:00:00,150.8,151.4,149.7,151.1,478.179
2021-11-10 08:30:00,151.4,151.8,150.4,150.7,784.652
2021-11-10 09:00:00,150.4,150.8,149.9,150.1,347.023
2021-11-10 09:30:00,150.2,151.6,150.0,150.6,429.583
2021-11-10 10:00:00,150.6,151.2,150.3,151.0,412.784
2021-11-10 10:30:00,150.8,151.2,150.1,151.1,232.097
2021-11-10 11:00:00,151.1,154.9,151.1,154.7,2166.142
2021-11-10 11:30:00,154.7,157.5,154.5,156.5,2596.194
2021-11-10 12:00:00,156.5,160.0,154.6,159.2,2168.321
2021-11-10 12:30:00,159.2,161.0,156.3,157.9,3047.229
2021-11-10 13:00:00,157.6,173.3,157.3,169.0,13018.719
2021-11-10 13:30:00,169.1,169.9,160.4,161.0,3901.919
2021-11-10 14:00:00,161.0,165.0,156.0,162.0,5230.953
2021-11-10 14:30:00,161.5,162.2,158.4,160.5,1691.569
2021-11-10 15:00:00,160.5,167.7,159.6,163.4,3359.715
2021-11-10 15:30:00,163.6,164.7,162.1,163.3,1197.918
2021-11-10 16:00:00,163.1,169.9,161.8,167.7,1951.854
2021-11-10 16:30:00,167.7,168.3,160.5,161.9,2522.15
2021-11-10 17:00:00,162.2,165.0,159.8,160.0,1174.816
2021-11-10 17:30:00,160.0,160.9,157.6,158.7,812.973
2021-11-10 18:00:00,158.8,159.8,158.4,159.6,245.614
2021-11-10 18:30:00,159.7,159.8,159.0,159.3,315.11
2021-11-10 19:00:00,159.3,160.8,159.3,160.4,510.197
2021-11-10 19:30:00,160.5,160.9,159.3,159.3,278.907
2021-11-10 20:00:00,159.4,160.4,159.0,160.1,672.988
2021-11-10 20:30:00,160.1,160.6,156.5,157.1,904.133
2021-11-10 21:00:00,157.6,160.4,156.1,160.4,1172.705
2021-11-10 21:30:00,160.0,160.5,156.5,157.8,648.361
2021-11-10 22:00:00,157.9,164.2,157.0,160.8,1833.362
2021-11-10 22:30:00,161.1,166.8,159.6,164.5,2720.888
2021-11-10 23:00:00,164.0,167.2,161.7,162.2,1135.488
2021-11-10 23:30:00,162.3,164.6,162.0,164.6,348.737
2021-11-11 00:00:00,164.3,178.0,163.9,177.2,6307.753
2021-11-11 00:30:00,177.1,177.3,167.0,170.8,3830.918
2021-11-11 01:00:00,170.8,174.5,170.1,170.7,1278.751
2021-11-11 01:30:00,170.5,170.5,166.0,166.0,818.664
2021-11-11 02:00:00,166.3,170.1,165.1,169.7,1175.581
2021-11-11 02:30:00,169.8,178.0,165.0,167.7,6720.795
2021-11-11 03:00:00,167.4,170.0,166.9,168.7,791.231
2021-11-11 03:30:00,169.0,169.0,167.0,167.8,665.644
2021-11-11 04:00:00,167.9,167.9,162.5,162.9,1606.202
2021-11-11 04:30:00,162.9,166.6,162.5,163.9,902.941
2021-11-11 05:00:00,164.1,165.8,162.4,165.5,533.238
2021-11-11 05:30:00,165.4,166.2,164.4,166.0,297.371
2021-11-11 06:00:00,166.2,166.7,163.5,164.1,616.656
2021-11-11 06:30:00,164.4,168.2,164.2,167.8,583.599
2021-11-11 07:00:00,167.3,171.2,167.1,169.6,1306.081
2021-11-11 07:30:00,169.9,173.8,169.2,169.7,1037.339
2021-11-11 08:00:00,169.8,169.9,165.9,166.0,1006.203
2021-11-11 08:30:00,166.0,168.7,166.0,168.2,267.335
2021-11-11 09:00:00,168.2,168.2,166.4,166.4,947.441
2021-11-11 09:30:00,166.5,166.8,163.0,164.9,1440.255
2021-11-11 10:00:00,164.8,165.5,161.8,164.2,2232.298
2021-11-11 10:30:00,164.0,164.1,160.5,161.9,1912.529
2021-11-11 11:00:00,161.9,164.0,161.5,163.8,913.917
2021-11-11 11:30:00,163.6,165.0,162.0,162.6,895.349
2021-11-11 12:00:00,163.0,163.5,161.7,162.2,697.653
2021-11-11 12:30:00,161.8,162.8,161.1,162.5,562.582
2021-11-11 13:00:00,162.5,163.0,158.6,163.0,1333.848
2021-11-11 13:30:00,163.1,165.8,162.0,162.7,1336.881
2021-11-11 14:00:00,162.6,178.7,162.6,166.3,7274.826
2021-11-11 14:30:00,166.3,166.3,163.5,165.0,1166.602
2021-11-11 15:00:00,164.9,168.0,164.0,164.3,755.208
2021-11-11 15:30:00,164.3,164.9,161.4,164.5,1181.519
2021-11-11 16:00:00,164.5,165.2,163.3,163.8,274.69
2021-11-11 16:30:00,163.7,165.3,161.5,164.8,1033.258
2021-11-11 17:00:00,164.8,170.0,163.2,165.4,1108.064
2021-11-11 17:30:00,165.7,168.8,164.5,164.7,764.03
2021-11-11 18:00:00,164.7,167.3,161.6,162.4,1225.949
2021-11-11 18:30:00,162.8,164.0,162.3,163.0,104.719
2021-11-11 19:00:00,163.4,163.7,162.3,163.1,109.654
2021-11-11 19:30:00,163.1,164.9,162.8,164.9,181.99
2021-11-11 20:00:00,164.9,167.1,163.9,164.8,422.245
2021-11-11 20:30:00,165.2,165.5,164.8,164.9,120.868
2021-11-11 21:00:00,165.3,168.0,164.5,164.5,570.304
2021-11-11 21:30:00,164.8,165.5,164.4,165.1,44.597
2021-11-11 22:00:00,165.1,165.4,164.0,164.9,140.99
2021-11-11 22:30:00,165.3,166.1,164.8,165.2,118.501
2021-11-11 23:00:00,164.9,165.2,164.2,164.4,131.644
2021-11-11 23:30:00,164.5,168.0,164.5,166.1,205.315
2021-11-12 00:00:00,166.1,167.1,165.9,166.4,192.815
2021-11-12 00:30:00,166.4,167.7,166.1,167.2,194.044
2021-11-12 01:00:00,167.0,168.0,166.0,168.0,746.561
2021-11-12 01:30:00,167.7,167.7,164.1,164.1,429.282
2021-11-12 02:00:00,164.4,165.3,163.9,165.0,297.422
2021-11-12 02:30:00,165.3,167.1,165.0,165.7,332.768
2021-11-12 03:00:00,165.7,167.4,164.1,164.3,581.203
2021-11-12 03:30:00,164.4,165.1,163.0,164.0,718.935
2021-11-12 04:00:00,164.0,165.3,164.0,164.6,307.018
2021-11-12 04:30:00,164.9,166.6,163.8,165.4,304.182
2021-11-12 05:00:00,165.6,166.0,164.8,165.1,315.279
2021-11-12 05:30:00,165.3,165.6,164.8,165.0,407.35
2021-11-12 06:00:00,165.3,167.4,164.9,167.4,284.637
2021-11-12 06:30:00,167.5,169.7,166.9,168.7,1233.434
2021-11-12 07:00:00,168.7,169.1,167.3,167.8,448.293
2021-11-12 07:30:00,168.0,168.2,166.9,167.8,339.652
2021-11-12 08:00:00,168.1,170.6,167.5,170.0,1232.666
2021-11-12 08:30:00,169.7,170.0,168.0,168.1,477.084
2021-11-12 09:00:00,168.2,168.7,166.2,167.2,526.975
2021-11-12 09:30:00,166.9,171.0,163.1,166.3,1983.811
2021-11-12 10:00:00,166.5,167.0,161.3,163.7,1971.09
2021-11-12 10:30:00,163.6,164.5,162.3,164.0,604.825
2021-11-12 11:00:00,163.3,166.3,163.3,166.0,552.724
2021-11-12 11:30:00,165.9,166.9,165.8,166.8,220.733
2021-11-12 12:00:00,167.0,169.5,166.3,168.5,861.379
2021-11-12 12:30:00,168.2,169.5,167.8,169.0,486.29
2021-11-12 13:00:00,169.0,169.5,167.7,168.3,685.804
2021-11-12 13:30:00,168.3,168.6,166.0,166.6,330.048
2021-11-12 14:00:00,166.6,168.8,166.3,168.0,433.975
2021-11-12 14:30:00,167.7,168.7,166.0,168.0,544.232
2021-11-12 15:00:00,168.2,168.6,165.2,167.0,791.552
2021-11-12 15:30:00,167.0,167.3,165.0,165.7,739.829
2021-11-12 16:00:00,165.5,165.6,163.8,165.0,420.821
2021-11-12 16:30:00,165.0,165.3,159.9,160.3,2069.015
2021-11-12 17:00:00,160.3,162.4,159.5,160.0,1061.925
2021-11-12 17:30:00,160.1,161.7,159.8,161.5,264.413
2021-11-12 18:00:00,161.7,164.1,161.7,162.0,604.558
2021-11-12 18:30:00,162.1,163.2,161.9,162.0,246.447
2021-11-12 19:00:00,161.8,164.8,161.8,162.5,239.803
2021-11-12 19:30:00,162.6,164.3,162.1,163.8,343.52
2021-11-12 20:00:00,164.2,165.0,163.9,164.6,130.236
2021-11-12 20:30:00,164.8,166.4,164.8,166.4,230.878
2021-11-12 21:00:00,166.1,167.1,166.0,166.4,119.987
2021-11-12 21:30:00,166.5,168.3,166.4,168.1,254.296
2021-11-12 22:00:00,168.0,168.8,168.0,168.6,138.717
2021-11-12 22:30:00,168.9,169.8,167.5,167.5,473.712
2021-11-12 23:00:00,167.5,168.0,167.3,167.3,39.181
2021-11-12 23:30:00,167.3,167.8,167.1,167.2,80.649
2021-11-13 00:00:00,167.5,170.3,166.5,168.9,905.998
2021-11-13 00:30:00,168.9,169.1,168.2,168.6,108.642
2021-11-13 01:00:00,168.7,170.1,168.7,169.6,357.957
2021-11-13 01:30:00,169.8,172.0,169.7,172.0,493.403
2021-11-13 02:00:00,172.0,176.3,171.5,172.4,1159.974
2021-11-13 02:30:00,172.4,176.8,172.4,175.5,581.586
2021-11-13 03:00:00,175.6,177.5,173.3,176.7,1223.055
2021-11-13 03:30:00,176.1,176.7,173.7,173.7,917.196
2021-11-13 04:00:00,174.0,175.8,172.4,175.8,825.484
2021-11-13 04:30:00,175.9,177.6,175.5,175.9,738.668
2021-11-13 05:00:00,175.9,178.5,175.0,177.6,1396.186
2021-11-13 05:30:00,177.8,182.8,177.2,180.9,2479.559
2021-11-13 06:00:00,181.3,186.1,177.4,178.2,4650.68
2021-11-13 06:30:00,178.2,184.1,177.5,182.5,949.12
2021-11-13 07:00:00,182.8,186.6,181.1,186.0,3577.097
2021-11-13 07:30:00,185.5,186.8,183.1,185.8,927.814
2021-11-13 08:00:00,185.8,188.9,179.1,179.9,2473.626
2021-11-13 08:30:00,179.9,185.0,178.6,182.0,1695.524
2021-11-13 09:00:00,181.7,184.8,180.3,181.3,883.963
2021-11-13 09:30:00,181.0,183.7,179.6,180.4,1144.485
2021-11-13 10:00:00,180.4,184.2,180.4,181.6,682.662
2021-11-13 10:30:00,181.0,189.0,180.4,184.7,5826.281
2021-11-13 11:00:00,184.7,189.5,183.3,187.8,2465.47
2021-11-13 11:30:00,188.3,189.1,180.0,184.7,4547.878
2021-11-13 12:00:00,184.6,189.5,183.9,186.4,1581.534
2021-11-13 12:30:00,186.5,189.1,185.0,186.4,2477.337
2021-11-13 13:00:00,186.4,187.5,183.9,184.3,770.022
2021-11-13 13:30:00,184.4,189.9,184.0,185.9,1652.588
2021-11-13 14:00:00,185.9,194.9,182.5,194.1,3169.797
2021-11-13 14:30:00,194.2,197.6,189.1,197.6,6726.064
2021-11-13 15:00:00,197.7,198.0,190.8,193.3,3221.17
2021-11-13 15:30:00,193.5,194.0,190.0,192.5,1610.003
2021-11-13 16:00:00,192.8,193.6,191.2,191.9,677.531
2021-11-13 16:30:00,191.9,193.6,190.0,192.9,689.808
2021-11-13 17:00:00,192.5,195.5,190.6,194.1,1116.58
2021-11-13 17:30:00,194.1,199.0,192.4,198.0,4502.808
2021-11-13 18:00:00,198.0,198.4,192.8,195.0,1304.773
2021-11-13 18:30:00,195.0,196.3,192.6,193.4,561.345
2021-11-13 19:00:00,193.4,198.4,193.2,195.4,583.33
2021-11-13 19:30:00,195.4,198.0,194.5,197.1,862.563
2021-11-13 20:00:00,196.9,197.0,194.0,195.2,371.258
2021-11-13 20:30:00,195.2,197.9,194.1,197.7,577.101
2021-11-13 21:00:00,197.7,197.8,195.1,195.9,305.787
2021-11-13 21:30:00,195.9,197.6,192.3,192.7,994.991
2021-11-13 22:00:00,192.9,196.5,191.5,194.4,609.246
2021-11-13 22:30:00,194.4,197.8,193.0,194.5,1036.25
2021-11-13 23:00:00,194.8,195.6,193.2,193.9,279.977
2021-11-13 23:30:00,193.8,198.2,193.2,194.4,902.085
2021-11-14 00:00:00,194.3,194.8,193.2,193.5,462.525
2021-11-14 00:30:00,193.5,194.5,192.5,193.4,266.793
2021-11-14 01:00:00,193.5,193.6,186.3,187.5,2332.433
2021-11-14 01:30:00,187.5,191.2,186.2,189.3,930.296
2021-11-14 02:00:00,189.3,190.8,189.3,190.3,229.021
2021-11-14 02:30:00,190.4,192.5,190.3,191.9,695.984
2021-11-14 03:00:00,191.5,196.2,190.0,196.0,2284.619
2021-11-14 03:30:00,195.8,196.8,193.3,194.9,2994.826
2021-11-14 04:00:00,194.9,196.9,193.7,195.8,1216.885
2021-11-14 04:30:00,195.8,196.0,193.7,195.7,292.937
2021-11-14 05:00:00,195.5,197.0,194.7,197.0,570.198
2021-11-14 05:30:00,197.0,201.0,196.3,197.6,2144.235
2021-11-14 06:00:00,197.8,201.5,197.0,200.1,1056.232
2021-11-14 06:30:00,200.0,205.0,197.1,204.7,3263.278
2021-11-14 07:00:00,204.3,220.0,203.3,216.0,7634.915
2021-11-14 07:30:00,216.0,219.6,211.8,211.8,3782.399
2021-11-14 08:00:00,211.8,217.9,209.5,210.0,2597.67
2021-11-14 08:30:00,209.8,227.0,209.1,219.4,8473.661
2021-11-14 09:00:00,219.1,222.0,206.4,214.2,7476.753
2021-11-14 09:30:00,214.2,215.8,213.0,215.4,1531.149
2021-11-14 10:00:00,215.4,217.3,211.3,214.3,1990.295
2021-11-14 10:30:00,214.0,216.4,208.0,209.3,3981.18
2021-11-14 11:00:00,209.7,212.0,209.0,210.1,1486.026
2021-11-14 11:30:00,210.2,216.5,210.1,216.5,2023.961
2021-11-14 12:00:00,216.4,216.8,209.0,209.8,3259.761
2021-11-14 12:30:00,210.0,211.0,204.5,205.8,1441.711
2021-11-14 13:00:00,205.7,208.6,205.0,207.8,998.29
2021-11-14 13:30:00,208.3,208.3,205.0,205.4,1043.825
2021-11-14 14:00:00,205.6,206.7,203.8,204.2,1245.85
2021-11-14 14:30:00,204.2,209.4,201.9,204.1,1868.461
2021-11-14 15:00:00,204.1,204.5,198.0,201.7,2914.99
2021-11-14 15:30:00,202.2,203.2,196.3,200.0,2036.936
2021-11-14 16:00:00,200.0,200.0,194.9,198.1,1625.628
2021-11-14 16:30:00,198.0,200.0,197.0,198.2,772.047
2021-11-14 17:00:00,197.9,198.2,193.7,194.1,718.311
2021-11-14 17:30:00,194.4,197.2,192.5,195.7,1088.9
2021-11-14 18:00:00,195.8,206.7,195.0,196.7,2892.424
2021-11-14 18:30:00,196.3,202.3,196.1,199.6,903.07
2021-11-14 19:00:00,200.0,201.4,196.2,199.0,461.156
2021-11-14 19:30:00,199.0,199.0,195.8,197.0,414.306
2021-11-14 20:00:00,197.9,199.0,196.1,198.1,264.084
2021-11-14 20:30:00,198.2,198.5,195.1,195.5,247.526
2021-11-14 21:00:00,195.5,198.7,195.5,198.1,296.451
2021-11-14 21:30:00,198.1,201.6,197.0,197.5,374.181
2021-11-14 22:00:00,197.5,198.8,197.2,198.6,180.431
2021-11-14 22:30:00,198.6,200.8,198.6,200.5,242.675
2021-11-14 23:00:00,200.6,200.8,198.1,199.4,214.606
2021-11-14 23:30:00,199.3,200.1,199.0,200.0,378.584
2021-11-15 00:00:00,199.6,206.7,199.5,202.0,2655.062
2021-11-15 00:30:00,202.1,204.8,202.0,203.9,880.614
2021-11-15 01:00:00,203.9,204.3,201.0,201.3,642.762
2021-11-15 01:30:00,201.6,209.8,201.2,202.4,2124.816
2021-11-15 02:00:00,202.4,205.5,202.1,204.9,738.343
2021-11-15 02:30:00,204.5,211.6,204.2,210.7,1981.249
2021-11-15 03:00:00,210.4,212.5,207.0,210.0,1396.044
2021-11-15 03:30:00,209.9,212.4,208.3,210.1,1418.582
2021-11-15 04:00:00,210.2,210.7,208.0,208.0,255.028
2021-11-15 04:30:00,208.0,208.5,199.0,200.2,5424.605
2021-11-15 05:00:00,200.2,201.7,197.4,199.5,1424.324
2021-11-15 05:30:00,199.4,201.3,198.8,200.3,955.052
2021-11-15 06:00:00,200.5,204.2,200.2,202.2,1067.563
2021-11-15 06:30:00,201.8,202.5,200.7,201.9,215.698
2021-11-15 07:00:00,201.8,202.5,200.7,202.0,603.466
2021-11-15 07:30:00,202.0,202.3,200.6,202.2,526.312
2021-11-15 08:00:00,202.2,202.2,200.3,201.7,394.282
2021-11-15 08:30:00,201.7,202.6,200.9,202.3,389.108
2021-11-15 09:00:00,202.6,203.9,201.0,202.1,1336.735
2021-11-15 09:30:00,202.0,203.5,201.5,201.6,664.986
2021-11-15 10:00:00,202.1,202.3,197.7,198.5,1250.849
2021-11-15 10:30:00,198.0,198.6,196.0,196.5,1009.241
2021-11-15 11:00:00,196.5,197.5,194.6,197.3,431.501
2021-11-15 11:30:00,197.0,197.4,194.6,194.9,504.397
2021-11-15 12:00:00,194.9,196.6,194.0,194.6,636.131
2021-11-15 12:30:00,194.8,194.8,189.7,193.9,2271.725
2021-11-15 13:00:00,193.9,196.1,193.0,193.0,1009.15
2021-11-15 13:30:00,193.1,194.3,188.4,189.3,1860.732
2021-11-15 14:00:00,189.4,190.8,184.3,185.1,3237.914
2021-11-15 14:30:00,185.1,187.2,182.9,186.5,2610.27
2021-11-15 15:00:00,186.5,187.1,185.0,186.2,693.007
2021-11-15 15:30:00,186.3,186.3,180.5,181.0,5371.387
2021-11-15 16:00:00,180.9,181.3,180.2,181.0,807.046
2021-11-15 16:30:00,181.0,181.9,180.0,181.6,1284.879
2021-11-15 17:00:00,181.6,183.0,181.1,182.1,826.585
2021-11-15 17:30:00,182.2,182.7,181.6,182.0,265.991
2021-11-15 18:00:00,182.0,182.1,180.3,181.2,189.968
2021-11-15 18:30:00,181.2,182.1,179.3,180.0,665.166
2021-11-15 19:00:00,180.0,180.3,177.6,178.7,845.982
2021-11-15 19:30:00,179.1,180.0,178.8,180.0,121.745
2021-11-15 20:00:00,179.6,179.6,177.5,178.1,257.236
2021-11-15 20:30:00,178.4,179.5,178.4,178.9,137.011
2021-11-15 21:00:00,178.8,180.0,177.8,180.0,352.95
2021-11-15 21:30:00,179.8,181.0,179.2,180.4,196.292
2021-11-15 22:00:00,180.1,180.3,177.5,178.6,178.79
2021-11-15 22:30:00,178.8,183.1,178.7,181.3,654.928
2021-11-15 23:00:00,181.3,184.3,180.0,183.2,443.543
2021-11-15 23:30:00,183.2,186.2,182.1,184.2,502.669
2021-11-16 00:00:00,184.2,185.0,182.5,184.1,386.561
2021-11-16 00:30:00,184.7,185.2,184.0,185.0,572.154
2021-11-16 01:00:00,185.2,185.9,180.1,180.8,1540.198
2021-11-16 01:30:00,180.7,182.8,180.2,182.3,804.374
2021-11-16 02:00:00,182.2,182.6,181.1,181.3,255.356
2021-11-16 02:30:00,181.3,181.3,175.7,176.4,2582.144
2021-11-16 03:00:00,175.9,176.5,171.2,171.6,2402.036
2021-11-16 03:30:00,171.8,180.0,170.0,172.3,3053.362
2021-11-16 04:00:00,172.2,176.1,171.4,173.2,1980.463
2021-11-16 04:30:00,173.3,180.2,173.0,180.0,4155.127
2021-11-16 05:00:00,180.0,186.0,180.0,185.2,4288.138
2021-11-16 05:30:00,185.6,186.5,183.8,185.0,819.688
2021-11-16 06:00:00,185.2,185.5,180.4,181.5,1051.34
2021-11-16 06:30:00,181.5,184.8,181.4,182.7,1101.666
2021-11-16 07:00:00,182.6,183.6,181.9,183.0,460.113
2021-11-16 07:30:00,183.0,183.7,181.3,182.2,934.259
2021-11-16 08:00:00,182.2,183.3,181.2,181.9,309.573
2021-11-16 08:30:00,181.9,185.0,181.7,184.6,634.227
2021-11-16 09:00:00,184.6,186.7,182.8,183.9,1137.845
2021-11-16 09:30:00,183.5,185.3,181.4,182.0,823.335
2021-11-16 10:00:00,182.6,183.1,168.4,170.4,4247.966
2021-11-16 10:30:00,170.6,176.4,169.5,175.3,1427.706
2021-11-16 11:00:00,176.0,177.2,174.8,177.1,420.616
2021-11-16 11:30:00,177.2,181.3,175.0,178.1,1699.58
2021-11-16 12:00:00,178.0,181.1,178.0,180.0,696.201
2021-11-16 12:30:00,179.9,181.1,178.0,178.0,641.624
2021-11-16 13:00:00,178.0,182.9,178.0,181.2,836.212
2021-11-16 13:30:00,181.6,182.0,179.3,179.7,784.622
2021-11-16 14:00:00,179.7,182.0,179.3,181.1,574.424
2021-11-16 14:30:00,181.3,182.0,179.6,180.3,961.646
2021-11-16 15:00:00,180.1,182.0,180.1,181.3,236.919
2021-11-16 15:30:00,181.9,184.0,178.8,183.4,1440.792
2021-11-16 16:00:00,183.4,183.9,179.2,181.8,1747.242
2021-11-16 16:30:00,181.2,182.2,179.0,179.7,972.613
2021-11-16 17:00:00,179.7,181.0,179.3,180.3,292.217
2021-11-16 17:30:00,180.2,181.6,179.0,180.8,350.234
2021-11-16 18:00:00,180.8,182.6,180.0,182.1,503.565
2021-11-16 18:30:00,182.6,182.9,180.3,181.7,471.011
2021-11-16 19:00:00,181.9,182.1,180.9,181.5,161.826
2021-11-16 19:30:00,182.0,182.5,181.3,181.8,190.213
2021-11-16 20:00:00,182.1,182.6,179.4,181.9,456.929
2021-11-16 20:30:00,181.9,182.4,176.7,179.4,1505.843
2021-11-16 21:00:00,179.3,181.7,178.4,179.7,243.317
2021-11-16 21:30:00,179.7,180.6,179.0,179.4,172.819
2021-11-16 22:00:00,179.4,179.4,177.4,178.6,269.684
2021-11-16 22:30:00,178.9,182.0,176.3,177.7,1041.972
2021-11-16 23:00:00,177.7,180.8,176.3,177.1,637.202
2021-11-16 23:30:00,177.1,178.9,176.5,178.5,185.785
2021-11-17 00:00:00,178.4,179.0,176.2,177.7,376.13
2021-11-17 00:30:00,177.3,177.9,175.1,176.1,547.542
2021-11-17 01:00:00,176.1,176.6,175.0,176.6,182.596
2021-11-17 01:30:00,176.6,176.6,175.0,175.4,331.118
2021-11-17 02:00:00,175.2,175.7,174.7,175.1,461.729
2021-11-17 02:30:00,175.1,177.0,174.5,176.5,950.624
2021-11-17 03:00:00,176.5,176.6,173.9,174.7,780.539
2021-11-17 03:30:00,174.7,177.1,174.0,176.2,508.839
2021-11-17 04:00:00,176.2,176.9,174.0,174.1,454.028
2021-11-17 04:30:00,174.1,177.5,173.9,174.8,1109.337
2021-11-17 05:00:00,175.1,177.6,174.4,176.4,246.619
2021-11-17 05:30:00,176.4,177.7,176.0,176.0,373.2
2021-11-17 06:00:00,176.1,181.8,175.1,178.6,1806.406
2021-11-17 06:30:00,178.5,179.4,175.7,179.0,901.12
2021-11-17 07:00:00,179.1,179.9,175.3,177.2,1608.431
2021-11-17 07:30:00,177.5,179.4,177.4,179.1,519.647
2021-11-17 08:00:00,179.1,183.3,179.0,180.0,2017.448
2021-11-17 08:30:00,180.1,182.8,180.1,182.0,665.233
2021-11-17 09:00:00,182.0,183.7,180.9,182.7,848.799
2021-11-17 09:30:00,183.0,184.5,182.1,183.3,607.676
2021-11-17 10:00:00,183.8,187.7,183.1,187.0,2046.792
2021-11-17 10:30:00,187.0,192.2,185.0,187.1,2834.133
2021-11-17 11:00:00,187.1,193.2,186.7,190.5,3794.288
2021-11-17 11:30:00,190.9,191.9,189.7,191.3,496.349
2021-11-17 12:00:00,191.3,195.0,189.5,193.9,2688.035
2021-11-17 12:30:00,193.7,193.9,189.5,191.0,1216.617
2021-11-17 13:00:00,191.0,191.4,187.0,187.2,846.657
2021-11-17 13:30:00,187.2,189.3,184.5,188.7,1492.438
2021-11-17 14:00:00,188.0,189.4,187.8,188.7,771.838
2021-11-17 14:30:00,188.0,190.6,187.2,188.1,895.843
2021-11-17 15:00:00,188.1,189.3,186.6,188.0,628.383
2021-11-17 15:30:00,187.5,191.0,186.9,187.6,1316.5
2021-11-17 16:00:00,187.4,190.0,186.9,187.0,646.824
2021-11-17 16:30:00,187.0,191.4,187.0,187.1,968.852
2021-11-17 17:00:00,187.1,193.0,187.0,187.9,948.017
2021-11-17 17:30:00,188.0,190.5,187.9,189.4,291.378
2021-11-17 18:00:00,189.5,190.8,187.8,190.5,377.346
2021-11-17 18:30:00,190.5,190.5,188.9,190.4,145.81
2021-11-17 19:00:00,190.1,192.6,189.5,192.3,426.427
2021-11-17 19:30:00,191.4,193.0,190.0,191.0,245.601
2021-11-17 20:00:00,190.2,190.8,189.6,189.7,145.39
2021-11-17 20:30:00,189.7,190.7,189.2,190.4,127.056
2021-11-17 21:00:00,190.2,190.8,187.6,189.8,400.827
2021-11-17 21:30:00,190.1,190.2,188.9,189.4,37.768
2021-11-17 22:00:00,189.5,191.0,189.4,190.1,48.459
2021-11-17 22:30:00,190.1,190.6,189.2,190.1,52.454
2021-11-17 23:00:00,190.0,190.1,187.2,189.6,612.712
2021-11-17 23:30:00,189.2,190.4,188.5,190.2,185.245
2021-11-18 00:00:00,189.9,192.6,189.8,191.5,647.212
2021-11-18 00:30:00,191.5,195.8,191.5,194.7,1315.109
2021-11-18 01:00:00,194.9,197.8,194.1,196.0,1010.613
2021-11-18 01:30:00,196.0,205.0,196.0,203.2,2482.172
2021-11-18 02:00:00,202.8,202.9,199.6,200.3,1755.292
2021-11-18 02:30:00,200.2,202.0,198.6,199.7,819.628
2021-11-18 03:00:00,199.7,199.7,197.0,197.0,679.619
2021-11-18 03:30:00,197.3,197.9,196.0,196.6,468.731
2021-11-18 04:00:00,196.3,196.3,194.0,194.0,462.122
2021-11-18 04:30:00,194.0,195.3,192.0,193.5,558.208
2021-11-18 05:00:00,193.2,193.6,190.1,192.0,688.753
2021-11-18 05:30:00,192.0,192.0,188.9,189.8,857.044
2021-11-18 06:00:00,190.0,191.1,187.5,188.0,853.056
2021-11-18 06:30:00,188.5,191.0,187.7,190.9,250.603
2021-11-18 07:00:00,191.0,192.1,189.5,192.0,571.763
2021-11-18 07:30:00,192.0,194.9,191.9,193.7,1027.0
2021-11-18 08:00:00,193.8,200.6,193.6,195.4,2713.605
2021-11-18 08:30:00,195.3,196.6,193.7,195.8,968.896
2021-11-18 09:00:00,195.9,199.9,194.6,198.3,1148.73
2021-11-18 09:30:00,198.1,198.7,197.0,197.4,843.712
2021-11-18 10:00:00,197.8,197.9,193.0,196.3,1003.531
2021-11-18 10:30:00,196.2,196.4,192.8,194.2,674.94
2021-11-18 11:00:00,194.1,196.8,193.6,195.9,1167.809
2021-11-18 11:30:00,194.9,197.1,193.5,194.7,692.135
2021-11-18 12:00:00,194.6,195.5,193.0,193.7,438.357
2021-11-18 12:30:00,193.7,194.2,188.8,189.9,1134.894
2021-11-18 13:00:00,189.8,189.9,187.3,189.5,1198.003
2021-11-18 13:30:00,188.5,191.0,187.6,189.1,1350.386
2021-11-18 14:00:00,189.2,190.2,188.8,189.4,469.963
2021-11-18 14:30:00,189.4,192.8,185.2,186.7,1654.953
2021-11-18 15:00:00,186.3,187.4,179.6,182.1,1299.23
2021-11-18 15:30:00,182.2,185.0,175.0,177.5,3195.111
2021-11-18 16:00:00,177.6,179.1,174.9,175.8,2385.921
2021-11-18 16:30:00,175.4,178.4,174.3,177.2,720.624
2021-11-18 17:00:00,177.7,179.5,174.0,177.0,2087.216
2021-11-18 17:30:00,177.0,178.3,173.4,174.1,1525.881
2021-11-18 18:00:00,174.1,174.8,173.1,174.4,562.669
2021-11-18 18:30:00,174.4,176.7,174.3,175.8,290.396
2021-11-18 19:00:00,175.8,176.5,175.1,175.5,317.138
2021-11-18 19:30:00,175.5,176.9,174.9,176.6,247.686
2021-11-18 20:00:00,176.3,179.3,176.2,178.3,494.385
2021-11-18 20:30:00,178.4,179.8,177.2,179.1,118.919
2021-11-18 21:00:00,179.0,179.7,178.0,179.1,166.736
2021-11-18 21:30:00,179.1,179.9,176.5,178.5,511.082
2021-11-18 22:00:00,178.4,179.7,174.9,177.5,724.515
2021-11-18 22:30:00,177.5,178.3,174.4,174.8,257.188
2021-11-18 23:00:00,174.7,175.6,170.9,172.6,1157.449
2021-11-18 23:30:00,172.1,172.9,170.3,170.8,579.894
2021-11-19 00:00:00,170.8,171.8,170.2,171.2,457.879
2021-11-19 00:30:00,171.2,174.0,171.2,173.0,921.121
2021-11-19 01:00:00,173.3,173.9,172.3,172.5,622.36
2021-11-19 01:30:00,172.6,176.4,172.6,174.6,689.417
2021-11-19 02:00:00,174.6,176.2,174.1,176.0,322.256
2021-11-19 02:30:00,175.3,176.1,169.2,169.8,2286.152
2021-11-19 03:00:00,169.8,170.0,168.9,169.8,1516.249
2021-11-19 03:30:00,169.8,172.2,169.8,172.0,569.288
2021-11-19 04:00:00,172.1,174.6,172.0,174.5,660.335
2021-11-19 04:30:00,174.3,177.1,174.0,176.8,556.692
2021-11-19 05:00:00,177.0,181.7,176.8,178.2,1234.13
2021-11-19 05:30:00,178.4,180.1,178.0,179.8,310.785
2021-11-19 06:00:00,180.1,182.8,179.4,182.1,818.755
2021-11-19 06:30:00,182.4,183.3,179.9,180.7,1101.271
2021-11-19 07:00:00,180.1,181.4,179.0,179.6,579.47
2021-11-19 07:30:00,179.4,180.0,179.0,179.9,247.447
2021-11-19 08:00:00,179.9,183.0,179.9,182.5,674.215
2021-11-19 08:30:00,182.3,183.5,180.5,180.9,764.535
2021-11-19 09:00:00,181.2,182.8,180.0,182.3,419.89
2021-11-19 09:30:00,182.7,185.0,182.0,184.6,573.421
2021-11-19 10:00:00,184.5,184.6,182.9,183.6,317.273
2021-11-19 10:30:00,183.4,184.6,182.8,184.2,803.595
2021-11-19 11:00:00,184.2,184.6,183.5,184.3,547.537
2021-11-19 11:30:00,184.3,184.5,183.4,184.4,233.847
2021-11-19 12:00:00,183.8,184.5,180.4,181.5,1209.266
2021-11-19 12:30:00,181.7,181.7,177.0,177.5,1078.09
2021-11-19 13:00:00,177.4,180.2,177.0,179.1,768.175
2021-11-19 13:30:00,180.0,180.6,179.0,180.1,585.754
2021-11-19 14:00:00,180.0,180.2,179.0,180.0,393.566
2021-11-19 14:30:00,180.0,181.2,178.6,180.9,880.455
2021-11-19 15:00:00,180.2,181.0,178.1,178.1,283.065
2021-11-19 15:30:00,179.2,181.7,178.3,180.4,551.562
2021-11-19 16:00:00,181.1,182.6,180.1,182.5,761.346
2021-11-19 16:30:00,181.6,182.7,180.6,181.8,641.283
2021-11-19 17:00:00,182.0,183.5,179.9,182.4,866.411
2021-11-19 17:30:00,182.8,183.2,182.0,182.6,219.307
2021-11-19 18:00:00,182.8,184.4,182.1,182.8,204.917
2021-11-19 18:30:00,182.5,182.5,181.8,182.2,146.301
2021-11-19 19:00:00,182.4,182.7,181.2,181.3,75.421
2021-11-19 19:30:00,181.4,182.0,179.5,179.8,342.786
2021-11-19 20:00:00,180.0,180.7,178.7,179.5,257.287
2021-11-19 20:30:00,179.3,181.8,178.5,180.8,282.764
2021-11-19 21:00:00,180.9,182.0,180.5,181.1,182.249
2021-11-19 21:30:00,181.1,181.7,180.3,180.3,60.194
2021-11-19 22:00:00,180.9,181.5,179.5,180.9,174.405
2021-11-19 22:30:00,180.9,181.0,179.9,180.9,111.066
2021-11-19 23:00:00,180.7,181.4,180.7,180.8,53.173
2021-11-19 23:30:00,180.8,181.3,180.2,181.1,58.29
2021-11-20 00:00:00,181.1,181.1,179.1,180.2,195.767
2021-11-20 00:30:00,179.5,180.4,178.5,179.6,176.341
2021-11-20 01:00:00,179.6,180.0,178.3,179.2,128.707
2021-11-20 01:30:00,179.2,180.6,179.0,180.3,187.793
2021-11-20 02:00:00,180.0,180.7,179.3,180.7,279.867
2021-11-20 02:30:00,180.4,181.1,179.3,179.8,375.89
2021-11-20 03:00:00,179.3,180.0,179.0,179.6,468.434
2021-11-20 03:30:00,179.6,180.0,178.8,178.9,577.23
2021-11-20 04:00:00,178.9,179.9,178.8,179.7,116.73
2021-11-20 04:30:00,179.6,180.3,179.0,179.8,188.895
2021-11-20 05:00:00,179.8,180.3,178.7,179.6,273.621
2021-11-20 05:30:00,179.5,180.9,179.0,180.6,785.561
2021-11-20 06:00:00,180.7,182.2,180.0,181.4,694.887
2021-11-20 06:30:00,181.8,182.6,179.1,181.0,730.922
2021-11-20 07:00:00,181.2,182.6,180.5,181.0,548.286
2021-11-20 07:30:00,181.1,183.0,181.0,182.7,291.054
2021-11-20 08:00:00,182.9,184.0,182.6,184.0,291.343
2021-11-20 08:30:00,183.9,185.0,182.1,184.8,1096.125
2021-11-20 09:00:00,184.3,185.3,183.5,185.0,328.705
2021-11-20 09:30:00,185.0,188.0,185.0,187.3,854.204
2021-11-20 10:00:00,187.3,188.5,186.3,188.1,645.739
2021-11-20 10:30:00,188.1,192.2,188.0,191.4,1064.305
2021-11-20 11:00:00,191.4,192.5,191.0,191.8,836.683
2021-11-20 11:30:00,192.0,195.0,190.4,191.8,1327.109
2021-11-20 12:00:00,192.0,192.3,190.7,190.7,694.671
2021-11-20 12:30:00,190.6,191.1,187.4,187.4,1631.578
2021-11-20 13:00:00,187.7,188.1,185.4,187.0,602.199
2021-11-20 13:30:00,186.9,190.0,186.2,186.9,1087.301
2021-11-20 14:00:00,186.9,187.0,185.2,185.9,756.996
2021-11-20 14:30:00,185.7,188.8,185.7,186.7,885.272
2021-11-20 15:00:00,186.7,187.6,182.8,184.8,869.257
2021-11-20 15:30:00,184.8,189.4,180.2,180.7,2873.448
2021-11-20 16:00:00,180.7,183.0,180.3,181.7,698.499
2021-11-20 16:30:00,182.0,186.0,181.8,184.0,1102.588
2021-11-20 17:00:00,184.0,184.5,183.0,183.0,696.148
2021-11-20 17:30:00,183.0,186.9,183.0,185.5,1009.068
2021-11-20 18:00:00,184.7,186.1,183.0,185.2,548.082
2021-11-20 18:30:00,185.6,186.0,184.1,185.1,158.652
2021-11-20 19:00:00,185.1,187.8,185.0,187.2,696.143
2021-11-20 19:30:00,187.8,190.0,186.1,188.1,681.548
2021-11-20 20:00:00,188.1,189.4,186.7,189.3,266.213
2021-11-20 20:30:00,189.3,190.1,187.5,190.0,459.773
2021-11-20 21:00:00,189.9,191.2,187.6,188.4,273.002
2021-11-20 21:30:00,188.4,189.8,188.2,189.1,94.577
2021-11-20 22:00:00,188.8,189.6,188.7,189.6,70.575
2021-11-20 22:30:00,189.6,192.5,189.1,192.4,478.608
2021-11-20 23:00:00,191.7,192.1,190.1,190.6,210.243
2021-11-20 23:30:00,190.6,190.8,188.2,188.7,184.26
2021-11-21 00:00:00,188.7,189.6,187.0,187.1,203.595
2021-11-21 00:30:00,187.1,188.0,187.0,187.8,219.986
2021-11-21 01:00:00,187.3,188.2,185.4,185.4,527.885
2021-11-21 01:30:00,186.0,190.8,185.1,187.3,2019.059
2021-11-21 02:00:00,187.1,187.3,184.1,184.5,1610.541
2021-11-21 02:30:00,184.5,188.0,182.8,187.0,1681.329
2021-11-21 03:00:00,187.0,187.1,183.7,183.8,1053.926
2021-11-21 03:30:00,183.8,185.2,183.8,184.8,242.562
2021-11-21 04:00:00,184.8,188.8,183.7,187.9,1866.77
2021-11-21 04:30:00,187.9,191.3,187.3,191.0,1536.208
2021-11-21 05:00:00,190.6,193.3,188.2,190.6,1454.379
2021-11-21 05:30:00,190.6,191.4,188.0,189.2,1288.833
2021-11-21 06:00:00,189.2,192.0,187.0,188.9,1345.387
2021-11-21 06:30:00,189.3,189.3,185.6,188.8,1982.461
2021-11-21 07:00:00,188.8,190.9,187.4,188.8,705.463
2021-11-21 07:30:00,188.8,189.9,185.3,187.9,882.87
2021-11-21 08:00:00,187.9,189.4,187.1,187.9,760.577
2021-11-21 08:30:00,187.9,190.9,187.9,190.9,1175.884
2021-11-21 09:00:00,190.8,191.0,189.6,190.3,302.571
2021-11-21 09:30:00,190.3,193.5,190.0,193.2,952.85
2021-11-21 10:00:00,193.2,193.3,190.5,191.0,551.216
2021-11-21 10:30:00,191.3,191.9,189.8,191.2,687.999
2021-11-21 11:00:00,190.4,192.4,190.0,191.4,1008.742
2021-11-21 11:30:00,191.4,191.6,189.4,190.7,652.664
2021-11-21 12:00:00,190.7,192.3,188.8,189.4,928.852
2021-11-21 12:30:00,189.5,191.8,189.0,190.1,577.918
2021-11-21 13:00:00,190.1,190.7,188.5,189.9,449.417
2021-11-21 13:30:00,189.9,189.9,188.6,189.2,341.87
2021-11-21 14:00:00,189.2,189.2,186.0,187.9,821.528
2021-11-21 14:30:00,187.9,188.8,186.6,187.3,630.536
2021-11-21 15:00:00,187.3,187.5,182.0,186.2,1802.72
2021-11-21 15:30:00,185.9,187.4,185.5,186.6,586.843
2021-11-21 16:00:00,186.6,187.0,183.2,184.6,710.826
2021-11-21 16:30:00,184.6,186.3,182.9,183.0,693.398
2021-11-21 17:00:00,184.0,186.9,183.0,186.1,444.357
2021-11-21 17:30:00,186.1,186.4,185.1,185.2,155.38
2021-11-21 18:00:00,185.5,186.5,185.2,186.3,311.444
2021-11-21 18:30:00,185.8,187.0,185.4,185.5,422.624
2021-11-21 19:00:00,185.3,186.2,185.0,185.6,37.392
2021-11-21 19:30:00,185.7,189.3,185.0,185.0,333.043
2021-11-21 20:00:00,185.5,185.8,184.5,184.9,38.516
2021-11-21 20:30:00,184.7,185.0,181.4,181.9,501.434
2021-11-21 21:00:00,181.9,182.0,180.2,181.4,225.178
2021-11-21 21:30:00,181.3,181.6,180.6,181.5,102.753
2021-11-21 22:00:00,181.4,181.5,180.1,180.1,97.644
2021-11-21 22:30:00,180.2,180.4,179.6,180.2,386.941
2021-11-21 23:00:00,180.0,181.3,179.7,180.1,377.122
2021-11-21 23:30:00,180.0,180.9,179.7,180.7,187.11
2021-11-22 00:00:00,180.4,180.9,179.4,180.5,309.221
2021-11-22 00:30:00,180.4,180.6,179.0,180.0,358.179
2021-11-22 01:00:00,179.4,180.7,177.4,178.5,1002.201
2021-11-22 01:30:00,178.4,179.8,178.4,179.0,243.234
2021-11-22 02:00:00,179.0,180.4,178.7,179.2,244.991
2021-11-22 02:30:00,179.2,180.5,178.9,180.1,299.02
2021-11-22 03:00:00,180.1,182.2,180.0,182.0,634.494
2021-11-22 03:30:00,181.7,182.2,180.0,180.0,328.769
2021-11-22 04:00:00,180.3,181.3,178.7,179.4,267.786
2021-11-22 04:30:00,179.4,180.3,169.1,176.7,3282.855
2021-11-22 05:00:00,176.6,178.6,174.4,175.8,1284.806
2021-11-22 05:30:00,175.4,175.8,172.8,175.3,1746.398
2021-11-22 06:00:00,174.9,175.8,174.3,175.3,474.525
2021-11-22 06:30:00,175.3,178.8,175.3,178.4,579.904
2021-11-22 07:00:00,178.4,179.1,175.4,179.1,496.949
2021-11-22 07:30:00,179.1,180.1,178.3,180.1,458.919
2021-11-22 08:00:00,180.1,180.3,178.0,179.0,380.491
2021-11-22 08:30:00,179.0,179.9,178.5,179.1,226.653
2021-11-22 09:00:00,179.3,182.1,179.0,182.0,145.118
2021-11-22 09:30:00,182.1,184.3,181.0,183.6,572.278
2021-11-22 10:00:00,182.6,183.9,181.0,183.1,488.374
2021-11-22 10:30:00,182.6,184.5,182.6,183.8,349.306
2021-11-22 11:00:00,183.5,185.4,181.6,184.4,900.926
2021-11-22 11:30:00,184.6,187.6,183.3,185.2,367.581
2021-11-22 12:00:00,186.3,186.5,176.0,182.4,2536.859
2021-11-22 12:30:00,182.4,183.6,181.7,181.7,317.018
2021-11-22 13:00:00,182.1,185.7,179.9,180.7,1317.079
2021-11-22 13:30:00,180.8,183.6,180.6,181.6,428.974
2021-11-22 14:00:00,182.3,184.2,181.2,181.9,329.041
2021-11-22 14:30:00,181.4,183.3,181.2,182.8,224.132
2021-11-22 15:00:00,182.8,183.5,180.3,181.6,701.233
2021-11-22 15:30:00,181.1,182.5,180.8,182.4,178.581
2021-11-22 16:00:00,182.4,183.1,182.0,183.1,184.287
2021-11-22 16:30:00,183.1,184.2,182.0,183.7,359.986
2021-11-22 17:00:00,183.7,184.2,182.5,183.5,271.526
2021-11-22 17:30:00,183.5,183.9,182.9,183.5,41.191
2021-11-22 18:00:00,183.5,183.9,182.9,183.4,48.858
2021-11-22 18:30:00,183.4,184.0,182.2,182.2,162.337
2021-11-22 19:00:00,182.1,183.1,181.1,182.0,215.05
2021-11-22 19:30:00,182.0,182.7,181.0,181.1,122.21
2021-11-22 20:00:00,181.1,181.5,180.2,181.5,246.455
2021-11-22 20:30:00,181.4,181.4,180.1,180.2,40.655
2021-11-22 21:00:00,180.2,181.3,180.1,181.1,163.126
2021-11-22 21:30:00,180.9,181.8,180.2,181.8,73.568
2021-11-22 22:00:00,181.7,182.4,180.4,182.4,203.242
2021-11-22 22:30:00,182.4,184.9,181.8,184.3,856.614
2021-11-22 23:00:00,184.3,184.5,181.0,181.6,456.306
2021-11-22 23:30:00,181.6,182.7,180.9,181.6,103.572
2021-11-23 00:00:00,181.6,183.6,181.6,183.6,58.408
2021-11-23 00:30:00,183.6,185.0,182.8,184.7,504.051
2021-11-23 01:00:00,184.7,186.0,183.1,185.6,675.974
2021-11-23 01:30:00,185.6,187.0,184.6,186.4,870.894
2021-11-23 02:00:00,186.4,186.7,184.4,184.9,248.5
2021-11-23 02:30:00,184.9,184.9,183.5,183.7,272.403
2021-11-23 03:00:00,183.8,188.0,183.8,186.9,426.578
2021-11-23 03:30:00,186.9,188.0,186.3,187.0,274.235
2021-11-23 04:00:00,188.0,189.7,187.0,189.1,900.02
2021-11-23 04:30:00,189.1,190.0,187.9,190.0,687.494
2021-11-23 05:00:00,190.0,190.0,187.2,187.8,594.682
2021-11-23 05:30:00,187.5,189.0,187.0,188.9,358.706
2021-11-23 06:00:00,188.9,189.9,187.1,189.0,558.984
2021-11-23 06:30:00,188.8,190.9,188.1,189.5,1075.774
2021-11-23 07:00:00,189.5,189.9,187.8,189.6,922.707
2021-11-23 07:30:00,189.8,192.4,188.8,192.3,1251.559
2021-11-23 08:00:00,192.4,195.6,190.4,190.9,2657.132
2021-11-23 08:30:00,190.9,196.8,190.5,196.0,3375.985
2021-11-23 09:00:00,195.8,200.7,195.4,197.8,7189.915
2021-11-23 09:30:00,198.5,200.7,194.9,199.2,1920.844
2021-11-23 10:00:00,199.2,201.9,198.4,200.7,2486.076
2021-11-23 10:30:00,200.4,200.9,197.2,198.7,813.916
2021-11-23 11:00:00,198.7,199.1,197.5,198.5,385.456
2021-11-23 11:30:00,198.5,200.5,197.2,199.4,1710.051
2021-11-23 12:00:00,199.6,199.9,195.5,199.2,1010.709
2021-11-23 12:30:00,199.1,199.2,196.1,196.3,686.406
2021-11-23 13:00:00,196.4,198.4,195.0,195.8,953.419
2021-11-23 13:30:00,195.7,196.6,193.0,195.7,1301.916
2021-11-23 14:00:00,196.1,196.9,194.3,196.4,658.644
2021-11-23 14:30:00,196.4,198.7,195.6,197.4,1323.826
2021-11-23 15:00:00,197.5,198.7,196.0,198.0,904.381
2021-11-23 15:30:00,198.0,198.0,195.5,195.5,562.332
2021-11-23 16:00:00,195.4,195.6,193.3,195.6,500.585
2021-11-23 16:30:00,195.6,196.6,194.9,195.6,247.347
2021-11-23 17:00:00,195.6,195.7,193.4,193.6,565.679
2021-11-23 17:30:00,193.5,194.4,193.4,193.8,178.174
2021-11-23 18:00:00,193.8,193.8,192.8,193.3,146.982
2021-11-23 18:30:00,193.2,193.8,192.3,193.4,259.827
2021-11-23 19:00:00,193.4,193.9,190.0,191.5,541.918
2021-11-23 19:30:00,191.4,193.9,191.4,193.9,267.451
2021-11-23 20:00:00,193.9,193.9,192.7,193.9,309.372
2021-11-23 20:30:00,193.9,193.9,192.6,193.9,215.122
2021-11-23 21:00:00,193.9,193.9,193.0,193.7,180.195
2021-11-23 21:30:00,193.8,194.3,193.0,193.7,256.771
2021-11-23 22:00:00,193.7,196.9,193.1,193.8,505.993
2021-11-23 22:30:00,194.0,194.0,192.7,192.8,240.324
2021-11-23 23:00:00,192.7,193.2,192.7,192.7,115.433
2021-11-23 23:30:00,192.9,193.2,190.5,190.7,493.546
2021-11-24 00:00:00,190.7,191.6,189.8,189.9,669.99
2021-11-24 00:30:00,190.2,193.4,190.0,190.4,478.211
2021-11-24 01:00:00,190.4,190.7,188.4,189.3,478.894
2021-11-24 01:30:00,189.3,193.6,188.4,191.4,747.66
2021-11-24 02:00:00,191.3,195.0,190.5,192.3,1062.808
2021-11-24 02:30:00,192.0,194.4,192.0,192.1,319.218
2021-11-24 03:00:00,192.4,193.0,191.8,192.0,157.781
2021-11-24 03:30:00,192.0,193.5,190.9,192.8,428.623
2021-11-24 04:00:00,192.3,194.2,192.1,193.1,241.47
2021-11-24 04:30:00,193.6,195.0,190.0,190.8,1608.096
2021-11-24 05:00:00,191.4,194.6,191.4,194.0,429.878
2021-11-24 05:30:00,193.9,195.0,192.5,194.2,833.522
2021-11-24 06:00:00,194.2,196.9,193.5,195.0,884.883
2021-11-24 06:30:00,195.0,198.0,194.7,196.4,734.243
2021-11-24 07:00:00,196.4,198.9,195.9,197.2,978.634
2021-11-24 07:30:00,197.4,199.0,196.8,197.4,751.532
2021-11-24 08:00:00,197.4,197.5,195.1,196.3,410.43
2021-11-24 08:30:00,197.2,198.9,196.8,197.3,376.333
2021-11-24 09:00:00,197.1,198.9,196.6,197.7,692.337
2021-11-24 09:30:00,198.0,199.2,197.0,199.2,764.544
2021-11-24 10:00:00,199.2,199.7,197.4,198.3,497.034
2021-11-24 10:30:00,198.2,199.3,197.2,197.7,417.339
2021-11-24 11:00:00,197.7,198.7,196.8,198.0,352.721
2021-11-24 11:30:00,197.9,198.6,197.2,198.0,417.295
2021-11-24 12:00:00,198.4,198.7,196.1,197.5,838.118
2021-11-24 12:30:00,196.9,197.7,195.0,196.5,715.014
2021-11-24 13:00:00,196.3,196.6,193.5,194.1,867.42
2021-11-24 13:30:00,194.4,195.0,191.0,193.2,855.262
2021-11-24 14:00:00,193.2,193.6,189.5,190.8,1078.558
2021-11-24 14:30:00,190.8,192.4,189.8,192.4,493.623
2021-11-24 15:00:00,191.6,193.8,191.4,193.3,506.766
2021-11-24 15:30:00,193.3,193.7,191.8,193.0,709.948
2021-11-24 16:00:00,192.2,193.1,190.0,190.8,544.198
2021-11-24 16:30:00,190.8,192.6,190.3,192.5,226.089
2021-11-24 17:00:00,192.5,193.2,189.8,189.9,431.581
2021-11-24 17:30:00,190.1,198.8,189.9,193.2,1862.708
2021-11-24 18:00:00,193.5,196.1,192.9,194.9,355.642
2021-11-24 18:30:00,195.5,195.5,192.4,192.9,348.74
2021-11-24 19:00:00,192.5,193.4,190.3,191.9,163.412
2021-11-24 19:30:00,192.0,192.8,190.8,192.0,156.64
2021-11-24 20:00:00,191.9,193.0,191.3,193.0,51.518
2021-11-24 20:30:00,193.0,193.3,192.1,192.9,199.79
2021-11-24 21:00:00,192.9,194.5,192.4,193.6,320.591
2021-11-24 21:30:00,194.5,194.9,192.8,193.9,74.97
2021-11-24 22:00:00,193.9,196.0,193.2,194.4,83.962
2021-11-24 22:30:00,194.4,195.3,194.0,194.2,43.176
2021-11-24 23:00:00,194.2,195.0,192.5,192.9,147.281
2021-11-24 23:30:00,192.9,193.1,192.0,193.1,177.969
2021-11-25 00:00:00,192.9,194.1,190.6,192.1,719.776
2021-11-25 00:30:00,192.1,195.5,191.3,192.0,988.596
2021-11-25 01:00:00,191.2,191.7,181.0,188.1,6163.742
2021-11-25 01:30:00,188.1,189.4,187.2,188.4,331.703
2021-11-25 02:00:00,188.6,188.7,186.2,187.9,729.575
2021-11-25 02:30:00,187.9,188.7,187.2,187.3,207.781
2021-11-25 03:00:00,187.3,188.0,187.3,188.0,188.414
2021-11-25 03:30:00,187.7,188.0,185.9,188.0,531.74
2021-11-25 04:00:00,188.0,189.0,187.8,188.3,162.87
2021-11-25 04:30:00,188.9,190.0,188.1,189.2,580.142
2021-11-25 05:00:00,189.6,190.2,188.9,189.7,410.219
2021-11-25 05:30:00,189.8,190.2,188.5,189.5,655.777
2021-11-25 06:00:00,189.5,189.9,188.6,189.3,802.335
2021-11-25 06:30:00,189.2,190.5,187.8,188.7,553.091
2021-11-25 07:00:00,188.7,189.4,188.7,189.3,387.182
2021-11-25 07:30:00,188.9,189.6,188.7,188.9,898.142
2021-11-25 08:00:00,188.9,189.9,188.7,188.8,426.478
2021-11-25 08:30:00,188.9,189.9,188.9,189.2,321.886
2021-11-25 09:00:00,188.9,190.8,188.8,189.1,798.853
2021-11-25 09:30:00,189.4,190.4,189.0,190.1,225.061
2021-11-25 10:00:00,190.5,191.7,189.8,191.0,357.998
2021-11-25 10:30:00,190.7,192.5,190.4,190.4,310.596
2021-11-25 11:00:00,190.4,191.4,190.2,191.2,141.587
2021-11-25 11:30:00,191.0,191.6,189.3,191.2,360.918
2021-11-25 12:00:00,191.2,191.9,189.9,191.2,514.609
2021-11-25 12:30:00,191.2,193.0,188.7,189.1,1275.531
2021-11-25 13:00:00,189.4,190.5,188.7,189.4,487.381
2021-11-25 13:30:00,189.2,189.6,188.0,188.5,573.232
2021-11-25 14:00:00,188.5,190.5,188.4,190.1,450.686
2021-11-25 14:30:00,190.1,190.5,189.9,190.0,144.029
2021-11-25 15:00:00,189.9,192.0,189.6,190.9,455.034
2021-11-25 15:30:00,191.5,192.7,190.8,192.0,176.521
2021-11-25 16:00:00,192.5,194.2,192.1,192.9,666.151
2021-11-25 16:30:00,192.9,193.2,191.9,192.8,201.678
2021-11-25 17:00:00,192.8,192.8,190.6,190.6,152.605
2021-11-25 17:30:00,190.6,191.4,189.6,190.6,266.756
2021-11-25 18:00:00,190.4,190.5,189.2,189.7,195.117
2021-11-25 18:30:00,189.7,191.0,189.7,190.7,46.233
2021-11-25 19:00:00,190.6,190.7,189.1,189.6,81.337
2021-11-25 19:30:00,189.2,191.1,188.8,189.5,178.263
2021-11-25 20:00:00,189.5,190.7,188.1,189.8,161.649
2021-11-25 20:30:00,189.8,190.5,188.3,188.4,91.287
2021-11-25 21:00:00,189.1,189.1,188.1,188.6,34.443
2021-11-25 21:30:00,188.4,188.9,188.2,188.9,13.004
2021-11-25 22:00:00,188.4,188.8,187.7,188.6,202.363
2021-11-25 22:30:00,188.4,189.2,187.7,188.4,52.746
2021-11-25 23:00:00,189.1,189.1,188.3,188.3,40.587
2021-11-25 23:30:00,188.4,189.1,186.4,187.3,247.937
2021-11-26 00:00:00,187.1,187.3,184.3,186.2,936.768
2021-11-26 00:30:00,186.1,187.2,185.3,186.2,254.725
2021-11-26 01:00:00,186.6,187.6,185.9,186.2,136.314
2021-11-26 01:30:00,186.5,186.7,183.0,185.1,308.049
2021-11-26 02:00:00,185.0,185.0,180.0,180.6,1141.688
2021-11-26 02:30:00,180.3,182.0,180.0,180.0,913.948
2021-11-26 03:00:00,180.5,180.5,175.3,176.0,2264.211
2021-11-26 03:30:00,175.9,177.5,175.1,177.4,794.834
2021-11-26 04:00:00,177.1,180.9,176.0,178.6,1524.57
2021-11-26 04:30:00,178.6,179.7,178.3,179.4,431.388
2021-11-26 05:00:00,179.4,179.6,175.9,176.9,400.832
2021-11-26 05:30:00,176.9,178.8,174.4,175.8,1082.364
2021-11-26 06:00:00,176.1,178.2,175.0,177.0,638.306
2021-11-26 06:30:00,176.7,178.0,175.7,177.3,548.718
2021-11-26 07:00:00,177.6,178.0,175.4,175.7,566.167
2021-11-26 07:30:00,175.8,176.5,171.0,174.2,1302.921
2021-11-26 08:00:00,174.2,175.4,162.7,167.3,3146.797
2021-11-26 08:30:00,166.8,166.8,149.0,156.2,9771.727
2021-11-26 09:00:00,156.2,160.4,155.4,157.6,2810.744
2021-11-26 09:30:00,157.7,163.8,157.3,163.0,3315.82
2021-11-26 10:00:00,163.0,165.0,160.3,161.5,1722.087
2021-11-26 10:30:00,161.1,163.5,158.9,160.0,1732.504
2021-11-26 11:00:00,159.9,166.6,149.6,156.6,7612.454
2021-11-26 11:30:00,156.5,162.2,152.4,152.4,2393.051
2021-11-26 12:00:00,152.4,159.1,152.4,158.1,1488.309
2021-11-26 12:30:00,158.5,160.0,155.0,158.7,3009.905
2021-11-26 13:00:00,158.5,159.0,155.6,159.0,679.97
2021-11-26 13:30:00,159.0,162.9,158.1,161.8,1464.967
2021-11-26 14:00:00,162.8,166.6,160.7,165.4,1564.593
2021-11-26 14:30:00,165.4,165.9,163.6,164.0,605.264
2021-11-26 15:00:00,164.0,166.1,163.2,164.1,503.245
2021-11-26 15:30:00,164.4,164.7,163.6,164.6,201.534
2021-11-26 16:00:00,164.6,165.8,162.1,162.5,700.683
2021-11-26 16:30:00,162.6,164.6,162.6,163.6,174.97
2021-11-26 17:00:00,164.4,165.5,163.8,164.7,302.997
2021-11-26 17:30:00,165.4,171.8,163.9,164.9,1126.117
2021-11-26 18:00:00,165.4,166.4,165.4,166.2,130.982
2021-11-26 18:30:00,166.1,168.7,165.2,165.3,486.605
2021-11-26 19:00:00,165.3,167.1,165.2,167.1,227.562
2021-11-26 19:30:00,167.2,173.9,165.3,165.8,1494.754
2021-11-26 20:00:00,165.8,167.5,165.7,166.5,163.126
2021-11-26 20:30:00,166.9,167.8,166.7,166.7,72.413
2021-11-26 21:00:00,167.4,167.4,166.5,167.0,28.073
2021-11-26 21:30:00,167.1,167.7,166.7,166.7,72.575
2021-11-26 22:00:00,167.1,167.8,166.4,167.8,174.218
2021-11-26 22:30:00,167.8,168.3,167.4,167.5,81.426
2021-11-26 23:00:00,167.5,167.9,166.6,166.6,102.089
2021-11-26 23:30:00,166.7,167.1,158.8,164.3,1999.229
2021-11-27 00:00:00,164.9,165.9,164.3,165.6,269.169
2021-11-27 00:30:00,165.4,165.9,164.3,164.8,240.76
2021-11-27 01:00:00,164.6,166.5,164.6,166.0,181.489
2021-11-27 01:30:00,166.0,169.1,165.0,168.6,971.747
2021-11-27 02:00:00,168.6,171.9,167.8,169.0,824.87
2021-11-27 02:30:00,168.8,170.6,168.6,169.5,310.503
2021-11-27 03:00:00,169.1,169.5,168.9,169.5,109.421
2021-11-27 03:30:00,169.1,169.5,166.6,166.9,211.395
2021-11-27 04:00:00,167.3,167.3,166.0,166.1,204.117
2021-11-27 04:30:00,166.1,167.0,165.0,165.4,395.39
2021-11-27 05:00:00,165.1,165.8,164.0,164.4,375.487
2021-11-27 05:30:00,164.1,164.1,162.0,162.0,342.769
2021-11-27 06:00:00,162.0,162.0,159.9,160.1,868.719
2021-11-27 06:30:00,160.1,161.7,158.4,159.1,854.416
2021-11-27 07:00:00,159.0,160.3,155.7,155.9,1069.413
2021-11-27 07:30:00,156.0,157.1,155.4,156.1,836.039
2021-11-27 08:00:00,156.0,158.5,155.9,158.4,678.465
2021-11-27 08:30:00,158.4,158.5,155.6,156.7,762.272
2021-11-27 09:00:00,156.7,159.8,154.0,156.2,1544.448
2021-11-27 09:30:00,156.2,158.0,151.6,152.9,3424.949
2021-11-27 10:00:00,152.9,156.2,152.8,155.1,1107.267
2021-11-27 10:30:00,155.0,161.9,154.6,157.0,1269.385
2021-11-27 11:00:00,157.0,158.3,155.5,157.8,829.497
2021-11-27 11:30:00,157.9,158.5,156.3,157.0,547.796
2021-11-27 12:00:00,157.1,158.3,157.0,157.4,585.215
2021-11-27 12:30:00,157.4,158.1,155.5,155.9,496.907
2021-11-27 13:00:00,156.0,156.3,155.0,155.4,768.956
2021-11-27 13:30:00,155.0,158.0,154.0,154.3,1269.579
2021-11-27 14:00:00,154.4,155.2,152.8,153.8,632.641
2021-11-27 14:30:00,153.8,155.5,153.3,154.8,724.947
2021-11-27 15:00:00,154.8,156.3,154.8,155.2,859.046
2021-11-27 15:30:00,155.2,157.0,154.8,155.8,468.441
2021-11-27 16:00:00,155.9,157.3,155.0,155.6,479.349
2021-11-27 16:30:00,155.6,156.2,155.2,155.2,179.174
2021-11-27 17:00:00,155.3,156.6,154.9,156.0,207.343
2021-11-27 17:30:00,155.6,156.4,154.2,154.2,475.706
2021-11-27 18:00:00,154.5,154.9,152.9,152.9,152.899
2021-11-27 18:30:00,153.4,153.6,152.9,152.9,101.049
2021-11-27 19:00:00,153.3,158.6,152.0,152.6,929.519
2021-11-27 19:30:00,152.6,153.2,152.0,153.0,177.023
2021-11-27 20:00:00,153.0,153.0,152.1,152.1,194.966
2021-11-27 20:30:00,152.4,152.4,149.0,149.7,790.456
2021-11-27 21:00:00,149.7,149.7,134.1,139.1,12790.474
2021-11-27 21:30:00,139.1,141.9,136.4,140.3,3082.609
2021-11-27 22:00:00,140.3,141.7,137.5,137.9,2863.702
2021-11-27 22:30:00,137.9,140.4,136.8,140.0,1239.313
2021-11-27 23:00:00,140.2,140.6,138.0,140.3,1264.953
2021-11-27 23:30:00,139.7,140.5,136.6,138.8,1405.984
2021-11-28 00:00:00,138.8,139.5,138.2,138.9,1167.836
2021-11-28 00:30:00,138.5,138.5,135.7,137.4,2282.011
2021-11-28 01:00:00,137.5,138.3,137.0,137.2,713.571
2021-11-28 01:30:00,137.2,137.7,135.8,137.0,1973.483
2021-11-28 02:00:00,137.0,138.6,136.3,137.5,979.753
2021-11-28 02:30:00,137.4,139.3,135.2,135.7,1779.059
2021-11-28 03:00:00,135.7,135.7,134.3,135.0,1037.503
2021-11-28 03:30:00,135.2,136.3,134.5,135.7,441.643
2021-11-28 04:00:00,135.7,135.7,132.3,132.8,1397.988
2021-11-28 04:30:00,132.6,133.5,130.5,131.1,1213.499
2021-11-28 05:00:00,131.1,133.9,128.0,129.9,3420.185
2021-11-28 05:30:00,129.9,130.1,124.7,127.5,5402.088
2021-11-28 06:00:00,127.6,130.7,127.4,130.7,2253.848
2021-11-28 06:30:00,130.7,134.6,130.5,133.1,2701.785
2021-11-28 07:00:00,133.1,135.9,133.1,135.4,1689.257
2021-11-28 07:30:00,135.4,136.6,134.5,135.2,1067.014
2021-11-28 08:00:00,135.0,135.5,134.7,135.2,544.122
2021-11-28 08:30:00,135.1,135.3,134.3,135.2,612.485
2021-11-28 09:00:00,134.8,136.1,134.8,135.7,637.635
2021-11-28 09:30:00,136.1,138.8,135.9,137.9,1528.826
2021-11-28 10:00:00,137.9,139.2,137.0,139.0,731.05
2021-11-28 10:30:00,138.8,142.0,138.8,141.3,2163.946
2021-11-28 11:00:00,141.6,145.9,141.0,143.1,2577.089
2021-11-28 11:30:00,143.0,146.0,141.1,144.3,1351.943
2021-11-28 12:00:00,144.3,145.0,142.0,142.7,1690.147
2021-11-28 12:30:00,142.7,143.3,140.0,142.0,1666.039
2021-11-28 13:00:00,142.0,142.8,140.4,140.7,559.291
2021-11-28 13:30:00,141.2,141.2,137.2,138.5,1157.788
2021-11-28 14:00:00,138.4,139.9,137.5,138.1,467.136
2021-11-28 14:30:00,138.5,138.7,136.8,136.8,528.848
2021-11-28 15:00:00,137.3,139.6,136.2,136.8,903.435
2021-11-28 15:30:00,136.8,137.2,136.1,136.6,479.668
2021-11-28 16:00:00,136.6,140.1,136.1,137.4,1507.157
2021-11-28 16:30:00,137.2,139.1,136.4,138.6,643.521
2021-11-28 17:00:00,138.3,143.9,138.3,143.2,2572.257
2021-11-28 17:30:00,143.4,146.0,142.4,143.9,1762.363
2021-11-28 18:00:00,144.2,147.0,142.4,144.2,1294.712
2021-11-28 18:30:00,144.0,144.7,142.0,143.6,619.684
2021-11-28 19:00:00,143.6,144.1,142.9,143.1,334.495
2021-11-28 19:30:00,143.1,144.0,143.0,143.8,100.094
2021-11-28 20:00:00,143.6,144.0,140.9,141.1,853.965
2021-11-28 20:30:00,141.1,142.6,141.0,142.1,260.775
2021-11-28 21:00:00,142.2,143.1,141.8,142.5,348.283
2021-11-28 21:30:00,142.8,144.0,142.3,143.4,327.965
2021-11-28 22:00:00,143.0,143.3,142.3,143.0,254.201
2021-11-28 22:30:00,143.0,143.6,143.0,143.2,145.652
2021-11-28 23:00:00,143.5,146.0,143.1,144.8,684.982
2021-11-28 23:30:00,145.8,155.5,145.0,153.6,3575.322
2021-11-29 00:00:00,153.1,156.0,151.8,152.9,1627.773
2021-11-29 00:30:00,153.1,153.7,149.9,151.5,487.913
2021-11-29 01:00:00,151.8,154.1,149.7,150.9,452.184
2021-11-29 01:30:00,150.7,151.2,149.1,151.2,529.535
2021-11-29 02:00:00,151.2,151.8,150.4,150.7,218.338
2021-11-29 02:30:00,150.3,150.3,147.5,149.3,778.321
2021-11-29 03:00:00,149.7,155.2,148.9,152.5,1379.777
2021-11-29 03:30:00,152.4,156.4,151.9,152.6,826.277
2021-11-29 04:00:00,152.6,152.6,148.7,149.1,574.342
2021-11-29 04:30:00,149.0,150.2,148.0,148.0,763.001
2021-11-29 05:00:00,148.1,148.6,146.4,146.4,911.955
2021-11-29 05:30:00,146.4,147.5,146.4,147.0,374.806
2021-11-29 06:00:00,147.0,148.3,146.9,147.6,524.304
2021-11-29 06:30:00,147.6,148.1,147.2,147.7,697.106
2021-11-29 07:00:00,147.8,148.0,147.0,147.6,434.733
2021-11-29 07:30:00,147.2,148.4,147.2,147.8,231.502
2021-11-29 08:00:00,147.8,148.5,147.5,147.6,405.309
2021-11-29 08:30:00,147.6,148.3,147.2,148.2,327.325
2021-11-29 09:00:00,147.9,149.9,147.0,147.5,450.104
2021-11-29 09:30:00,147.5,147.9,143.9,144.4,757.883
2021-11-29 10:00:00,144.4,144.8,143.2,144.1,470.232
2021-11-29 10:30:00,144.4,146.5,144.0,144.9,551.466
2021-11-29 11:00:00,144.9,145.7,143.7,144.6,694.961
2021-11-29 11:30:00,144.9,145.6,143.7,144.8,373.269
2021-11-29 12:00:00,144.8,146.7,144.4,145.8,823.866
2021-11-29 12:30:00,146.0,146.4,144.7,144.8,626.636
2021-11-29 13:00:00,145.0,145.3,143.3,144.0,840.666
2021-11-29 13:30:00,143.5,143.9,140.2,142.2,2512.002
2021-11-29 14:00:00,142.2,144.4,141.9,142.7,990.513
2021-11-29 14:30:00,142.6,143.6,138.9,139.6,1476.336
2021-11-29 15:00:00,139.9,140.0,138.4,139.7,475.987
2021-11-29 15:30:00,139.6,140.9,133.6,135.8,3115.193
2021-11-29 16:00:00,135.8,136.1,132.0,135.5,3031.093
2021-11-29 16:30:00,135.4,137.1,134.2,135.7,970.172
2021-11-29 17:00:00,135.7,137.6,135.6,137.0,1061.596
2021-11-29 17:30:00,137.3,139.8,137.0,138.6,1852.438
2021-11-29 18:00:00,138.6,140.4,138.3,138.4,1162.981
2021-11-29 18:30:00,138.4,138.9,137.5,138.9,504.584
2021-11-29 19:00:00,138.9,138.9,136.0,136.1,531.603
2021-11-29 19:30:00,136.1,136.8,134.2,134.3,705.966
2021-11-29 20:00:00,134.6,136.8,134.3,136.0,397.601
2021-11-29 20:30:00,136.2,138.0,136.2,137.2,387.275
2021-11-29 21:00:00,137.7,137.8,136.4,136.9,350.259
2021-11-29 21:30:00,136.6,137.2,136.1,136.2,171.84
2021-11-29 22:00:00,136.3,136.6,135.5,135.5,215.872
2021-11-29 22:30:00,135.6,136.5,135.4,136.0,191.703
2021-11-29 23:00:00,136.0,136.0,134.7,134.9,344.321
2021-11-29 23:30:00,134.7,135.4,134.5,134.6,350.841
2021-11-30 00:00:00,134.7,134.8,133.3,134.0,1099.604
2021-11-30 00:30:00,133.8,135.0,132.7,134.7,1633.395
2021-11-30 01:00:00,134.9,135.3,134.0,134.6,598.642
2021-11-30 01:30:00,134.5,136.0,134.1,135.6,1172.388
2021-11-30 02:00:00,135.6,136.8,135.5,136.5,328.21
2021-11-30 02:30:00,136.6,136.9,136.1,136.5,589.111
2021-11-30 03:00:00,136.7,136.8,135.4,135.8,1129.893
2021-11-30 03:30:00,135.6,135.6,133.9,134.6,984.383
2021-11-30 04:00:00,134.2,135.0,130.8,131.1,1684.588
2021-11-30 04:30:00,130.9,134.9,129.0,130.9,3389.195
2021-11-30 05:00:00,131.0,137.7,130.5,132.3,1869.131
2021-11-30 05:30:00,132.2,135.0,132.2,133.1,1241.298
2021-11-30 06:00:00,133.0,133.0,131.0,131.9,1684.563
2021-11-30 06:30:00,131.9,132.0,130.8,130.9,1308.792
2021-11-30 07:00:00,131.1,131.8,130.7,131.3,589.692
2021-11-30 07:30:00,131.5,132.2,129.0,129.7,1987.837
2021-11-30 08:00:00,129.8,130.0,129.0,130.0,3068.543
2021-11-30 08:30:00,129.8,130.0,129.5,129.8,1144.631
2021-11-30 09:00:00,129.7,130.0,129.2,129.8,2746.042
2021-11-30 09:30:00,129.8,130.0,129.3,130.0,1458.638
2021-11-30 10:00:00,130.0,130.9,129.6,130.4,1147.398
2021-11-30 10:30:00,130.5,133.7,127.6,128.1,3832.276
2021-11-30 11:00:00,128.1,129.8,127.7,129.0,1014.913
2021-11-30 11:30:00,129.0,129.9,126.7,127.0,2158.434
2021-11-30 12:00:00,126.7,127.5,124.8,126.9,3446.614
2021-11-30 12:30:00,126.9,129.0,126.2,126.9,2487.715
2021-11-30 13:00:00,127.2,128.0,126.0,127.7,1971.901
2021-11-30 13:30:00,127.7,127.8,125.0,125.0,1312.807
2021-11-30 14:00:00,125.5,127.3,125.0,126.5,2711.376
2021-11-30 14:30:00,126.6,127.7,126.1,126.5,1886.536
2021-11-30 15:00:00,126.9,127.2,124.6,125.4,2219.391
2021-11-30 15:30:00,125.4,128.0,124.6,125.3,1785.678
2021-11-30 16:00:00,125.2,125.6,123.6,124.7,1599.987
2021-11-30 16:30:00,124.8,125.0,123.6,123.7,512.327
2021-11-30 17:00:00,123.7,125.7,123.0,125.4,1451.802
2021-11-30 17:30:00,125.4,125.6,124.0,125.0,1253.234
2021-11-30 18:00:00,124.9,126.3,124.9,125.9,896.123
2021-11-30 18:30:00,126.0,133.3,124.4,126.1,3900.208
2021-11-30 19:00:00,126.1,126.7,125.8,126.1,420.759
2021-11-30 19:30:00,126.1,126.5,125.5,126.2,531.753
2021-11-30 20:00:00,126.2,133.3,125.4,127.4,3045.96
2021-11-30 20:30:00,127.4,134.5,126.3,128.8,3120.424
2021-11-30 21:00:00,128.8,130.0,128.1,128.2,702.755
2021-11-30 21:30:00,128.5,128.5,127.0,128.0,354.06
2021-11-30 22:00:00,128.0,129.7,127.6,128.5,533.061
2021-11-30 22:30:00,128.5,128.5,126.2,127.0,961.898
2021-11-30 23:00:00,126.7,127.0,125.7,126.2,522.466
2021-11-30 23:30:00,126.5,126.6,125.6,125.6,355.679
2021-12-01 00:00:00,125.6,127.6,125.0,127.2,1361.695
2021-12-01 00:30:00,127.2,128.7,126.7,128.3,952.531
2021-12-01 01:00:00,128.3,130.1,128.1,129.4,1006.212
2021-12-01 01:30:00,129.4,131.7,129.1,131.4,2185.196
2021-12-01 02:00:00,131.4,133.0,129.9,130.7,1748.901
2021-12-01 02:30:00,130.8,130.8,123.0,128.2,3778.204
2021-12-01 03:00:00,128.2,128.3,126.9,127.7,683.627
2021-12-01 03:30:00,127.7,127.8,126.2,127.8,673.977
2021-12-01 04:00:00,127.8,129.5,127.5,128.4,1677.423
2021-12-01 04:30:00,128.4,129.1,127.7,128.0,490.696
2021-12-01 05:00:00,128.0,128.2,125.7,126.1,933.451
2021-12-01 05:30:00,126.1,126.5,125.0,125.4,1438.863
2021-12-01 06:00:00,125.2,127.8,125.0,126.6,2369.039
2021-12-01 06:30:00,126.5,130.0,125.6,128.4,4207.989
2021-12-01 07:00:00,128.4,129.6,128.1,129.5,1156.267
2021-12-01 07:30:00,129.5,132.3,128.8,132.3,2429.857
2021-12-01 08:00:00,132.3,133.6,131.1,132.9,2086.433
2021-12-01 08:30:00,132.9,134.0,131.5,132.4,844.569
2021-12-01 09:00:00,132.1,137.0,131.8,135.7,3608.036
2021-12-01 09:30:00,136.0,140.6,136.0,139.9,3582.075
2021-12-01 10:00:00,140.0,140.8,136.0,137.2,2850.349
2021-12-01 10:30:00,137.2,139.0,134.3,135.5,1865.741
2021-12-01 11:00:00,135.8,135.8,132.3,132.9,1223.523
2021-12-01 11:30:00,132.9,135.8,132.9,134.3,930.231
2021-12-01 12:00:00,134.3,138.3,134.3,137.1,1847.474
2021-12-01 12:30:00,137.4,137.7,134.1,134.2,1270.33
2021-12-01 13:00:00,134.1,134.7,133.5,134.0,538.857
2021-12-01 13:30:00,134.0,134.5,132.4,133.5,869.651
2021-12-01 14:00:00,133.2,133.5,132.3,133.0,582.692
2021-12-01 14:30:00,132.8,133.4,132.2,132.9,733.328
2021-12-01 15:00:00,132.9,133.2,132.0,132.7,449.845
2021-12-01 15:30:00,132.7,133.0,131.0,132.1,1121.775
2021-12-01 16:00:00,132.1,132.1,130.0,130.6,849.351
2021-12-01 16:30:00,130.5,131.1,129.6,130.5,724.297
2021-12-01 17:00:00,130.5,130.8,128.2,128.4,796.116
2021-12-01 17:30:00,128.4,128.7,126.9,127.5,1081.014
2021-12-01 18:00:00,127.5,128.3,127.5,128.0,268.272
2021-12-01 18:30:00,128.1,128.4,124.4,126.3,1816.719
2021-12-01 19:00:00,126.3,126.7,125.6,126.0,569.347
2021-12-01 19:30:00,126.0,128.2,126.0,126.5,428.267
2021-12-01 20:00:00,126.5,127.1,125.6,125.6,223.175
2021-12-01 20:30:00,126.0,127.0,125.8,125.9,230.587
2021-12-01 21:00:00,126.2,126.2,124.1,125.1,602.509
2021-12-01 21:30:00,125.0,126.6,124.6,126.1,481.999
2021-12-01 22:00:00,125.9,128.3,125.7,126.3,676.85
2021-12-01 22:30:00,126.6,126.6,125.4,125.6,213.38
2021-12-01 23:00:00,125.6,128.7,125.4,127.4,693.29
2021-12-01 23:30:00,126.9,127.4,126.3,126.6,397.136
2021-12-02 00:00:00,126.5,126.6,126.3,126.4,219.638
2021-12-02 00:30:00,126.6,126.8,125.6,126.2,274.508
2021-12-02 01:00:00,126.3,126.7,125.9,126.6,299.861
2021-12-02 01:30:00,126.5,126.5,124.0,124.2,690.181
2021-12-02 02:00:00,124.2,124.4,119.2,119.7,3663.385
2021-12-02 02:30:00,119.6,120.4,117.8,118.0,1611.909
2021-12-02 03:00:00,118.0,118.2,110.0,111.7,6084.772
2021-12-02 03:30:00,111.9,112.9,110.0,110.8,7167.717
2021-12-02 04:00:00,110.8,111.8,108.6,111.5,4373.651
2021-12-02 04:30:00,111.3,112.0,111.0,111.6,1987.391
2021-12-02 05:00:00,111.6,111.7,109.5,110.9,1395.68
2021-12-02 05:30:00,110.9,111.2,110.5,110.7,1226.597
2021-12-02 06:00:00,110.6,112.0,110.2,111.2,1966.693
2021-12-02 06:30:00,111.2,111.8,110.7,110.8,1323.408
2021-12-02 07:00:00,111.1,112.6,110.9,112.5,1878.187
2021-12-02 07:30:00,112.5,115.0,111.9,114.2,4380.072
2021-12-02 08:00:00,114.3,120.0,114.3,116.9,6501.512
2021-12-02 08:30:00,116.9,118.0,115.4,115.7,1535.212
2021-12-02 09:00:00,115.6,116.2,113.0,113.7,2138.473
2021-12-02 09:30:00,113.7,114.3,112.0,112.7,1286.531
2021-12-02 10:00:00,112.6,114.2,112.6,113.9,1168.734
2021-12-02 10:30:00,113.8,114.4,113.4,113.9,1411.73
2021-12-02 11:00:00,113.9,113.9,112.3,112.7,677.543
2021-12-02 11:30:00,112.7,113.3,109.7,109.7,4336.83
2021-12-02 12:00:00,109.9,110.0,109.1,109.8,2067.104
2021-12-02 12:30:00,109.8,110.0,107.8,108.6,2514.111
2021-12-02 13:00:00,108.5,110.2,108.0,108.2,2912.391
2021-12-02 13:30:00,108.2,111.1,108.0,110.6,2985.3
2021-12-02 14:00:00,110.8,111.6,108.8,110.9,2555.643
2021-12-02 14:30:00,110.7,117.2,109.8,116.0,3966.05
2021-12-02 15:00:00,116.0,116.8,113.4,113.8,2917.371
2021-12-02 15:30:00,113.6,114.1,112.0,113.3,1455.127
2021-12-02 16:00:00,113.0,115.0,112.0,112.1,1920.644
2021-12-02 16:30:00,112.2,113.0,110.0,110.7,2310.541
2021-12-02 17:00:00,110.6,115.4,109.9,114.8,2935.199
2021-12-02 17:30:00,114.8,115.0,112.0,113.0,1113.016
2021-12-02 18:00:00,113.0,113.3,110.2,111.5,996.714
2021-12-02 18:30:00,111.6,116.9,111.4,115.9,1944.83
2021-12-02 19:00:00,116.1,121.0,116.1,120.0,3480.928
2021-12-02 19:30:00,120.2,120.3,118.7,118.9,838.057
2021-12-02 20:00:00,119.0,120.4,118.9,119.7,438.269
2021-12-02 20:30:00,119.9,119.9,117.7,118.9,804.38
2021-12-02 21:00:00,119.2,119.4,118.9,119.2,125.344
2021-12-02 21:30:00,119.1,120.0,118.1,118.4,687.202
2021-12-02 22:00:00,118.4,118.9,118.3,118.4,88.768
2021-12-02 22:30:00,118.5,118.5,117.6,117.9,341.991
2021-12-02 23:00:00,118.0,118.4,116.9,117.2,361.287
2021-12-02 23:30:00,117.2,117.7,116.7,117.0,382.462
2021-12-03 00:00:00,117.0,117.2,115.7,116.0,522.333
2021-12-03 00:30:00,116.0,116.1,112.7,113.4,3918.159
2021-12-03 01:00:00,113.4,114.3,112.2,112.6,811.621
2021-12-03 01:30:00,112.6,112.8,109.9,110.9,3722.428
2021-12-03 02:00:00,110.9,111.0,109.7,110.0,454.1
2021-12-03 02:30:00,110.1,110.3,108.6,108.6,871.628
2021-12-03 03:00:00,109.0,109.8,108.9,109.3,359.229
2021-12-03 03:30:00,109.3,110.4,109.3,110.2,1013.333
2021-12-03 04:00:00,110.5,110.6,110.2,110.2,912.627
2021-12-03 04:30:00,110.2,110.5,110.2,110.4,1251.694
2021-12-03 05:00:00,110.4,110.5,110.2,110.5,1000.133
2021-12-03 05:30:00,110.3,110.9,110.2,110.3,530.558
2021-12-03 06:00:00,110.4,111.4,110.1,111.3,801.406
2021-12-03 06:30:00,111.4,112.1,111.2,112.1,887.469
2021-12-03 07:00:00,112.1,112.9,111.4,112.1,993.428
2021-12-03 07:30:00,112.0,113.4,111.0,111.4,968.945
2021-12-03 08:00:00,111.4,112.8,111.4,112.2,830.775
2021-12-03 08:30:00,112.2,113.6,112.2,112.7,926.093
2021-12-03 09:00:00,112.7,114.9,111.6,112.8,2022.158
2021-12-03 09:30:00,112.8,114.5,112.5,112.9,767.986
2021-12-03 10:00:00,113.0,113.8,111.8,112.7,1417.816
2021-12-03 10:30:00,112.7,113.0,111.6,111.9,427.647
2021-12-03 11:00:00,111.9,117.9,111.8,117.7,2430.699
2021-12-03 11:30:00,117.8,124.2,117.4,118.1,12402.008
2021-12-03 12:00:00,117.9,118.1,114.0,115.7,3727.697
2021-12-03 12:30:00,115.7,115.7,111.2,112.6,4048.523
2021-12-03 13:00:00,112.8,113.2,112.0,112.3,1100.015
2021-12-03 13:30:00,112.3,113.4,112.2,112.6,989.392
2021-12-03 14:00:00,112.6,113.1,112.1,112.2,1005.47
2021-12-03 14:30:00,112.3,112.5,111.1,111.8,1206.982
2021-12-03 15:00:00,111.8,112.1,110.0,110.8,765.578
2021-12-03 15:30:00,110.8,110.8,108.8,108.9,1046.916
2021-12-03 16:00:00,108.9,109.4,103.9,104.7,4819.543
2021-12-03 16:30:00,105.1,105.5,102.8,103.0,1715.198
2021-12-03 17:00:00,102.9,105.4,102.7,103.6,1667.909
2021-12-03 17:30:00,103.6,104.5,102.9,103.1,741.801
2021-12-03 18:00:00,103.1,104.3,103.0,104.0,701.287
2021-12-03 18:30:00,104.0,104.3,101.9,103.8,1732.961
2021-12-03 19:00:00,103.8,104.8,99.8,101.0,2006.918
2021-12-03 19:30:00,100.7,102.8,99.3,100.5,2677.125
2021-12-03 20:00:00,100.7,101.4,98.6,100.2,2317.217
2021-12-03 20:30:00,100.2,101.6,98.8,100.5,1314.2
2021-12-03 21:00:00,100.4,100.4,99.4,100.0,1129.856
2021-12-03 21:30:00,100.2,100.3,99.9,100.1,1152.463
2021-12-03 22:00:00,100.1,100.4,99.2,100.3,1555.869
2021-12-03 22:30:00,100.3,100.5,99.1,99.3,1075.372
2021-12-03 23:00:00,99.3,100.2,99.0,99.3,685.161
2021-12-03 23:30:00,99.7,100.6,98.7,99.4,1744.718
2021-12-04 00:00:00,99.2,100.0,98.1,99.4,879.746
2021-12-04 00:30:00,99.2,99.2,95.7,96.9,2703.214
2021-12-04 01:00:00,97.1,97.2,92.3,94.0,4103.142
2021-12-04 01:30:00,94.0,94.1,92.8,93.6,1115.666
2021-12-04 02:00:00,93.6,94.6,93.0,93.0,791.137
2021-12-04 02:30:00,93.1,93.4,92.8,93.1,586.301
2021-12-04 03:00:00,93.2,93.3,90.1,91.2,2047.445
2021-12-04 03:30:00,91.2,91.5,90.0,90.2,1590.949
2021-12-04 04:00:00,90.0,91.6,88.5,90.7,2761.402
2021-12-04 04:30:00,90.6,90.7,83.7,84.5,3213.63
2021-12-04 05:00:00,84.8,88.6,68.0,75.5,8866.315
2021-12-04 05:30:00,75.8,82.0,74.1,81.7,6331.856
2021-12-04 06:00:00,81.8,83.6,80.6,83.3,2050.156
2021-12-04 06:30:00,83.3,84.3,82.6,83.1,1961.263
2021-12-04 07:00:00,83.1,85.5,81.9,84.9,2658.55
2021-12-04 07:30:00,84.9,85.4,84.2,85.4,1673.404
2021-12-04 08:00:00,85.3,89.3,84.7,86.8,4254.04
2021-12-04 08:30:00,86.5,91.8,86.1,90.0,5322.071
2021-12-04 09:00:00,90.0,91.7,90.0,91.0,1532.686
2021-12-04 09:30:00,91.1,91.2,90.0,90.1,1195.572
2021-12-04 10:00:00,90.0,90.5,90.0,90.0,1010.699
2021-12-04 10:30:00,90.0,90.3,89.1,89.8,2478.035
2021-12-04 11:00:00,89.4,90.0,88.1,88.6,673.12
2021-12-04 11:30:00,88.6,88.8,87.6,88.2,771.437
2021-12-04 12:00:00,87.8,88.8,87.6,88.5,676.461
2021-12-04 12:30:00,88.3,88.3,87.6,88.3,339.426
2021-12-04 13:00:00,88.1,89.0,88.1,88.5,334.543
2021-12-04 13:30:00,88.5,92.6,88.5,91.4,3578.209
2021-12-04 14:00:00,91.5,92.5,90.8,91.9,891.736
2021-12-04 14:30:00,91.9,93.0,90.2,92.0,1235.663
2021-12-04 15:00:00,92.0,93.6,92.0,92.1,1906.754
2021-12-04 15:30:00,92.0,93.8,91.9,92.1,1132.807
2021-12-04 16:00:00,92.1,93.5,91.5,92.1,1025.836
2021-12-04 16:30:00,92.3,92.6,89.7,90.0,1140.435
2021-12-04 17:00:00,90.1,90.6,89.4,89.4,349.578
2021-12-04 17:30:00,89.6,91.2,89.4,90.1,437.616
2021-12-04 18:00:00,90.1,90.7,89.6,90.5,811.573
2021-12-04 18:30:00,90.5,90.6,90.3,90.6,76.227
2021-12-04 19:00:00,90.7,91.0,90.4,90.6,198.37
2021-12-04 19:30:00,90.8,91.0,90.6,90.8,200.62
2021-12-04 20:00:00,90.6,91.2,90.1,90.4,523.062
2021-12-04 20:30:00,90.6,92.3,90.1,91.8,706.925
2021-12-04 21:00:00,91.8,91.8,91.0,91.5,392.516
2021-12-04 21:30:00,91.6,91.7,90.9,91.4,191.234
2021-12-04 22:00:00,91.6,92.2,91.4,91.9,85.673
2021-12-04 22:30:00,92.0,92.3,91.9,91.9,154.475
2021-12-04 23:00:00,91.9,92.3,91.8,92.0,108.454
2021-12-04 23:30:00,91.8,91.9,91.1,91.3,288.255
2021-12-05 00:00:00,91.2,92.2,91.2,91.8,196.268
2021-12-05 00:30:00,91.7,91.8,89.8,90.8,807.686
2021-12-05 01:00:00,90.8,91.1,90.1,90.4,316.658
2021-12-05 01:30:00,90.1,90.6,89.7,90.5,670.678
2021-12-05 02:00:00,90.5,90.9,90.3,90.9,259.218
2021-12-05 02:30:00,90.9,91.7,90.6,91.4,268.52
2021-12-05 03:00:00,91.6,99.4,91.1,99.4,5326.145
2021-12-05 03:30:00,99.0,104.9,95.3,99.0,11218.31
2021-12-05 04:00:00,99.0,101.5,95.6,99.5,5635.603
2021-12-05 04:30:00,99.5,99.7,97.8,98.9,1471.18
2021-12-05 05:00:00,98.9,99.5,98.6,98.9,1818.184
2021-12-05 05:30:00,98.9,99.9,98.8,99.3,939.81
2021-12-05 06:00:00,99.3,102.5,99.0,101.9,2676.721
2021-12-05 06:30:00,101.8,105.9,101.8,104.3,3206.242
2021-12-05 07:00:00,104.4,106.5,101.7,101.7,2786.204
2021-12-05 07:30:00,101.7,101.7,99.2,99.6,1374.397
2021-12-05 08:00:00,99.6,99.6,98.7,98.9,692.588
2021-12-05 08:30:00,98.7,100.6,98.3,98.9,1732.523
2021-12-05 09:00:00,98.9,99.0,97.0,97.2,905.806
2021-12-05 09:30:00,97.2,98.0,96.8,97.2,849.347
2021-12-05 10:00:00,97.1,97.4,95.8,96.4,823.722
2021-12-05 10:30:00,96.5,96.8,94.7,96.6,1343.706
2021-12-05 11:00:00,96.6,97.0,95.9,96.6,291.934
2021-12-05 11:30:00,96.6,96.8,95.7,96.2,342.174
2021-12-05 12:00:00,96.2,96.6,95.9,96.4,2201.754
2021-12-05 12:30:00,96.1,96.5,95.5,95.9,410.661
2021-12-05 13:00:00,95.9,96.0,94.8,95.1,1474.1
2021-12-05 13:30:00,94.9,95.2,92.8,92.9,1055.88
2021-12-05 14:00:00,92.7,92.7,90.6,90.7,1772.706
2021-12-05 14:30:00,90.7,91.6,88.3,89.3,2417.841
2021-12-05 15:00:00,89.2,89.6,87.9,88.7,1635.517
2021-12-05 15:30:00,88.7,89.1,85.3,86.4,3387.02
2021-12-05 16:00:00,86.4,89.0,85.8,87.5,1511.827
2021-12-05 16:30:00,87.5,88.1,87.3,87.4,588.364
2021-12-05 17:00:00,87.4,88.1,85.9,86.7,1754.384
2021-12-05 17:30:00,86.7,88.2,86.7,86.8,909.721
2021-12-05 18:00:00,86.9,87.2,85.9,85.9,425.505
2021-12-05 18:30:00,85.9,85.9,85.0,85.0,1273.183
2021-12-05 19:00:00,85.2,85.2,83.9,84.6,1499.234
2021-12-05 19:30:00,84.4,84.8,84.0,84.1,253.107
2021-12-05 20:00:00,84.3,84.8,83.9,83.9,369.221
2021-12-05 20:30:00,83.8,84.5,83.5,83.5,390.089
2021-12-05 21:00:00,83.6,83.7,82.7,83.0,451.78
2021-12-05 21:30:00,83.2,83.7,82.6,82.7,568.937
2021-12-05 22:00:00,82.7,82.7,81.4,81.9,1455.728
2021-12-05 22:30:00,82.2,82.2,81.4,82.1,306.952
2021-12-05 23:00:00,82.1,82.5,81.5,81.9,515.752
2021-12-05 23:30:00,81.9,82.6,81.8,82.4,618.125
2021-12-06 00:00:00,82.4,82.4,79.7,80.2,1573.908
2021-12-06 00:30:00,80.2,80.4,79.6,79.8,384.554
2021-12-06 01:00:00,79.7,80.9,79.7,80.1,461.879
2021-12-06 01:30:00,80.1,80.3,79.2,79.9,800.032
2021-12-06 02:00:00,79.9,80.4,79.6,79.6,1068.924
2021-12-06 02:30:00,79.5,79.5,79.0,79.3,201.99
2021-12-06 03:00:00,79.2,79.5,78.9,79.1,907.911
2021-12-06 03:30:00,79.1,79.3,78.6,78.7,698.528
2021-12-06 04:00:00,78.8,79.1,77.7,78.1,1409.92
2021-12-06 04:30:00,78.3,79.4,78.1,78.3,902.193
2021-12-06 05:00:00,78.3,78.3,76.4,76.6,1240.048
2021-12-06 05:30:00,76.6,77.0,73.7,74.2,5470.256
2021-12-06 06:00:00,74.0,74.7,72.6,73.6,5816.061
2021-12-06 06:30:00,73.5,74.4,71.1,72.9,5455.706
2021-12-06 07:00:00,72.8,72.8,70.0,70.6,4314.002
2021-12-06 07:30:00,70.6,71.6,69.1,70.7,4972.074
2021-12-06 08:00:00,70.7,73.5,70.3,71.3,6905.799
2021-12-06 08:30:00,71.0,71.4,69.6,71.1,2403.3
2021-12-06 09:00:00,70.8,71.8,70.7,71.6,1534.217
2021-12-06 09:30:00,71.6,71.6,69.9,70.3,3280.29
2021-12-06 10:00:00,70.3,70.7,69.0,69.2,1678.477
2021-12-06 10:30:00,69.2,70.1,66.9,68.7,2781.851
2021-12-06 11:00:00,68.9,69.0,66.3,66.9,3542.212
2021-12-06 11:30:00,66.8,68.7,66.7,68.5,4615.092
2021-12-06 12:00:00,68.5,70.1,68.1,70.0,5137.378
2021-12-06 12:30:00,69.7,70.5,69.1,70.1,2320.998
2021-12-06 13:00:00,70.1,70.5,69.8,70.3,1334.015
2021-12-06 13:30:00,70.2,71.5,69.2,71.3,4354.113
2021-12-06 14:00:00,71.4,72.8,70.2,70.7,3586.025
2021-12-06 14:30:00,70.7,70.8,69.3,69.7,2494.992
2021-12-06 15:00:00,69.7,71.4,69.5,70.7,1558.367
2021-12-06 15:30:00,70.5,72.5,70.4,71.4,1594.347
2021-12-06 16:00:00,71.4,71.8,69.5,71.2,2173.482
2021-12-06 16:30:00,71.2,73.7,71.0,71.9,3740.502
2021-12-06 17:00:00,71.9,72.7,70.8,72.3,1813.068
2021-12-06 17:30:00,72.1,72.3,71.4,71.7,853.996
2021-12-06 18:00:00,71.7,72.4,71.1,71.5,843.146
2021-12-06 18:30:00,71.5,72.1,71.1,71.5,1062.198
2021-12-06 19:00:00,71.4,72.1,70.9,70.9,1577.676
2021-12-06 19:30:00,71.0,72.9,70.4,71.0,2267.065
2021-12-06 20:00:00,70.8,71.1,70.3,70.7,900.129
2021-12-06 20:30:00,70.7,72.0,69.7,70.2,1685.268
2021-12-06 21:00:00,70.1,71.1,70.0,70.7,515.892
2021-12-06 21:30:00,70.5,71.5,70.4,71.1,1294.721
2021-12-06 22:00:00,71.3,73.2,71.1,72.0,2978.219
2021-12-06 22:30:00,72.0,74.1,72.0,73.1,2670.271
2021-12-06 23:00:00,73.2,74.6,72.0,74.1,3808.056
2021-12-06 23:30:00,74.0,74.7,74.0,74.1,911.19
2021-12-07 00:00:00,74.1,74.2,70.0,73.0,2695.032
2021-12-07 00:30:00,72.8,74.6,72.6,74.5,2251.559
2021-12-07 01:00:00,74.4,76.1,73.8,75.6,4572.226
2021-12-07 01:30:00,75.4,76.5,75.1,75.5,1808.752
2021-12-07 02:00:00,75.5,76.7,75.1,75.4,1113.506
2021-12-07 02:30:00,75.5,76.1,75.1,75.8,942.948
2021-12-07 03:00:00,75.8,78.0,75.4,77.0,2459.519
2021-12-07 03:30:00,77.2,79.7,77.0,78.3,2863.203
2021-12-07 04:00:00,78.3,78.9,76.8,78.4,2034.01
2021-12-07 04:30:00,78.4,79.2,77.4,77.5,971.54
2021-12-07 05:00:00,77.5,78.6,77.0,77.3,666.107
2021-12-07 05:30:00,77.3,79.7,76.5,77.6,4233.957
2021-12-07 06:00:00,77.6,78.2,77.0,77.6,614.915
2021-12-07 06:30:00,77.6,79.2,77.0,77.4,2482.799
2021-12-07 07:00:00,77.4,78.7,77.4,77.5,762.664
2021-12-07 07:30:00,77.5,78.0,77.2,77.6,683.287
2021-12-07 08:00:00,77.6,77.9,77.6,77.7,761.159
2021-12-07 08:30:00,77.8,78.9,77.5,77.7,1604.272
2021-12-07 09:00:00,77.8,78.3,77.5,77.9,1466.032
2021-12-07 09:30:00,77.9,78.2,76.9,76.9,1414.462
2021-12-07 10:00:00,76.9,77.2,75.4,76.1,2580.517
2021-12-07 10:30:00,76.1,76.4,75.7,75.9,982.433
2021-12-07 11:00:00,75.9,76.4,75.5,75.5,1132.193
2021-12-07 11:30:00,75.5,75.5,74.3,74.9,1209.276
2021-12-07 12:00:00,74.9,75.1,73.2,73.5,2617.091
2021-12-07 12:30:00,73.7,73.8,72.7,73.5,924.953
2021-12-07 13:00:00,73.3,74.3,72.6,73.0,1557.931
2021-12-07 13:30:00,72.7,73.0,72.0,72.3,778.15
2021-12-07 14:00:00,72.3,72.4,70.8,72.0,3457.367
2021-12-07 14:30:00,72.1,74.3,71.6,73.2,3950.578
2021-12-07 15:00:00,73.2,74.0,73.0,73.2,1820.227
2021-12-07 15:30:00,73.2,73.9,72.9,72.9,1220.366
2021-12-07 16:00:00,73.4,73.6,72.2,72.8,548.432
2021-12-07 16:30:00,72.7,73.0,72.2,72.8,903.837
2021-12-07 17:00:00,72.8,73.2,72.6,72.8,459.365
2021-12-07 17:30:00,72.8,72.9,72.4,72.9,368.771
2021-12-07 18:00:00,72.6,72.9,72.4,72.6,301.619
2021-12-07 18:30:00,72.6,72.8,72.0,72.1,394.877
2021-12-07 19:00:00,72.0,72.9,71.6,72.1,728.7
2021-12-07 19:30:00,72.1,72.4,71.7,71.8,860.459
2021-12-07 20:00:00,71.8,72.3,71.3,71.4,1073.703
2021-12-07 20:30:00,71.4,71.6,70.9,71.0,852.883
2021-12-07 21:00:00,71.0,71.2,70.5,70.8,842.864
2021-12-07 21:30:00,70.8,71.5,70.8,70.9,268.31
2021-12-07 22:00:00,70.7,70.9,70.2,70.4,400.494
2021-12-07 22:30:00,70.4,71.1,70.0,70.4,538.986
2021-12-07 23:00:00,70.4,71.5,70.3,71.1,825.008
2021-12-07 23:30:00,71.0,71.0,70.0,70.4,644.596
2021-12-08 00:00:00,70.5,70.6,64.4,66.8,13500.574
2021-12-08 00:30:00,66.8,67.5,64.1,64.9,8528.059
2021-12-08 01:00:00,64.9,65.4,63.1,63.8,4778.424
2021-12-08 01:30:00,64.0,64.2,62.9,63.5,2886.609
2021-12-08 02:00:00,63.5,63.7,58.0,59.6,18569.713
2021-12-08 02:30:00,59.7,60.7,59.7,60.0,2917.741
2021-12-08 03:00:00,60.0,61.1,59.1,61.0,5331.895
2021-12-08 03:30:00,61.0,62.6,60.6,61.2,8018.07
2021-12-08 04:00:00,61.2,62.6,61.1,61.9,1788.481
2021-12-08 04:30:00,61.9,62.0,61.1,61.8,2040.153
2021-12-08 05:00:00,62.0,63.0,61.0,62.3,4839.342
2021-12-08 05:30:00,62.3,63.2,62.0,63.2,3201.586
2021-12-08 06:00:00,63.2,64.9,62.6,63.8,6746.925
2021-12-08 06:30:00,63.9,65.7,63.8,64.5,3892.764
2021-12-08 07:00:00,64.6,65.6,64.4,65.4,2333.405
2021-12-08 07:30:00,65.4,66.6,65.4,65.5,3253.068
2021-12-08 08:00:00,65.5,65.6,64.4,65.2,2158.256
2021-12-08 08:30:00,65.0,65.2,64.3,64.6,1501.403
2021-12-08 09:00:00,64.6,64.8,63.4,64.0,3010.396
2021-12-08 09:30:00,64.0,64.2,62.8,63.5,3369.596
2021-12-08 10:00:00,63.5,63.8,63.2,63.4,1220.728
2021-12-08 10:30:00,63.5,63.5,60.7,61.6,4770.186
2021-12-08 11:00:00,61.3,61.6,60.0,60.4,4101.612
2021-12-08 11:30:00,60.4,62.2,59.7,62.1,4520.422
2021-12-08 12:00:00,61.8,62.6,61.4,62.1,3480.818
2021-12-08 12:30:00,62.2,63.6,62.1,63.4,2452.425
2021-12-08 13:00:00,63.4,66.8,62.6,65.0,8294.26
2021-12-08 13:30:00,65.0,66.7,62.4,64.0,9409.385
2021-12-08 14:00:00,64.0,64.4,62.8,64.1,3237.374
2021-12-08 14:30:00,64.3,65.2,64.1,64.6,2240.264
2021-12-08 15:00:00,64.8,64.8,63.6,64.1,3001.156
2021-12-08 15:30:00,64.1,64.4,63.3,63.8,1336.912
2021-12-08 16:00:00,63.8,64.4,63.5,63.9,1530.189
2021-12-08 16:30:00,64.0,66.0,63.6,65.3,5089.727
2021-12-08 17:00:00,65.4,65.4,64.7,64.7,1123.94
2021-12-08 17:30:00,64.7,65.6,64.6,64.9,1130.316
2021-12-08 18:00:00,64.9,65.3,64.6,65.0,615.819
2021-12-08 18:30:00,65.0,65.8,64.6,65.0,1327.208
2021-12-08 19:00:00,65.1,65.3,64.5,64.7,868.203
2021-12-08 19:30:00,64.7,65.1,63.9,64.4,1536.513
2021-12-08 20:00:00,64.3,66.3,64.3,65.8,2383.557
2021-12-08 20:30:00,65.8,66.0,65.0,65.3,1367.073
2021-12-08 21:00:00,65.3,65.9,65.0,65.1,1046.098
2021-12-08 21:30:00,65.2,65.8,65.1,65.2,372.905
2021-12-08 22:00:00,65.4,66.1,65.2,65.9,625.794
2021-12-08 22:30:00,65.9,66.3,65.0,65.8,926.347
2021-12-08 23:00:00,65.8,66.6,65.8,66.2,1065.554
2021-12-08 23:30:00,66.2,66.6,66.0,66.3,803.144
2021-12-09 00:00:00,66.4,66.4,65.5,65.7,1825.036
2021-12-09 00:30:00,65.7,66.6,65.4,66.2,1119.081
2021-12-09 01:00:00,66.1,66.3,66.0,66.1,549.705
2021-12-09 01:30:00,66.2,66.6,66.1,66.5,719.285
2021-12-09 02:00:00,66.4,66.5,65.0,65.7,2513.694
2021-12-09 02:30:00,65.8,65.8,64.6,64.7,1356.998
2021-12-09 03:00:00,64.7,65.0,64.3,64.6,1337.173
2021-12-09 03:30:00,64.5,64.5,63.1,63.9,2088.815
2021-12-09 04:00:00,63.8,63.9,63.3,63.4,469.595
2021-12-09 04:30:00,63.5,63.6,63.2,63.5,471.409
2021-12-09 05:00:00,63.5,63.9,62.8,63.1,1036.011
2021-12-09 05:30:00,63.1,63.7,62.9,63.4,908.793
2021-12-09 06:00:00,63.5,63.5,63.3,63.3,926.988
2021-12-09 06:30:00,63.3,63.6,63.3,63.3,538.41
2021-12-09 07:00:00,63.5,63.5,62.5,63.1,1439.844
2021-12-09 07:30:00,63.1,65.3,63.0,64.4,4863.82
2021-12-09 08:00:00,64.2,65.5,64.1,65.0,1636.844
2021-12-09 08:30:00,65.0,65.2,63.6,63.9,1495.423
2021-12-09 09:00:00,64.0,64.0,63.2,63.3,833.53
2021-12-09 09:30:00,63.3,63.8,63.2,63.7,728.636
2021-12-09 10:00:00,63.7,64.0,63.0,63.3,1317.567
2021-12-09 10:30:00,63.3,64.0,63.0,63.7,958.761
2021-12-09 11:00:00,63.6,64.4,63.2,63.8,1242.126
2021-12-09 11:30:00,63.8,67.3,63.8,66.2,7245.977
2021-12-09 12:00:00,66.4,67.6,65.8,66.5,3274.373
2021-12-09 12:30:00,66.5,67.5,65.6,67.4,1991.762
2021-12-09 13:00:00,67.4,70.5,67.2,70.4,6585.816
2021-12-09 13:30:00,70.3,72.4,69.4,71.6,8257.666
2021-12-09 14:00:00,71.7,72.7,68.3,68.7,6083.175
2021-12-09 14:30:00,68.6,69.2,66.6,67.5,5298.486
2021-12-09 15:00:00,67.5,68.3,65.4,65.9,6001.32
2021-12-09 15:30:00,65.9,66.9,65.0,66.6,3509.25
2021-12-09 16:00:00,66.7,66.7,64.8,65.8,4576.454
2021-12-09 16:30:00,65.8,66.3,64.9,65.2,2141.688
2021-12-09 17:00:00,65.1,65.1,64.7,64.8,1093.442
2021-12-09 17:30:00,64.8,64.8,63.5,63.7,1929.315
2021-12-09 18:00:00,63.6,64.1,63.2,63.3,1042.236
2021-12-09 18:30:00,63.3,63.8,63.0,63.1,967.843
2021-12-09 19:00:00,63.1,63.9,63.0,63.2,654.793
2021-12-09 19:30:00,63.2,63.5,63.0,63.3,344.233
2021-12-09 20:00:00,63.3,63.4,63.0,63.1,856.232
2021-12-09 20:30:00,63.1,63.6,63.0,63.3,634.623
2021-12-09 21:00:00,63.2,64.2,63.2,63.6,663.07
2021-12-09 21:30:00,63.5,64.0,63.2,63.5,456.223
2021-12-09 22:00:00,63.6,64.6,63.5,64.0,1110.256
2021-12-09 22:30:00,64.1,65.2,63.5,64.3,1881.106
2021-12-09 23:00:00,64.1,64.8,63.3,64.4,1195.48
2021-12-09 23:30:00,64.4,65.4,63.7,64.4,1410.527
2021-12-10 00:00:00,64.4,65.3,63.9,65.0,1558.917
2021-12-10 00:30:00,64.9,65.6,64.7,65.3,893.504
2021-12-10 01:00:00,65.1,65.5,64.7,65.3,670.284
2021-12-10 01:30:00,65.2,65.7,65.0,65.3,841.632
2021-12-10 02:00:00,65.2,65.7,65.1,65.3,531.381
2021-12-10 02:30:00,65.3,66.3,65.3,66.0,2108.836
2021-12-10 03:00:00,66.1,66.7,64.2,64.7,2399.875
2021-12-10 03:30:00,64.6,65.4,64.5,65.1,420.141
2021-12-10 04:00:00,65.2,65.2,63.8,64.2,1288.445
2021-12-10 04:30:00,64.3,64.6,63.5,64.5,1040.53
2021-12-10 05:00:00,64.4,64.4,63.7,63.7,235.791
2021-12-10 05:30:00,63.9,64.0,63.3,64.0,680.69
2021-12-10 06:00:00,64.1,64.1,63.0,63.5,1260.673
2021-12-10 06:30:00,63.5,63.8,62.5,62.9,2570.977
2021-12-10 07:00:00,62.9,62.9,60.9,62.3,4269.424
2021-12-10 07:30:00,62.4,64.0,61.6,62.5,4276.865
2021-12-10 08:00:00,62.5,62.7,62.3,62.5,472.631
2021-12-10 08:30:00,62.5,64.1,62.3,63.1,1004.22
2021-12-10 09:00:00,63.2,63.8,62.9,63.5,591.125
2021-12-10 09:30:00,63.7,64.2,63.4,64.2,1445.351
2021-12-10 10:00:00,64.2,68.2,64.0,66.9,10188.521
2021-12-10 10:30:00,66.9,81.3,66.0,75.5,58236.01
2021-12-10 11:00:00,75.5,80.9,74.9,76.7,42401.152
2021-12-10 11:30:00,76.8,78.1,73.5,74.9,14224.186
2021-12-10 12:00:00,74.9,76.2,72.0,72.8,10199.568
2021-12-10 12:30:00,72.6,73.6,71.4,71.7,4767.484
2021-12-10 13:00:00,71.8,72.0,68.3,69.1,14672.132
2021-12-10 13:30:00,69.1,70.9,68.4,70.6,4057.085
2021-12-10 14:00:00,70.6,71.5,68.9,69.5,3335.194
2021-12-10 14:30:00,69.1,70.6,65.7,66.4,15864.339
2021-12-10 15:00:00,66.4,68.8,65.8,66.9,5390.887
2021-12-10 15:30:00,67.0,68.5,65.5,66.3,6047.087
2021-12-10 16:00:00,66.4,66.5,65.0,65.9,2012.625
2021-12-10 16:30:00,66.0,66.8,65.4,66.4,1402.092
2021-12-10 17:00:00,66.4,66.5,65.5,65.5,859.645
2021-12-10 17:30:00,65.7,66.6,65.1,66.3,1135.68
2021-12-10 18:00:00,66.5,66.5,65.3,66.4,1042.192
2021-12-10 18:30:00,66.4,66.7,66.0,66.2,806.678
2021-12-10 19:00:00,66.2,66.8,66.0,66.3,1170.53
2021-12-10 19:30:00,66.1,67.1,65.8,66.2,887.564
2021-12-10 20:00:00,66.2,66.8,66.1,66.5,392.668
2021-12-10 20:30:00,66.4,66.7,66.3,66.5,342.112
2021-12-10 21:00:00,66.5,66.9,66.3,66.9,364.578
2021-12-10 21:30:00,66.8,66.9,65.5,65.9,956.263
2021-12-10 22:00:00,65.9,66.6,65.4,66.6,577.913
2021-12-10 22:30:00,66.4,66.6,65.5,65.7,828.272
2021-12-10 23:00:00,65.7,66.5,65.2,65.8,1464.402
2021-12-10 23:30:00,65.8,66.1,64.6,64.6,1688.738
2021-12-11 00:00:00,64.7,65.1,63.4,65.1,2046.678
2021-12-11 00:30:00,65.2,65.8,64.5,64.9,1213.02
2021-12-11 01:00:00,65.0,65.7,64.8,65.1,301.308
2021-12-11 01:30:00,65.0,65.5,64.7,64.9,421.803
2021-12-11 02:00:00,65.0,65.7,64.8,65.2,592.565
2021-12-11 02:30:00,65.2,65.7,65.0,65.5,235.228
2021-12-11 03:00:00,65.5,67.1,65.5,66.2,1794.573
2021-12-11 03:30:00,66.4,69.7,66.3,69.7,4020.65
2021-12-11 04:00:00,69.7,73.4,69.6,73.0,11459.23
2021-12-11 04:30:00,72.8,75.1,71.1,71.3,9611.263
2021-12-11 05:00:00,71.4,76.0,70.8,73.7,5967.982
2021-12-11 05:30:00,73.6,81.3,73.5,80.9,20277.664
2021-12-11 06:00:00,80.7,88.0,77.4,86.2,38572.949
2021-12-11 06:30:00,86.2,92.5,83.9,87.8,42581.287
2021-12-11 07:00:00,87.8,88.0,82.3,82.8,23724.204
2021-12-11 07:30:00,82.8,84.8,79.9,80.8,14710.965
2021-12-11 08:00:00,80.8,85.0,80.2,81.7,17042.826
2021-12-11 08:30:00,81.9,90.9,80.5,88.2,26151.213
2021-12-11 09:00:00,88.3,92.0,86.0,90.5,27132.804
2021-12-11 09:30:00,90.5,97.5,90.0,92.8,42006.438
2021-12-11 10:00:00,92.8,96.0,89.3,93.1,27171.297
2021-12-11 10:30:00,93.3,98.0,90.0,91.4,31601.147
2021-12-11 11:00:00,91.4,91.9,88.0,88.3,13540.357
2021-12-11 11:30:00,88.2,89.3,87.2,87.5,7510.183
2021-12-11 12:00:00,87.5,91.0,87.1,87.5,13306.803
2021-12-11 12:30:00,87.5,89.9,87.1,89.0,8377.626
2021-12-11 13:00:00,88.9,91.1,87.5,89.3,12691.683
2021-12-11 13:30:00,89.4,93.4,88.9,91.2,11943.0
2021-12-11 14:00:00,91.1,92.8,89.0,90.6,9406.68
2021-12-11 14:30:00,90.6,92.8,88.0,88.7,10441.915
2021-12-11 15:00:00,88.7,91.3,88.5,90.0,5295.554
2021-12-11 15:30:00,89.9,90.4,88.4,88.8,2856.678
2021-12-11 16:00:00,88.8,89.2,86.4,86.4,4756.769
2021-12-11 16:30:00,86.6,86.7,85.1,85.2,5319.644
2021-12-11 17:00:00,85.2,86.9,85.0,86.2,3421.6
2021-12-11 17:30:00,86.2,86.9,83.1,83.8,8624.937
2021-12-11 18:00:00,83.8,87.9,83.7,85.8,4501.489
2021-12-11 18:30:00,85.8,88.5,85.4,88.1,6197.202
2021-12-11 19:00:00,88.1,89.2,85.8,86.6,7905.704
2021-12-11 19:30:00,86.6,87.9,84.2,85.2,6432.107
2021-12-11 20:00:00,85.2,85.9,83.6,84.7,4127.482
2021-12-11 20:30:00,84.6,86.3,84.4,84.8,3698.962
2021-12-11 21:00:00,84.8,87.0,84.4,85.6,1372.004
2021-12-11 21:30:00,85.6,87.0,84.4,85.2,3138.508
2021-12-11 22:00:00,85.2,85.3,83.6,83.8,1558.233
2021-12-11 22:30:00,83.8,90.0,83.8,86.5,11622.028
2021-12-11 23:00:00,86.5,88.3,86.5,88.0,3487.905
2021-12-11 23:30:00,88.0,88.1,86.5,86.8,2480.139
2021-12-12 00:00:00,86.9,88.9,86.2,88.7,4189.294
2021-12-12 00:30:00,88.8,90.9,87.4,89.4,8650.478
2021-12-12 01:00:00,89.2,90.0,87.9,89.9,3288.35
2021-12-12 01:30:00,89.9,94.8,89.5,91.3,15038.182
2021-12-12 02:00:00,91.3,93.6,91.3,91.5,4068.94
2021-12-12 02:30:00,91.6,94.1,90.0,93.2,8289.149
2021-12-12 03:00:00,93.2,94.8,92.5,92.9,6194.446
2021-12-12 03:30:00,92.8,93.8,91.8,92.1,3210.815
2021-12-12 04:00:00,92.1,93.2,91.2,92.2,3317.592
2021-12-12 04:30:00,92.2,94.1,92.1,93.6,4717.205
2021-12-12 05:00:00,93.8,93.8,88.9,89.4,7968.629
2021-12-12 05:30:00,89.4,90.6,89.0,89.2,2094.625
2021-12-12 06:00:00,89.2,90.2,89.2,89.7,1290.05
2021-12-12 06:30:00,89.8,89.8,87.4,88.1,4005.248
2021-12-12 07:00:00,88.1,88.3,87.0,87.8,2431.302
2021-12-12 07:30:00,87.8,88.1,86.2,86.5,2826.018
2021-12-12 08:00:00,86.6,87.6,86.4,87.1,1685.674
2021-12-12 08:30:00,87.1,87.2,84.3,84.7,4212.403
2021-12-12 09:00:00,84.8,87.4,84.8,85.4,2784.436
2021-12-12 09:30:00,85.3,85.8,85.0,85.4,921.576
2021-12-12 10:00:00,85.4,87.6,85.3,87.4,2082.024
2021-12-12 10:30:00,87.5,88.5,86.3,86.5,1911.938
2021-12-12 11:00:00,86.3,86.4,85.0,85.4,1367.323
2021-12-12 11:30:00,85.4,85.6,84.8,84.9,1237.828
2021-12-12 12:00:00,84.9,85.5,82.7,83.4,4630.314
2021-12-12 12:30:00,83.6,84.2,83.1,83.5,1581.59
2021-12-12 13:00:00,83.5,83.5,81.8,82.9,3092.246
2021-12-12 13:30:00,82.9,83.4,81.2,83.1,4737.235
2021-12-12 14:00:00,83.1,85.2,83.1,85.2,2080.593
2021-12-12 14:30:00,85.0,87.0,84.9,86.0,2919.979
2021-12-12 15:00:00,86.0,86.0,84.2,85.0,1562.204
2021-12-12 15:30:00,84.9,85.4,84.6,85.3,897.357
2021-12-12 16:00:00,85.3,85.4,83.5,83.9,1486.582
2021-12-12 16:30:00,83.9,84.1,83.0,83.4,948.624
2021-12-12 17:00:00,83.5,83.9,83.1,83.1,535.924
2021-12-12 17:30:00,83.2,83.5,82.9,83.3,777.215
2021-12-12 18:00:00,83.3,83.4,81.4,82.0,3069.789
2021-12-12 18:30:00,82.0,83.8,82.0,83.2,1615.543
2021-12-12 19:00:00,83.2,84.3,82.5,82.9,880.299
2021-12-12 19:30:00,82.9,85.3,82.9,84.5,1983.917
2021-12-12 20:00:00,84.4,84.4,84.0,84.1,736.749
2021-12-12 20:30:00,84.1,84.2,83.1,83.4,488.419
2021-12-12 21:00:00,83.4,83.5,83.2,83.2,184.152
2021-12-12 21:30:00,83.4,83.5,82.9,82.9,308.706
2021-12-12 22:00:00,83.0,83.4,82.9,83.3,118.802
2021-12-12 22:30:00,83.2,83.6,83.1,83.2,198.319
2021-12-12 23:00:00,83.4,83.4,82.1,83.3,1052.345
2021-12-12 23:30:00,83.3,83.4,82.8,82.9,470.935
2021-12-13 00:00:00,83.0,83.5,82.7,83.3,939.654
2021-12-13 00:30:00,83.4,83.4,82.7,83.4,409.183
2021-12-13 01:00:00,83.4,84.6,82.8,83.5,1623.239
2021-12-13 01:30:00,83.4,85.0,83.4,84.6,1050.069
2021-12-13 02:00:00,84.4,86.2,83.6,86.1,1436.468
2021-12-13 02:30:00,86.1,87.0,85.6,86.4,1534.247
2021-12-13 03:00:00,86.6,86.6,85.5,86.0,620.703
2021-12-13 03:30:00,86.0,86.1,84.4,84.4,692.539
2021-12-13 04:00:00,84.4,87.0,84.4,86.6,627.173
2021-12-13 04:30:00,86.8,87.8,86.0,86.7,1858.85
2021-12-13 05:00:00,86.5,88.5,86.5,88.3,1519.404
2021-12-13 05:30:00,88.4,88.5,87.5,88.1,1326.769
2021-12-13 06:00:00,88.1,89.2,87.7,87.7,947.251
2021-12-13 06:30:00,87.7,87.9,86.0,86.2,1004.889
2021-12-13 07:00:00,86.3,87.0,85.2,86.4,1092.345
2021-12-13 07:30:00,86.5,87.7,86.0,87.7,824.392
2021-12-13 08:00:00,87.7,88.5,87.3,88.0,1320.221
2021-12-13 08:30:00,88.2,90.2,87.9,90.2,2866.593
2021-12-13 09:00:00,90.2,94.5,90.2,93.9,12038.42
2021-12-13 09:30:00,93.9,94.2,89.0,90.8,8641.325
2021-12-13 10:00:00,90.6,92.6,90.5,90.6,3696.169
2021-12-13 10:30:00,90.6,91.0,88.4,88.5,3729.714
2021-12-13 11:00:00,88.5,90.9,88.4,90.8,1847.836
2021-12-13 11:30:00,90.7,91.9,90.0,90.3,2102.777
2021-12-13 12:00:00,90.2,90.4,89.0,89.2,3766.526
2021-12-13 12:30:00,89.0,89.3,87.1,87.4,2233.986
2021-12-13 13:00:00,87.5,89.3,87.1,87.5,1809.511
2021-12-13 13:30:00,87.6,91.0,87.1,90.0,2388.366
2021-12-13 14:00:00,89.9,92.3,86.0,86.3,9492.961
2021-12-13 14:30:00,86.3,86.5,83.8,84.5,6339.729
2021-12-13 15:00:00,84.4,85.1,83.3,84.3,2576.335
2021-12-13 15:30:00,84.1,84.2,82.0,82.8,2830.797
2021-12-13 16:00:00,82.7,83.7,82.0,82.6,2249.367
2021-12-13 16:30:00,82.5,83.3,82.2,83.0,1217.026
2021-12-13 17:00:00,83.1,84.0,82.8,83.1,1538.926
2021-12-13 17:30:00,83.1,93.0,82.8,92.1,17067.232
2021-12-13 18:00:00,92.3,105.0,92.1,103.4,69643.132
2021-12-13 18:30:00,103.4,109.7,95.5,96.4,90067.134
2021-12-13 19:00:00,96.5,103.0,96.2,98.6,31734.237
2021-12-13 19:30:00,98.6,102.5,96.5,99.0,19013.095
2021-12-13 20:00:00,98.8,98.8,95.9,96.7,10408.797
2021-12-13 20:30:00,96.7,96.7,92.7,93.5,9720.171
2021-12-13 21:00:00,93.5,95.9,92.7,95.4,6150.313
2021-12-13 21:30:00,95.4,96.0,92.9,93.8,4822.568
2021-12-13 22:00:00,93.6,93.7,91.6,91.9,3832.175
2021-12-13 22:30:00,92.0,93.3,91.0,92.6,3048.325
2021-12-13 23:00:00,92.6,96.0,90.5,95.1,6814.057
2021-12-13 23:30:00,95.1,100.2,93.8,95.5,16420.881
2021-12-14 00:00:00,95.3,95.6,91.7,92.5,9558.438
2021-12-14 00:30:00,92.4,95.2,91.6,95.1,4639.747
2021-12-14 01:00:00,95.1,96.7,93.1,93.4,4683.069
2021-12-14 01:30:00,93.4,94.4,93.3,94.2,1454.734
2021-12-14 02:00:00,94.1,96.7,94.0,96.6,2872.972
2021-12-14 02:30:00,96.6,100.9,96.3,100.7,8797.763
2021-12-14 03:00:00,100.6,103.9,98.7,103.4,13947.171
2021-12-14 03:30:00,103.3,103.6,98.3,99.3,5930.387
2021-12-14 04:00:00,99.3,101.8,98.1,99.4,6622.379
2021-12-14 04:30:00,99.4,100.7,98.4,98.4,3078.32
2021-12-14 05:00:00,98.3,100.0,96.5,99.5,4638.86
2021-12-14 05:30:00,99.4,102.1,98.1,98.5,4344.075
2021-12-14 06:00:00,98.6,105.5,97.7,105.5,8794.048
2021-12-14 06:30:00,105.5,106.3,101.1,102.3,11918.452
2021-12-14 07:00:00,102.4,109.2,102.1,107.5,14448.032
2021-12-14 07:30:00,107.5,107.8,103.8,103.8,5990.099
2021-12-14 08:00:00,103.8,108.5,103.8,107.2,7874.497
2021-12-14 08:30:00,107.0,107.6,103.9,105.0,6977.612
2021-12-14 09:00:00,104.9,106.5,103.1,104.5,6118.871
2021-12-14 09:30:00,104.5,104.7,102.0,102.1,3874.825
2021-12-14 10:00:00,102.0,106.0,101.2,104.8,5645.059
2021-12-14 10:30:00,104.9,105.0,102.2,102.8,3409.037
2021-12-14 11:00:00,102.9,104.0,98.6,101.9,9175.922
2021-12-14 11:30:00,101.9,101.9,96.6,97.4,8842.409
2021-12-14 12:00:00,97.4,97.9,89.8,91.0,19549.283
2021-12-14 12:30:00,90.9,92.0,85.8,86.1,13569.576
2021-12-14 13:00:00,86.0,86.8,82.9,85.8,15497.097
2021-12-14 13:30:00,85.5,85.7,82.7,85.0,9942.347
2021-12-14 14:00:00,85.2,87.1,84.0,84.2,7048.776
2021-12-14 14:30:00,84.0,84.4,81.6,82.1,7730.18
2021-12-14 15:00:00,82.3,85.9,79.9,84.8,20538.934
2021-12-14 15:30:00,84.8,85.6,83.3,84.3,4833.059
2021-12-14 16:00:00,84.3,85.2,84.3,84.5,2321.666
2021-12-14 16:30:00,84.3,84.4,80.9,81.1,6053.795
2021-12-14 17:00:00,81.2,82.4,80.1,81.0,4307.595
2021-12-14 17:30:00,81.1,83.3,80.5,82.1,3151.438
2021-12-14 18:00:00,82.1,83.4,81.1,81.8,3169.541
2021-12-14 18:30:00,81.8,82.8,81.1,82.6,2744.1
2021-12-14 19:00:00,82.8,83.5,82.1,82.6,2742.771
2021-12-14 19:30:00,82.7,83.2,81.6,83.0,1603.112
2021-12-14 20:00:00,83.0,84.0,82.9,83.8,1701.289
2021-12-14 20:30:00,83.8,84.6,83.1,83.6,2238.587
2021-12-14 21:00:00,83.7,84.6,83.3,83.4,3788.359
2021-12-14 21:30:00,83.3,84.6,83.0,84.0,3504.534
2021-12-14 22:00:00,84.0,84.4,83.1,83.9,2112.613
2021-12-14 22:30:00,83.9,84.0,83.2,83.6,1151.388
2021-12-14 23:00:00,83.6,83.8,83.2,83.4,629.305
2021-12-14 23:30:00,83.5,84.2,83.0,84.1,1399.439
2021-12-15 00:00:00,84.1,84.3,83.1,83.3,2303.087
2021-12-15 00:30:00,83.3,83.6,81.9,82.4,2213.03
2021-12-15 01:00:00,82.5,82.9,81.7,81.8,843.631
2021-12-15 01:30:00,81.7,82.2,80.8,81.3,2070.753
2021-12-15 02:00:00,81.4,82.2,80.5,81.8,1453.218
2021-12-15 02:30:00,81.7,81.8,80.6,80.8,2274.245
2021-12-15 03:00:00,80.8,84.3,80.4,83.1,11148.905
2021-12-15 03:30:00,83.1,83.9,82.9,83.7,1456.255
2021-12-15 04:00:00,83.9,83.9,82.0,82.1,3989.59
2021-12-15 04:30:00,82.1,83.3,81.9,82.4,2276.6
2021-12-15 05:00:00,82.4,83.3,82.0,82.8,1537.182
2021-12-15 05:30:00,82.8,83.5,82.3,82.9,1627.206
2021-12-15 06:00:00,82.9,84.3,82.6,83.3,3928.56
2021-12-15 06:30:00,83.3,84.0,82.5,83.6,1860.888
2021-12-15 07:00:00,83.7,87.5,83.1,85.3,6339.075
2021-12-15 07:30:00,85.3,88.0,85.0,88.0,5541.812
2021-12-15 08:00:00,88.0,88.3,85.0,86.7,4636.108
2021-12-15 08:30:00,86.8,88.8,85.9,88.4,4733.191
2021-12-15 09:00:00,88.4,93.6,88.2,90.5,12985.046
2021-12-15 09:30:00,90.3,94.4,90.3,94.2,7576.861
2021-12-15 10:00:00,94.0,95.2,90.3,91.5,7372.798
2021-12-15 10:30:00,91.5,91.5,88.2,89.1,6240.856
2021-12-15 11:00:00,89.2,89.3,85.6,86.1,5699.429
2021-12-15 11:30:00,86.1,88.3,86.1,87.5,2475.925
2021-12-15 12:00:00,87.3,89.3,86.9,88.1,2476.679
2021-12-15 12:30:00,88.1,88.3,85.5,86.3,3232.02
2021-12-15 13:00:00,86.2,88.4,86.2,87.9,2599.828
2021-12-15 13:30:00,87.9,87.9,87.0,87.1,1507.047
2021-12-15 14:00:00,87.0,87.1,85.0,85.5,3829.168
2021-12-15 14:30:00,85.5,86.3,85.0,85.4,2358.967
2021-12-15 15:00:00,85.4,86.4,82.3,82.9,6870.171
2021-12-15 15:30:00,82.9,84.5,82.3,82.8,3375.628
2021-12-15 16:00:00,82.7,84.5,80.9,82.8,7395.437
2021-12-15 16:30:00,82.8,83.9,82.6,83.6,738.039
2021-12-15 17:00:00,83.7,84.3,83.1,83.7,1949.607
2021-12-15 17:30:00,83.7,85.9,83.3,83.5,5574.281
2021-12-15 18:00:00,83.5,83.8,83.2,83.3,768.675
2021-12-15 18:30:00,83.3,84.5,82.1,83.4,2134.03
2021-12-15 19:00:00,83.6,84.8,81.3,84.2,6156.65
2021-12-15 19:30:00,84.2,86.6,84.2,85.7,2440.642
2021-12-15 20:00:00,85.6,86.8,85.5,86.8,4337.087
2021-12-15 20:30:00,86.7,86.9,86.0,86.8,1352.067
2021-12-15 21:00:00,86.8,86.9,85.3,86.3,1810.532
2021-12-15 21:30:00,86.3,87.3,86.3,87.1,1695.553
2021-12-15 22:00:00,87.1,87.7,85.8,87.5,2059.873
2021-12-15 22:30:00,87.5,87.6,86.9,87.2,772.281
2021-12-15 23:00:00,87.3,88.6,87.2,88.5,1626.459
2021-12-15 23:30:00,88.3,88.5,87.4,87.8,866.063
2021-12-16 00:00:00,87.8,88.3,86.7,87.3,1977.799
2021-12-16 00:30:00,87.2,87.3,85.6,86.0,1056.494
2021-12-16 01:00:00,86.0,86.7,85.8,86.4,542.352
2021-12-16 01:30:00,86.3,86.9,85.7,86.7,1171.413
2021-12-16 02:00:00,86.7,86.7,86.0,86.6,944.225
2021-12-16 02:30:00,86.4,86.6,86.2,86.2,546.147
2021-12-16 03:00:00,86.3,86.4,85.8,85.8,618.646
2021-12-16 03:30:00,85.8,87.2,85.6,86.7,1965.413
2021-12-16 04:00:00,86.7,87.2,86.3,86.5,708.897
2021-12-16 04:30:00,86.5,86.9,86.1,86.8,409.186
2021-12-16 05:00:00,86.7,87.9,86.7,87.6,1693.671
2021-12-16 05:30:00,87.6,88.2,87.4,88.0,875.744
2021-12-16 06:00:00,87.8,88.4,87.6,88.3,786.398
2021-12-16 06:30:00,88.2,89.6,88.1,89.3,1599.479
2021-12-16 07:00:00,89.3,89.3,87.7,88.2,1824.544
2021-12-16 07:30:00,88.2,88.3,87.2,87.3,1884.952
2021-12-16 08:00:00,87.3,88.5,87.2,88.4,1198.499
2021-12-16 08:30:00,88.5,89.0,88.3,88.5,1711.778
2021-12-16 09:00:00,88.5,88.7,87.6,87.7,1485.492
2021-12-16 09:30:00,87.7,87.9,86.8,87.4,1529.67
2021-12-16 10:00:00,87.4,87.4,86.0,86.2,1637.921
2021-12-16 10:30:00,86.3,86.9,85.2,85.9,1594.105
2021-12-16 11:00:00,86.1,86.5,85.5,86.5,1433.302
2021-12-16 11:30:00,86.5,86.7,86.1,86.2,862.838
2021-12-16 12:00:00,86.2,86.8,83.5,85.8,2751.336
2021-12-16 12:30:00,85.8,85.9,84.4,84.6,1041.089
2021-12-16 13:00:00,84.6,85.4,84.3,84.9,1124.082
2021-12-16 13:30:00,84.9,85.7,84.7,85.3,1659.582
2021-12-16 14:00:00,85.3,85.9,84.6,85.7,1242.886
2021-12-16 14:30:00,85.7,86.0,85.3,85.4,1721.172
2021-12-16 15:00:00,85.5,85.6,84.4,85.2,1926.098
2021-12-16 15:30:00,85.2,85.4,84.3,84.5,1452.231
2021-12-16 16:00:00,84.5,85.5,84.5,84.6,1483.929
2021-12-16 16:30:00,84.7,85.0,84.4,84.5,1219.164
2021-12-16 17:00:00,84.5,84.6,83.8,83.8,1530.979
2021-12-16 17:30:00,83.8,84.2,83.6,83.9,1138.575
2021-12-16 18:00:00,83.9,85.2,82.0,83.1,4624.966
2021-12-16 18:30:00,83.1,83.3,82.5,82.7,834.746
2021-12-16 19:00:00,82.7,83.2,82.1,82.2,853.348
2021-12-16 19:30:00,82.2,82.8,82.0,82.4,1117.161
2021-12-16 20:00:00,82.4,82.8,82.1,82.2,609.319
2021-12-16 20:30:00,82.4,82.8,82.0,82.1,897.737
2021-12-16 21:00:00,82.1,83.2,82.0,82.7,919.595
2021-12-16 21:30:00,82.7,83.2,82.0,82.0,532.551
2021-12-16 22:00:00,82.0,82.7,81.8,82.2,916.569
2021-12-16 22:30:00,82.2,82.9,82.0,82.2,680.677
2021-12-16 23:00:00,82.2,82.3,81.7,81.8,1022.447
2021-12-16 23:30:00,81.8,82.5,81.8,82.1,874.404
2021-12-17 00:00:00,82.1,82.3,81.2,81.5,1097.043
2021-12-17 00:30:00,81.6,81.9,81.0,81.3,1427.852
2021-12-17 01:00:00,81.3,82.0,81.0,81.0,2085.585
2021-12-17 01:30:00,81.1,81.5,81.0,81.3,1951.211
2021-12-17 02:00:00,81.3,81.5,81.0,81.2,586.809
2021-12-17 02:30:00,81.2,81.7,81.0,81.0,942.969
2021-12-17 03:00:00,81.0,81.2,78.4,79.5,4696.981
2021-12-17 03:30:00,79.4,79.8,78.6,79.0,1352.331
2021-12-17 04:00:00,78.8,79.0,78.0,78.2,1150.559
2021-12-17 04:30:00,78.1,78.4,76.7,76.7,2050.707
2021-12-17 05:00:00,76.7,77.0,75.2,75.9,3386.132
2021-12-17 05:30:00,75.9,76.4,75.1,76.2,2461.276
2021-12-17 06:00:00,76.3,76.5,75.5,75.9,1418.237
2021-12-17 06:30:00,75.9,77.8,75.9,77.3,3057.765
2021-12-17 07:00:00,77.3,77.3,76.0,76.6,2709.774
2021-12-17 07:30:00,76.4,76.6,75.2,75.7,1928.336
2021-12-17 08:00:00,75.7,77.6,75.7,75.9,1774.285
2021-12-17 08:30:00,76.0,76.5,75.8,76.4,739.594
2021-12-17 09:00:00,76.5,77.7,76.3,77.6,1816.057
2021-12-17 09:30:00,77.6,78.2,77.2,78.0,2181.5
2021-12-17 10:00:00,78.1,78.3,75.8,75.8,2554.489
2021-12-17 10:30:00,75.8,76.0,75.0,75.3,1314.176
2021-12-17 11:00:00,75.3,75.9,75.1,75.7,918.739
2021-12-17 11:30:00,75.7,75.7,75.1,75.5,1315.032
2021-12-17 12:00:00,75.6,75.6,74.1,74.8,1912.488
2021-12-17 12:30:00,74.9,74.9,73.6,74.0,972.035
2021-12-17 13:00:00,74.0,74.2,72.2,73.0,4709.86
2021-12-17 13:30:00,73.1,73.3,72.5,72.9,1763.248
2021-12-17 14:00:00,72.8,73.1,71.7,72.0,2583.906
2021-12-17 14:30:00,72.0,72.0,70.3,71.3,4722.735
2021-12-17 15:00:00,71.3,71.3,67.9,69.5,5802.277
2021-12-17 15:30:00,69.5,71.8,69.3,71.5,4507.413
2021-12-17 16:00:00,71.7,72.6,71.5,72.6,2180.932
2021-12-17 16:30:00,72.6,73.1,72.4,73.1,1777.223
2021-12-17 17:00:00,73.0,73.2,72.6,72.7,1222.99
2021-12-17 17:30:00,72.7,72.8,71.9,72.3,1210.851
2021-12-17 18:00:00,72.3,72.8,72.0,72.6,510.299
2021-12-17 18:30:00,72.5,73.0,72.4,72.7,755.299
2021-12-17 19:00:00,72.8,73.3,72.4,72.4,1039.494
2021-12-17 19:30:00,72.7,72.9,72.4,72.7,341.0
2021-12-17 20:00:00,72.6,72.9,72.5,72.5,417.944
2021-12-17 20:30:00,72.7,72.8,72.2,72.5,723.131
2021-12-17 21:00:00,72.4,73.1,72.4,73.0,539.247
2021-12-17 21:30:00,73.0,73.3,72.8,72.9,602.855
2021-12-17 22:00:00,72.9,73.1,70.9,71.8,2638.547
2021-12-17 22:30:00,71.8,72.2,71.6,72.2,456.918
2021-12-17 23:00:00,72.2,72.2,71.8,72.1,242.593
2021-12-17 23:30:00,72.0,72.5,71.8,72.2,294.107
2021-12-18 00:00:00,72.2,72.4,71.4,71.7,714.788
2021-12-18 00:30:00,71.9,72.3,71.7,71.8,236.352
2021-12-18 01:00:00,71.9,72.0,70.3,70.9,2011.759
2021-12-18 01:30:00,71.0,71.1,70.3,70.6,921.288
2021-12-18 02:00:00,70.6,71.0,70.4,70.6,318.031
2021-12-18 02:30:00,70.6,70.9,70.6,70.8,140.395
2021-12-18 03:00:00,70.8,71.0,70.6,70.6,542.138
2021-12-18 03:30:00,70.6,71.0,70.4,70.8,629.367
2021-12-18 04:00:00,70.8,70.8,70.0,70.2,355.875
2021-12-18 04:30:00,70.2,70.3,70.0,70.2,492.415
2021-12-18 05:00:00,70.2,70.5,69.1,69.8,1208.772
2021-12-18 05:30:00,69.6,70.3,69.6,69.9,790.084
2021-12-18 06:00:00,70.0,70.2,68.2,68.7,2977.257
2021-12-18 06:30:00,68.7,69.6,68.5,68.6,713.054
2021-12-18 07:00:00,68.7,68.9,68.4,68.9,645.361
2021-12-18 07:30:00,68.9,69.6,68.9,69.4,940.249
2021-12-18 08:00:00,69.5,71.1,69.4,71.1,2719.325
2021-12-18 08:30:00,71.1,71.1,70.5,70.6,920.392
2021-12-18 09:00:00,70.6,72.2,70.6,71.9,2946.944
2021-12-18 09:30:00,72.0,72.6,71.2,72.1,1967.401
2021-12-18 10:00:00,72.1,72.9,71.5,72.6,1760.109
2021-12-18 10:30:00,72.6,74.0,72.4,73.6,1890.742
2021-12-18 11:00:00,73.6,74.1,72.1,72.3,2435.339
2021-12-18 11:30:00,72.6,73.1,71.9,73.0,896.496
2021-12-18 12:00:00,72.9,73.0,71.8,71.9,1092.377
2021-12-18 12:30:00,72.0,72.1,71.4,71.7,940.727
2021-12-18 13:00:00,71.7,72.5,71.7,72.1,976.822
2021-12-18 13:30:00,72.2,72.3,71.4,71.6,832.756
2021-12-18 14:00:00,71.6,72.0,71.2,71.9,862.234
2021-12-18 14:30:00,71.7,72.7,71.6,72.2,1112.225
2021-12-18 15:00:00,72.4,72.6,72.0,72.1,761.552
2021-12-18 15:30:00,72.3,72.3,71.8,71.9,286.997
2021-12-18 16:00:00,71.9,72.0,70.7,71.0,945.592
2021-12-18 16:30:00,71.0,71.0,70.4,70.8,848.101
2021-12-18 17:00:00,70.6,70.9,70.3,70.5,457.197
2021-12-18 17:30:00,70.5,70.7,70.0,70.4,921.698
2021-12-18 18:00:00,70.4,70.9,70.3,70.8,241.835
2021-12-18 18:30:00,70.7,70.9,70.2,70.4,390.29
2021-12-18 19:00:00,70.4,70.4,70.0,70.3,336.671
2021-12-18 19:30:00,70.2,70.3,70.0,70.1,406.117
2021-12-18 20:00:00,70.2,70.5,70.0,70.5,262.587
2021-12-18 20:30:00,70.5,70.9,70.2,70.8,440.211
2021-12-18 21:00:00,70.8,70.9,70.5,70.6,272.398
2021-12-18 21:30:00,70.6,71.0,70.6,70.9,314.657
2021-12-18 22:00:00,70.7,71.0,69.7,69.9,1960.76
2021-12-18 22:30:00,70.0,70.4,69.9,70.1,334.418
2021-12-18 23:00:00,70.1,70.2,69.9,70.1,296.428
2021-12-18 23:30:00,70.1,70.4,69.9,70.3,249.619
2021-12-19 00:00:00,70.3,70.4,69.9,70.2,439.686
2021-12-19 00:30:00,70.1,70.4,69.9,70.4,265.88
2021-12-19 01:00:00,70.4,70.6,70.2,70.4,492.057
2021-12-19 01:30:00,70.4,70.6,70.3,70.3,237.945
2021-12-19 02:00:00,70.3,70.6,70.2,70.5,392.66
2021-12-19 02:30:00,70.5,71.0,70.1,70.2,688.342
2021-12-19 03:00:00,70.4,70.9,70.0,70.9,646.671
2021-12-19 03:30:00,70.9,71.2,70.6,70.9,737.247
2021-12-19 04:00:00,70.9,71.9,70.9,71.5,1073.571
2021-12-19 04:30:00,71.6,72.2,71.6,71.9,837.739
2021-12-19 05:00:00,72.0,72.0,70.7,71.1,1053.9
2021-12-19 05:30:00,71.2,71.5,71.1,71.3,395.724
2021-12-19 06:00:00,71.5,71.9,71.3,71.9,455.112
2021-12-19 06:30:00,71.7,72.8,71.6,72.2,1375.692
2021-12-19 07:00:00,72.2,73.2,72.2,73.2,1298.537
2021-12-19 07:30:00,73.0,84.7,72.8,79.2,23608.256
2021-12-19 08:00:00,79.2,80.0,75.4,76.1,8340.226
2021-12-19 08:30:00,76.1,76.6,75.0,76.1,2612.107
2021-12-19 09:00:00,76.1,77.5,75.7,77.4,2631.141
2021-12-19 09:30:00,77.4,80.3,77.2,77.8,5063.493
2021-12-19 10:00:00,77.8,78.1,75.9,76.7,2552.426
2021-12-19 10:30:00,76.7,78.8,76.2,77.1,2254.111
2021-12-19 11:00:00,77.3,77.9,76.7,77.8,1186.937
2021-12-19 11:30:00,77.9,78.8,77.2,78.3,1763.386
2021-12-19 12:00:00,78.2,78.5,76.0,76.5,1527.558
2021-12-19 12:30:00,76.5,76.6,75.8,75.8,930.497
2021-12-19 13:00:00,75.9,77.6,75.6,77.6,2186.825
2021-12-19 13:30:00,77.6,79.9,77.0,79.9,3146.728
2021-12-19 14:00:00,79.8,80.4,76.9,77.6,4319.894
2021-12-19 14:30:00,77.6,78.2,77.3,77.6,1526.562
2021-12-19 15:00:00,77.8,79.9,77.5,79.2,2115.477
2021-12-19 15:30:00,79.0,80.2,78.4,79.0,3202.925
2021-12-19 16:00:00,78.8,79.0,78.0,78.4,1263.997
2021-12-19 16:30:00,78.5,78.6,76.0,76.9,3391.883
2021-12-19 17:00:00,76.7,77.0,75.3,75.3,4039.952
2021-12-19 17:30:00,75.4,75.8,75.3,75.4,528.104
2021-12-19 18:00:00,75.4,77.0,74.7,75.3,4481.64
2021-12-19 18:30:00,75.1,76.0,74.8,75.9,895.142
2021-12-19 19:00:00,75.9,76.3,74.5,74.9,1616.706
2021-12-19 19:30:00,74.8,75.1,73.9,74.3,1772.149
2021-12-19 20:00:00,74.2,74.8,73.4,74.5,1385.774
2021-12-19 20:30:00,74.4,75.8,74.4,74.6,963.884
2021-12-19 21:00:00,74.6,75.1,74.5,74.8,437.578
2021-12-19 21:30:00,74.9,74.9,74.3,74.7,326.425
2021-12-19 22:00:00,74.7,75.6,74.7,74.9,670.268
2021-12-19 22:30:00,75.0,75.5,74.8,74.9,368.865
2021-12-19 23:00:00,74.9,75.3,74.4,74.6,528.454
2021-12-19 23:30:00,74.7,74.7,74.2,74.4,738.482
2021-12-20 00:00:00,74.4,74.5,70.7,72.3,7479.777
2021-12-20 00:30:00,72.3,72.8,72.0,72.7,610.909
2021-12-20 01:00:00,72.6,73.8,72.4,73.4,1018.972
2021-12-20 01:30:00,73.4,73.5,71.4,73.2,2006.042
2021-12-20 02:00:00,73.2,73.4,72.2,73.0,828.148
2021-12-20 02:30:00,73.0,73.2,72.8,73.1,489.391
2021-12-20 03:00:00,73.1,73.4,72.4,72.8,1158.29
2021-12-20 03:30:00,72.8,73.0,72.6,72.8,479.534
2021-12-20 04:00:00,72.8,73.7,72.8,73.6,499.83
2021-12-20 04:30:00,73.6,73.6,72.7,73.2,546.577
2021-12-20 05:00:00,73.2,73.4,72.9,73.1,479.93
2021-12-20 05:30:00,73.2,75.1,73.0,73.9,1917.067
2021-12-20 06:00:00,73.9,74.8,73.8,74.4,1459.851
2021-12-20 06:30:00,74.4,74.4,72.3,72.6,1658.736
2021-12-20 07:00:00,72.6,73.3,72.3,73.0,553.194
2021-12-20 07:30:00,73.2,73.3,72.0,72.2,988.645
2021-12-20 08:00:00,72.0,73.7,71.8,72.7,1922.57
2021-12-20 08:30:00,72.8,73.3,72.5,73.0,624.525
2021-12-20 09:00:00,73.1,73.4,72.0,72.1,1277.455
2021-12-20 09:30:00,72.1,72.4,71.7,72.1,773.502
2021-12-20 10:00:00,72.1,72.5,71.5,72.5,1052.177
2021-12-20 10:30:00,72.5,72.9,72.0,72.5,851.897
2021-12-20 11:00:00,72.4,74.5,72.4,73.7,3674.54
2021-12-20 11:30:00,73.5,76.8,73.5,74.7,2831.911
2021-12-20 12:00:00,74.7,75.0,71.1,71.2,2970.9
2021-12-20 12:30:00,71.4,71.6,70.2,70.5,3443.958
2021-12-20 13:00:00,70.5,71.1,70.4,71.0,859.72
2021-12-20 13:30:00,71.0,71.3,70.6,70.8,446.17
2021-12-20 14:00:00,70.8,70.9,70.2,70.3,549.537
2021-12-20 14:30:00,70.4,71.3,70.1,70.8,1860.713
2021-12-20 15:00:00,70.7,70.9,70.5,70.8,369.155
2021-12-20 15:30:00,70.8,70.9,70.0,70.6,1283.075
2021-12-20 16:00:00,70.6,70.7,70.3,70.5,508.05
2021-12-20 16:30:00,70.4,70.5,70.1,70.2,924.666
2021-12-20 17:00:00,70.4,70.5,70.1,70.3,281.119
2021-12-20 17:30:00,70.4,70.8,70.3,70.6,400.855
2021-12-20 18:00:00,70.5,70.5,70.0,70.5,274.971
2021-12-20 18:30:00,70.3,70.5,70.2,70.5,201.712
2021-12-20 19:00:00,70.5,70.6,70.2,70.4,373.336
2021-12-20 19:30:00,70.4,70.8,70.3,70.7,423.747
2021-12-20 20:00:00,70.7,71.5,70.6,71.3,781.085
2021-12-20 20:30:00,71.3,71.6,70.8,71.3,449.347
2021-12-20 21:00:00,71.5,72.1,71.2,71.5,847.272
2021-12-20 21:30:00,71.7,71.7,71.2,71.3,345.189
2021-12-20 22:00:00,71.3,71.4,70.4,71.0,731.284
2021-12-20 22:30:00,71.0,71.1,70.7,71.1,183.225
2021-12-20 23:00:00,71.0,71.2,70.8,71.0,384.696
2021-12-20 23:30:00,71.1,71.1,70.6,70.9,410.201
2021-12-21 00:00:00,70.8,71.0,70.4,70.9,228.965
2021-12-21 00:30:00,70.9,71.3,70.9,71.0,376.843
2021-12-21 01:00:00,71.2,71.3,70.6,70.6,296.801
2021-12-21 01:30:00,70.6,70.9,70.6,70.9,87.507
2021-12-21 02:00:00,70.9,79.4,70.7,79.4,23005.927
2021-12-21 02:30:00,79.4,85.1,79.1,81.8,34715.836
2021-12-21 03:00:00,81.8,83.2,79.9,82.9,8486.125
2021-12-21 03:30:00,83.0,84.0,75.8,76.8,9469.555
2021-12-21 04:00:00,76.9,77.2,73.0,73.3,11491.156
2021-12-21 04:30:00,73.5,74.6,72.1,72.5,5834.2
2021-12-21 05:00:00,72.5,73.0,72.2,72.5,1963.145
2021-12-21 05:30:00,72.5,74.6,72.2,74.4,4055.658
2021-12-21 06:00:00,74.4,74.5,73.3,74.1,1873.231
2021-12-21 06:30:00,74.1,75.6,74.1,75.3,1354.851
2021-12-21 07:00:00,75.4,75.9,73.8,73.9,1434.087
2021-12-21 07:30:00,74.1,74.2,73.6,74.0,660.695
2021-12-21 08:00:00,74.0,74.7,73.4,74.6,2568.499
2021-12-21 08:30:00,74.6,75.1,73.8,73.8,3224.808
2021-12-21 09:00:00,73.8,74.5,73.3,73.7,3270.644
2021-12-21 09:30:00,73.7,74.0,73.4,73.8,1121.018
2021-12-21 10:00:00,74.0,74.4,73.5,74.0,832.463
2021-12-21 10:30:00,73.9,74.2,73.5,73.5,1223.643
2021-12-21 11:00:00,73.6,76.4,73.3,76.3,3998.857
2021-12-21 11:30:00,76.3,76.4,74.7,75.7,2693.53
2021-12-21 12:00:00,75.7,76.1,73.9,74.1,3455.248
2021-12-21 12:30:00,74.0,74.4,72.3,73.2,4855.075
2021-12-21 13:00:00,73.2,73.9,73.1,73.8,706.742
2021-12-21 13:30:00,73.7,74.3,73.7,74.1,1017.812
2021-12-21 14:00:00,74.1,75.0,73.2,73.5,1207.724
2021-12-21 14:30:00,73.3,73.8,73.0,73.0,879.122
2021-12-21 15:00:00,73.1,73.8,73.0,73.0,1006.516
2021-12-21 15:30:00,73.0,73.4,71.9,72.1,2013.38
2021-12-21 16:00:00,72.0,72.7,71.5,72.4,1996.272
2021-12-21 16:30:00,72.4,72.8,72.0,72.6,718.78
2021-12-21 17:00:00,72.4,73.1,71.8,73.0,1393.402
2021-12-21 17:30:00,72.8,73.4,72.4,73.0,587.757
2021-12-21 18:00:00,72.9,73.7,72.9,73.4,868.152
2021-12-21 18:30:00,73.1,73.4,72.7,72.9,596.507
2021-12-21 19:00:00,72.7,73.2,72.2,72.5,1058.804
2021-12-21 19:30:00,72.5,73.0,72.3,73.0,600.145
2021-12-21 20:00:00,72.9,73.7,71.9,72.4,1171.48
2021-12-21 20:30:00,72.4,72.9,72.2,72.9,237.928
2021-12-21 21:00:00,72.7,73.1,72.2,72.4,1170.787
2021-12-21 21:30:00,72.5,73.3,72.4,72.9,493.674
2021-12-21 22:00:00,73.0,73.5,72.7,73.4,882.398
2021-12-21 22:30:00,73.4,73.4,72.9,73.4,418.59
2021-12-21 23:00:00,73.4,73.7,73.2,73.3,558.881
2021-12-21 23:30:00,73.3,73.6,73.3,73.5,250.995
2021-12-22 00:00:00,73.5,73.6,73.0,73.0,459.422
2021-12-22 00:30:00,73.2,73.6,72.9,73.4,461.147
2021-12-22 01:00:00,73.4,73.7,73.3,73.5,558.688
2021-12-22 01:30:00,73.5,73.6,72.3,72.9,793.387
2021-12-22 02:00:00,72.9,73.6,72.5,73.2,1677.307
2021-12-22 02:30:00,73.1,73.8,72.7,73.8,1384.08
2021-12-22 03:00:00,73.6,74.3,73.5,73.9,1245.009
2021-12-22 03:30:00,73.9,74.1,73.2,73.6,868.422
2021-12-22 04:00:00,73.6,73.9,73.4,73.8,492.659
2021-12-22 04:30:00,73.8,74.0,73.0,73.3,888.399
2021-12-22 05:00:00,73.4,73.5,72.6,72.9,1234.729
2021-12-22 05:30:00,72.9,73.0,72.4,72.8,974.702
2021-12-22 06:00:00,72.8,73.0,72.6,72.9,425.003
2021-12-22 06:30:00,72.8,72.9,70.9,71.7,7358.807
2021-12-22 07:00:00,71.7,72.1,71.2,72.0,1321.681
2021-12-22 07:30:00,72.0,72.4,71.9,72.3,857.096
2021-12-22 08:00:00,72.4,72.4,71.4,72.0,1017.408
2021-12-22 08:30:00,72.0,72.1,71.8,72.1,484.603
2021-12-22 09:00:00,72.0,72.9,72.0,72.4,1314.458
2021-12-22 09:30:00,72.4,72.4,71.6,71.9,1342.079
2021-12-22 10:00:00,71.9,72.4,71.9,72.1,877.997
2021-12-22 10:30:00,72.1,72.2,71.5,71.7,791.459
2021-12-22 11:00:00,71.5,72.0,71.5,72.0,1149.109
2021-12-22 11:30:00,71.9,72.2,71.3,71.7,974.348
2021-12-22 12:00:00,71.7,71.8,70.0,70.2,7086.274
2021-12-22 12:30:00,70.2,71.0,70.2,70.4,1825.984
2021-12-22 13:00:00,70.4,70.5,69.2,69.7,2926.112
2021-12-22 13:30:00,69.6,70.3,69.2,70.2,1946.152
2021-12-22 14:00:00,70.2,70.4,70.0,70.1,1534.395
2021-12-22 14:30:00,70.0,70.3,69.4,69.7,1444.04
2021-12-22 15:00:00,69.7,70.2,69.0,69.8,2317.02
2021-12-22 15:30:00,69.8,72.0,69.8,71.2,7248.41
2021-12-22 16:00:00,71.2,71.8,70.8,71.5,1118.794
2021-12-22 16:30:00,71.5,72.0,71.1,71.6,1229.424
2021-12-22 17:00:00,71.6,71.7,70.7,70.8,1021.173
2021-12-22 17:30:00,70.8,71.1,70.6,70.6,498.491
2021-12-22 18:00:00,70.6,70.7,70.3,70.5,399.678
2021-12-22 18:30:00,70.7,70.8,70.5,70.7,250.333
2021-12-22 19:00:00,70.7,71.0,70.5,70.7,246.734
2021-12-22 19:30:00,70.8,71.1,70.6,71.0,312.828
2021-12-22 20:00:00,71.0,71.1,70.6,70.6,373.268
2021-12-22 20:30:00,70.7,70.9,70.6,70.7,141.197
2021-12-22 21:00:00,70.6,71.1,70.6,71.0,536.589
2021-12-22 21:30:00,71.1,71.3,71.0,71.2,301.761
2021-12-22 22:00:00,71.2,71.2,70.4,70.6,370.65
2021-12-22 22:30:00,70.4,71.0,70.4,71.0,112.106
2021-12-22 23:00:00,70.8,71.0,70.5,70.6,534.415
2021-12-22 23:30:00,70.5,70.6,70.2,70.4,385.814
2021-12-23 00:00:00,70.4,70.4,69.8,70.1,866.427
2021-12-23 00:30:00,70.0,70.5,69.9,70.4,369.373
2021-12-23 01:00:00,70.5,70.6,69.8,69.9,600.464
2021-12-23 01:30:00,69.9,70.1,69.7,69.8,354.779
2021-12-23 02:00:00,69.8,70.3,69.8,70.1,390.987
2021-12-23 02:30:00,70.1,70.4,69.7,69.8,1416.2
2021-12-23 03:00:00,69.7,69.9,69.3,69.6,580.967
2021-12-23 03:30:00,69.6,69.9,69.3,69.8,696.981
2021-12-23 04:00:00,69.9,69.9,69.5,69.6,410.412
2021-12-23 04:30:00,69.7,69.7,68.9,69.0,976.633
2021-12-23 05:00:00,69.1,69.4,69.0,69.2,531.027
2021-12-23 05:30:00,69.1,69.2,68.9,69.2,344.055
2021-12-23 06:00:00,69.1,69.8,67.9,69.7,3934.047
2021-12-23 06:30:00,69.8,70.3,69.8,70.1,940.041
2021-12-23 07:00:00,70.1,70.2,69.9,70.0,570.945
2021-12-23 07:30:00,70.0,70.3,69.6,69.7,1249.908
2021-12-23 08:00:00,69.8,71.8,69.7,71.1,2035.92
2021-12-23 08:30:00,71.1,71.4,70.5,70.5,519.226
2021-12-23 09:00:00,70.6,71.6,70.3,71.2,1660.321
2021-12-23 09:30:00,71.2,71.8,70.6,70.9,1004.754
2021-12-23 10:00:00,70.9,70.9,70.3,70.6,858.731
2021-12-23 10:30:00,70.5,71.1,70.4,71.0,365.964
2021-12-23 11:00:00,71.1,71.1,70.0,70.5,1263.722
2021-12-23 11:30:00,70.5,71.0,70.5,70.8,350.54
2021-12-23 12:00:00,70.9,71.2,70.1,70.2,891.249
2021-12-23 12:30:00,70.2,70.2,69.7,69.7,891.578
2021-12-23 13:00:00,69.7,70.0,69.5,69.7,1314.189
2021-12-23 13:30:00,69.7,69.8,69.2,69.4,1012.817
2021-12-23 14:00:00,69.3,69.4,69.0,69.2,897.161
2021-12-23 14:30:00,69.0,70.6,68.0,68.8,5059.101
2021-12-23 15:00:00,68.9,69.2,68.8,69.0,1006.823
2021-12-23 15:30:00,69.0,69.4,68.6,69.4,1358.237
2021-12-23 16:00:00,69.3,69.7,69.2,69.3,1360.145
2021-12-23 16:30:00,69.2,69.6,69.0,69.3,723.438
2021-12-23 17:00:00,69.4,69.8,68.0,69.5,2680.013
2021-12-23 17:30:00,69.6,70.9,69.0,70.6,3899.233
2021-12-23 18:00:00,70.5,71.4,69.9,71.1,3888.396
2021-12-23 18:30:00,71.3,71.4,70.8,71.1,1817.067
2021-12-23 19:00:00,71.0,71.7,71.0,71.4,951.22
2021-12-23 19:30:00,71.4,71.5,71.1,71.3,1349.893
2021-12-23 20:00:00,71.5,71.7,71.0,71.0,1010.659
2021-12-23 20:30:00,71.0,71.9,70.9,71.7,2161.759
2021-12-23 21:00:00,71.8,72.0,71.1,71.3,605.527
2021-12-23 21:30:00,71.1,71.5,71.1,71.5,385.451
2021-12-23 22:00:00,71.5,71.7,71.2,71.5,248.328
2021-12-23 22:30:00,71.5,71.7,71.0,71.5,485.338
2021-12-23 23:00:00,71.5,71.6,71.1,71.4,581.931
2021-12-23 23:30:00,71.5,72.5,71.4,72.2,2238.776
2021-12-24 00:00:00,72.2,72.2,71.8,72.0,1176.731
2021-12-24 00:30:00,72.2,73.5,72.1,73.0,3948.137
2021-12-24 01:00:00,73.0,73.5,72.5,72.5,1871.283
2021-12-24 01:30:00,72.6,72.9,72.0,72.8,776.185
2021-12-24 02:00:00,72.9,73.2,72.7,72.9,768.743
2021-12-24 02:30:00,72.9,72.9,70.9,71.1,3348.766
2021-12-24 03:00:00,71.1,71.9,71.0,71.0,1469.546
2021-12-24 03:30:00,71.1,71.2,70.1,70.4,1694.91
2021-12-24 04:00:00,70.4,70.4,69.6,69.9,1012.282
2021-12-24 04:30:00,69.9,70.1,69.5,69.6,360.196
2021-12-24 05:00:00,69.7,69.9,69.1,69.5,832.488
2021-12-24 05:30:00,69.4,70.0,69.2,69.9,855.074
2021-12-24 06:00:00,69.8,70.3,69.5,69.8,985.426
2021-12-24 06:30:00,69.8,69.8,68.6,69.0,2798.588
2021-12-24 07:00:00,69.0,69.8,69.0,69.5,1501.592
2021-12-24 07:30:00,69.4,69.6,69.1,69.4,978.474
2021-12-24 08:00:00,69.4,70.0,68.7,69.8,2376.141
2021-12-24 08:30:00,69.9,70.3,69.9,70.2,1289.892
2021-12-24 09:00:00,70.2,70.4,70.0,70.4,1554.905
2021-12-24 09:30:00,70.4,72.6,70.2,70.8,6686.626
2021-12-24 10:00:00,70.8,71.9,70.3,70.5,2499.644
2021-12-24 10:30:00,70.4,70.9,70.3,70.7,813.421
2021-12-24 11:00:00,70.7,71.2,70.6,70.9,1300.143
2021-12-24 11:30:00,70.9,71.1,70.2,70.4,1702.699
2021-12-24 12:00:00,70.4,70.6,69.4,70.2,2513.821
2021-12-24 12:30:00,70.1,70.1,69.5,70.0,967.445
2021-12-24 13:00:00,70.0,70.2,69.7,69.9,1463.74
2021-12-24 13:30:00,69.9,69.9,69.4,69.7,782.39
2021-12-24 14:00:00,69.7,71.2,69.6,70.6,1429.817
2021-12-24 14:30:00,70.6,70.7,69.0,69.2,1359.997
2021-12-24 15:00:00,69.4,69.6,69.0,69.5,1655.331
2021-12-24 15:30:00,69.4,69.6,68.5,68.9,1942.313
2021-12-24 16:00:00,68.9,70.2,68.9,69.4,2425.469
2021-12-24 16:30:00,69.4,69.7,69.2,69.3,417.623
2021-12-24 17:00:00,69.3,69.4,69.2,69.4,312.67
2021-12-24 17:30:00,69.4,70.1,69.3,69.8,892.713
2021-12-24 18:00:00,69.7,70.5,69.7,70.4,650.196
2021-12-24 18:30:00,70.2,70.7,70.2,70.5,685.45
2021-12-24 19:00:00,70.5,70.5,69.8,70.1,962.908
2021-12-24 19:30:00,70.0,70.2,69.0,69.5,1875.044
2021-12-24 20:00:00,69.5,70.0,69.0,69.3,1019.23
2021-12-24 20:30:00,69.4,69.7,69.1,69.6,505.002
2021-12-24 21:00:00,69.7,69.9,69.6,69.6,247.795
2021-12-24 21:30:00,69.8,69.8,69.4,69.5,249.432
2021-12-24 22:00:00,69.6,69.7,69.4,69.5,474.733
2021-12-24 22:30:00,69.6,69.8,69.0,69.2,505.661
2021-12-24 23:00:00,69.3,69.3,68.5,68.9,877.499
2021-12-24 23:30:00,69.0,69.0,68.5,68.8,1056.331
2021-12-25 00:00:00,68.8,69.1,68.3,68.9,860.934
2021-12-25 00:30:00,69.0,69.6,68.9,69.2,735.299
2021-12-25 01:00:00,69.2,69.2,68.8,69.0,251.264
2021-12-25 01:30:00,69.0,69.1,68.5,68.7,771.893
2021-12-25 02:00:00,68.6,69.5,68.5,68.8,1138.471
2021-12-25 02:30:00,68.9,69.0,68.3,68.5,570.74
2021-12-25 03:00:00,68.7,68.8,68.4,68.7,456.161
2021-12-25 03:30:00,68.8,68.9,68.2,68.3,422.297
2021-12-25 04:00:00,68.5,68.9,68.0,68.7,868.412
2021-12-25 04:30:00,68.7,68.8,68.1,68.2,568.681
2021-12-25 05:00:00,68.2,68.7,67.7,68.2,2705.15
2021-12-25 05:30:00,68.2,68.5,67.8,68.0,435.199
2021-12-25 06:00:00,68.0,68.1,67.8,68.1,340.818
2021-12-25 06:30:00,68.1,68.7,67.1,68.1,1972.401
2021-12-25 07:00:00,68.1,68.3,67.7,67.9,975.289
2021-12-25 07:30:00,67.9,68.0,67.2,67.5,792.875
2021-12-25 08:00:00,67.6,68.4,67.5,67.5,853.134
2021-12-25 08:30:00,67.6,67.8,67.3,67.6,509.307
2021-12-25 09:00:00,67.6,68.2,67.6,67.9,711.382
2021-12-25 09:30:00,67.9,68.3,67.4,67.9,1152.849
2021-12-25 10:00:00,67.8,67.9,67.0,67.3,1635.238
2021-12-25 10:30:00,67.3,67.4,66.7,66.9,679.209
2021-12-25 11:00:00,66.9,67.4,66.7,67.3,623.132
2021-12-25 11:30:00,67.2,67.4,66.7,67.3,1269.117
2021-12-25 12:00:00,67.3,67.4,66.8,67.2,841.305
2021-12-25 12:30:00,67.2,67.8,66.7,67.1,1716.442
2021-12-25 13:00:00,67.1,67.3,66.8,67.0,1231.238
2021-12-25 13:30:00,67.0,67.1,66.6,66.8,1209.369
2021-12-25 14:00:00,66.7,66.9,65.9,66.3,2314.616
2021-12-25 14:30:00,66.2,66.3,65.4,65.7,2747.078
2021-12-25 15:00:00,65.6,66.0,65.2,65.6,2043.247
2021-12-25 15:30:00,65.6,65.7,65.0,65.2,2612.241
2021-12-25 16:00:00,65.3,65.6,65.0,65.3,1829.915
2021-12-25 16:30:00,65.3,65.3,64.6,65.1,1258.811
2021-12-25 17:00:00,65.1,65.2,64.0,64.1,2406.457
2021-12-25 17:30:00,64.3,65.5,64.0,65.1,2103.636
2021-12-25 18:00:00,65.1,65.9,65.0,65.4,1696.849
2021-12-25 18:30:00,65.4,65.8,65.0,65.8,1724.961
2021-12-25 19:00:00,65.8,66.6,65.0,65.3,2334.304
2021-12-25 19:30:00,65.3,66.3,65.0,65.5,1683.516
2021-12-25 20:00:00,65.5,65.9,65.4,65.6,805.162
2021-12-25 20:30:00,65.6,66.0,65.4,65.7,906.095
2021-12-25 21:00:00,65.6,66.1,65.6,66.0,898.349
2021-12-25 21:30:00,66.0,66.5,65.8,66.2,1154.254
2021-12-25 22:00:00,66.2,66.3,65.8,65.8,595.351
2021-12-25 22:30:00,66.1,66.2,65.6,66.0,713.492
2021-12-25 23:00:00,66.1,67.1,66.0,66.4,1488.028
2021-12-25 23:30:00,66.3,66.7,66.1,66.3,542.492
2021-12-26 00:00:00,66.1,67.2,65.9,66.6,1702.734
2021-12-26 00:30:00,66.7,66.7,65.9,66.1,578.771
2021-12-26 01:00:00,66.1,66.3,66.0,66.2,164.204
2021-12-26 01:30:00,66.2,66.3,65.3,65.9,1025.972
2021-12-26 02:00:00,65.9,66.3,64.9,65.0,4264.039
2021-12-26 02:30:00,64.9,65.2,64.4,64.9,3425.241
2021-12-26 03:00:00,64.9,64.9,64.3,64.3,505.978
2021-12-26 03:30:00,64.2,64.4,63.8,64.0,1309.211
2021-12-26 04:00:00,63.9,64.5,63.6,64.2,737.1
2021-12-26 04:30:00,64.1,64.2,63.8,64.0,627.949
2021-12-26 05:00:00,63.9,64.0,63.6,63.7,1225.066
2021-12-26 05:30:00,63.8,63.9,63.7,63.9,238.933
2021-12-26 06:00:00,64.0,64.1,63.5,63.7,1292.71
2021-12-26 06:30:00,63.5,64.0,63.5,63.8,518.661
2021-12-26 07:00:00,63.9,64.7,63.3,63.8,1684.611
2021-12-26 07:30:00,63.8,63.8,63.2,63.4,954.872
2021-12-26 08:00:00,63.5,64.4,63.4,64.2,2002.962
2021-12-26 08:30:00,64.2,64.4,64.0,64.4,791.018
2021-12-26 09:00:00,64.3,64.3,63.8,64.0,641.007
2021-12-26 09:30:00,64.0,64.6,63.6,64.6,988.591
2021-12-26 10:00:00,64.6,65.0,64.4,64.5,1034.792
2021-12-26 10:30:00,64.5,65.3,64.5,65.2,1143.789
2021-12-26 11:00:00,65.1,65.5,64.7,65.0,982.983
2021-12-26 11:30:00,65.0,65.3,64.6,64.6,2673.399
2021-12-26 12:00:00,64.7,64.9,64.0,64.3,2497.708
2021-12-26 12:30:00,64.2,65.1,64.1,65.0,1296.997
2021-12-26 13:00:00,64.9,65.0,64.6,64.6,758.146
2021-12-26 13:30:00,64.6,64.6,64.1,64.2,625.72
2021-12-26 14:00:00,64.1,64.5,63.3,63.5,1695.455
2021-12-26 14:30:00,63.4,63.7,63.2,63.4,1421.581
2021-12-26 15:00:00,63.5,63.6,63.2,63.4,1331.225
2021-12-26 15:30:00,63.4,63.6,63.3,63.5,1352.606
2021-12-26 16:00:00,63.5,63.6,62.7,62.8,2410.562
2021-12-26 16:30:00,62.8,63.4,62.8,63.3,1073.163
2021-12-26 17:00:00,63.3,63.3,62.9,63.1,1221.749
2021-12-26 17:30:00,63.2,63.6,63.0,63.5,1252.029
2021-12-26 18:00:00,63.5,63.6,63.3,63.3,549.364
2021-12-26 18:30:00,63.3,63.4,63.2,63.2,379.286
2021-12-26 19:00:00,63.5,63.7,63.2,63.3,697.199
2021-12-26 19:30:00,63.3,63.5,63.2,63.3,446.345
2021-12-26 20:00:00,63.3,63.6,63.2,63.4,803.144
2021-12-26 20:30:00,63.4,63.6,62.6,63.1,757.906
2021-12-26 21:00:00,63.2,63.2,62.7,62.8,661.819
2021-12-26 21:30:00,63.0,63.5,63.0,63.2,676.247
2021-12-26 22:00:00,63.2,63.5,63.2,63.2,485.357
2021-12-26 22:30:00,63.4,63.6,62.9,63.5,1255.611
2021-12-26 23:00:00,63.5,63.7,63.0,63.1,815.383
2021-12-26 23:30:00,63.2,63.4,63.0,63.0,536.675
2021-12-27 00:00:00,63.0,63.2,62.8,63.0,1047.502
2021-12-27 00:30:00,63.0,63.1,62.8,63.0,597.117
2021-12-27 01:00:00,63.0,63.2,62.7,62.9,848.483
2021-12-27 01:30:00,63.0,63.3,63.0,63.0,444.424
2021-12-27 02:00:00,63.0,63.1,62.7,62.9,1123.813
2021-12-27 02:30:00,63.0,63.2,62.8,62.8,1384.218
2021-12-27 03:00:00,62.8,62.9,62.6,62.8,1049.772
2021-12-27 03:30:00,62.7,63.6,62.5,63.0,1817.959
2021-12-27 04:00:00,63.0,63.5,63.0,63.4,1669.54
2021-12-27 04:30:00,63.4,63.6,63.3,63.5,1079.736
2021-12-27 05:00:00,63.5,63.6,63.0,63.2,1729.912
2021-12-27 05:30:00,63.2,63.4,63.0,63.2,614.304
2021-12-27 06:00:00,63.4,63.4,63.0,63.1,601.204
2021-12-27 06:30:00,63.1,64.3,63.0,63.3,2056.664
2021-12-27 07:00:00,63.3,63.5,62.8,63.2,1388.099
2021-12-27 07:30:00,63.2,63.2,62.7,63.1,1186.606
2021-12-27 08:00:00,63.1,63.1,62.8,63.0,925.953
2021-12-27 08:30:00,63.0,63.2,62.6,62.7,1161.372
2021-12-27 09:00:00,62.8,63.4,62.6,63.1,1065.879
2021-12-27 09:30:00,63.1,63.7,63.1,63.5,720.11
2021-12-27 10:00:00,63.4,63.5,62.8,63.0,1037.818
2021-12-27 10:30:00,62.9,63.4,62.8,63.2,829.385
2021-12-27 11:00:00,63.2,63.4,62.9,63.0,957.724
2021-12-27 11:30:00,63.2,63.9,63.0,63.6,1252.567
2021-12-27 12:00:00,63.6,63.8,63.2,63.6,1578.86
2021-12-27 12:30:00,63.5,64.4,63.1,63.2,2903.561
2021-12-27 13:00:00,63.2,63.7,63.0,63.4,2532.089
2021-12-27 13:30:00,63.5,63.8,63.1,63.3,1535.958
2021-12-27 14:00:00,63.5,66.9,63.3,66.7,16536.99
2021-12-27 14:30:00,66.6,67.5,65.6,65.6,9866.701
2021-12-27 15:00:00,65.6,66.6,65.5,65.6,3511.729
2021-12-27 15:30:00,65.6,65.7,64.8,65.0,2754.025
2021-12-27 16:00:00,65.0,66.7,65.0,66.0,5028.155
2021-12-27 16:30:00,66.0,67.0,65.8,66.3,2779.455
2021-12-27 17:00:00,66.3,66.5,65.0,65.3,2232.013
2021-12-27 17:30:00,65.3,65.6,65.2,65.6,1676.408
2021-12-27 18:00:00,65.6,65.6,65.0,65.1,910.743
2021-12-27 18:30:00,65.0,65.5,65.0,65.4,598.236
2021-12-27 19:00:00,65.4,66.1,64.8,65.6,2985.708
2021-12-27 19:30:00,65.5,65.7,64.4,65.3,1290.363
2021-12-27 20:00:00,65.3,65.5,65.1,65.3,487.515
2021-12-27 20:30:00,65.3,65.3,64.6,64.8,950.742
2021-12-27 21:00:00,64.8,65.0,64.1,64.7,1100.943
2021-12-27 21:30:00,64.7,64.7,63.4,63.9,2711.511
2021-12-27 22:00:00,63.9,64.5,63.7,64.0,929.027
2021-12-27 22:30:00,64.0,64.2,63.3,63.8,1298.232
2021-12-27 23:00:00,63.8,64.0,62.7,62.8,3636.441
2021-12-27 23:30:00,62.7,63.1,62.6,63.1,1464.513
2021-12-28 00:00:00,63.1,63.1,62.6,62.7,1653.714
2021-12-28 00:30:00,62.7,63.0,62.0,62.6,3214.003
2021-12-28 01:00:00,62.6,63.4,62.6,62.7,713.799
2021-12-28 01:30:00,62.7,62.7,62.0,62.2,1545.631
2021-12-28 02:00:00,62.1,63.0,61.8,62.4,1867.53
2021-12-28 02:30:00,62.4,63.2,62.2,62.4,1153.425
2021-12-28 03:00:00,62.4,62.5,61.3,61.5,1912.017
2021-12-28 03:30:00,61.5,61.7,61.3,61.7,442.199
2021-12-28 04:00:00,61.8,62.0,60.3,60.7,2350.249
2021-12-28 04:30:00,60.7,61.3,60.7,60.9,652.163
2021-12-28 05:00:00,60.8,61.7,60.8,61.3,1985.859
2021-12-28 05:30:00,61.3,63.9,61.3,62.9,2454.048
2021-12-28 06:00:00,63.0,64.0,62.9,63.5,1629.017
2021-12-28 06:30:00,63.2,63.3,62.7,62.8,784.617
2021-12-28 07:00:00,62.8,62.8,61.7,61.8,1145.891
2021-12-28 07:30:00,61.9,62.3,61.3,61.8,1320.58
2021-12-28 08:00:00,61.8,62.2,61.6,62.2,867.228
2021-12-28 08:30:00,62.2,62.5,62.0,62.1,638.361
2021-12-28 09:00:00,62.2,62.8,61.9,62.0,1598.066
2021-12-28 09:30:00,62.0,62.9,62.0,62.7,756.975
2021-12-28 10:00:00,62.7,63.0,62.2,62.4,998.831
2021-12-28 10:30:00,62.4,63.0,62.3,62.7,701.921
2021-12-28 11:00:00,62.7,64.3,62.5,64.3,2871.135
2021-12-28 11:30:00,64.2,66.0,64.1,64.5,10307.261
2021-12-28 12:00:00,64.6,64.7,62.9,63.6,5978.868
2021-12-28 12:30:00,63.7,69.1,63.6,68.7,27924.353
2021-12-28 13:00:00,68.7,70.0,66.2,68.9,18814.599
2021-12-28 13:30:00,69.0,79.3,68.8,70.4,84322.092
2021-12-28 14:00:00,70.5,76.0,70.1,71.4,35189.895
2021-12-28 14:30:00,71.4,78.8,68.6,73.6,36695.031
2021-12-28 15:00:00,73.6,76.1,72.6,73.8,21786.858
2021-12-28 15:30:00,73.7,74.0,71.5,73.3,7571.45
2021-12-28 16:00:00,73.3,74.6,70.5,70.6,10070.096
2021-12-28 16:30:00,70.8,71.3,70.0,70.3,5361.87
2021-12-28 17:00:00,70.3,70.5,68.0,68.3,7862.082
2021-12-28 17:30:00,68.3,70.0,66.6,69.7,10112.844
2021-12-28 18:00:00,69.9,70.4,67.5,67.9,7272.692
2021-12-28 18:30:00,68.0,68.3,64.8,65.0,10574.553
2021-12-28 19:00:00,65.1,65.5,62.8,64.1,8887.992
2021-12-28 19:30:00,64.1,67.0,63.6,65.7,4848.056
2021-12-28 20:00:00,65.7,67.6,64.5,65.9,5001.385
2021-12-28 20:30:00,65.9,67.9,65.0,65.0,5944.53
2021-12-28 21:00:00,65.1,66.2,65.0,65.7,1503.601
2021-12-28 21:30:00,65.9,66.0,64.7,64.8,2277.29
2021-12-28 22:00:00,64.8,65.4,64.5,64.6,1609.679
2021-12-28 22:30:00,64.6,66.1,64.4,66.1,1922.663
2021-12-28 23:00:00,66.0,67.5,65.7,67.2,4225.016
2021-12-28 23:30:00,67.4,67.5,65.5,66.1,3314.456
2021-12-29 00:00:00,66.1,68.9,65.7,68.3,6827.769
2021-12-29 00:30:00,68.4,68.9,68.0,68.1,1865.541
2021-12-29 01:00:00,68.2,68.8,67.7,67.9,1542.658
2021-12-29 01:30:00,67.9,68.0,66.8,67.0,1762.57
2021-12-29 02:00:00,67.0,70.7,67.0,70.5,6138.134
2021-12-29 02:30:00,70.3,71.3,69.0,69.8,7822.148
2021-12-29 03:00:00,69.7,70.0,69.1,69.5,950.533
2021-12-29 03:30:00,69.5,70.0,69.0,69.3,1352.224
2021-12-29 04:00:00,69.3,71.9,69.3,69.9,5651.011
2021-12-29 04:30:00,70.0,70.0,68.6,69.5,3114.351
2021-12-29 05:00:00,69.5,69.7,68.7,69.1,1757.908
2021-12-29 05:30:00,69.1,69.4,67.5,67.6,2950.741
2021-12-29 06:00:00,67.7,69.3,67.5,69.0,2049.957
2021-12-29 06:30:00,68.9,71.9,68.9,70.9,8424.147
2021-12-29 07:00:00,70.9,72.0,70.4,70.8,9026.162
2021-12-29 07:30:00,70.8,71.0,69.6,69.9,4084.796
2021-12-29 08:00:00,69.9,72.0,69.8,70.7,6877.651
2021-12-29 08:30:00,70.7,74.5,70.7,73.0,14950.467
2021-12-29 09:00:00,72.8,73.0,70.9,72.2,7522.723
2021-12-29 09:30:00,72.1,74.1,71.5,72.6,9275.704
2021-12-29 10:00:00,72.6,72.6,70.7,71.0,5039.393
2021-12-29 10:30:00,71.0,71.7,70.0,71.1,4112.906
2021-12-29 11:00:00,71.1,71.9,70.5,71.9,2629.957
2021-12-29 11:30:00,71.9,72.9,71.1,72.8,3784.518
2021-12-29 12:00:00,72.7,73.4,68.6,69.2,17699.397
2021-12-29 12:30:00,69.2,70.7,68.7,68.8,7527.828
2021-12-29 13:00:00,68.7,70.0,67.2,67.4,10579.205
2021-12-29 13:30:00,67.3,68.8,67.2,68.0,5344.21
2021-12-29 14:00:00,68.0,69.1,67.4,67.9,4394.021
2021-12-29 14:30:00,67.9,70.6,67.6,68.8,5341.268
2021-12-29 15:00:00,68.8,68.8,67.8,67.8,2846.779
2021-12-29 15:30:00,67.9,68.5,67.9,68.3,1284.68
2021-12-29 16:00:00,68.3,68.7,68.3,68.6,807.556
2021-12-29 16:30:00,68.5,68.6,67.5,68.2,1800.721
2021-12-29 17:00:00,68.1,68.2,67.4,67.7,1422.16
2021-12-29 17:30:00,67.7,67.8,66.5,67.4,2599.352
2021-12-29 18:00:00,67.4,67.4,65.9,66.1,2278.939
2021-12-29 18:30:00,66.0,66.5,65.5,66.3,1519.681
2021-12-29 19:00:00,66.3,66.9,66.2,66.9,1078.175
2021-12-29 19:30:00,66.9,66.9,65.7,66.2,1747.964
2021-12-29 20:00:00,66.1,66.4,65.8,66.3,698.81
2021-12-29 20:30:00,66.3,66.7,66.1,66.2,888.964
2021-12-29 21:00:00,66.2,67.0,65.7,65.9,1310.573
2021-12-29 21:30:00,66.1,66.2,65.9,66.1,264.993
2021-12-29 22:00:00,66.2,66.3,65.9,65.9,470.631
2021-12-29 22:30:00,65.8,66.3,65.8,66.2,358.316
2021-12-29 23:00:00,66.1,66.2,65.3,65.6,1947.574
2021-12-29 23:30:00,65.6,65.8,65.0,65.2,1981.718
2021-12-30 00:00:00,65.2,65.5,64.7,65.5,1588.288
2021-12-30 00:30:00,65.5,66.0,65.4,65.8,843.912
2021-12-30 01:00:00,65.9,65.9,65.3,65.3,526.1
2021-12-30 01:30:00,65.3,67.3,65.3,65.6,961.471
2021-12-30 02:00:00,65.7,66.2,65.1,65.6,1160.209
2021-12-30 02:30:00,65.6,66.0,65.5,65.6,358.008
2021-12-30 03:00:00,65.6,67.0,65.5,66.6,1776.925
2021-12-30 03:30:00,66.6,67.6,66.6,67.5,1308.474
2021-12-30 04:00:00,67.5,67.5,66.8,67.0,448.178
2021-12-30 04:30:00,67.0,67.5,66.6,66.8,825.767
2021-12-30 05:00:00,66.8,67.1,66.7,67.1,226.098
2021-12-30 05:30:00,67.1,67.1,66.5,67.1,537.249
2021-12-30 06:00:00,67.2,67.3,67.0,67.0,534.737
2021-12-30 06:30:00,67.1,67.9,67.0,67.2,1012.09
2021-12-30 07:00:00,67.5,68.0,67.3,67.6,401.691
2021-12-30 07:30:00,67.5,69.1,67.1,67.6,1514.62
2021-12-30 08:00:00,67.6,68.9,67.3,68.5,1941.43
2021-12-30 08:30:00,68.7,69.1,67.1,67.4,3684.914
2021-12-30 09:00:00,67.3,68.5,67.3,68.3,793.272
2021-12-30 09:30:00,68.2,68.4,68.0,68.0,887.044
2021-12-30 10:00:00,68.2,70.9,68.0,70.2,4818.128
2021-12-30 10:30:00,70.3,71.0,69.9,70.1,1662.901
2021-12-30 11:00:00,70.1,70.3,69.9,70.3,960.484
2021-12-30 11:30:00,70.2,70.3,69.7,70.1,2662.373
2021-12-30 12:00:00,70.2,70.4,69.0,69.4,2028.84
2021-12-30 12:30:00,69.4,69.5,67.9,67.9,2361.8
2021-12-30 13:00:00,68.0,68.4,67.1,67.4,1956.018
2021-12-30 13:30:00,67.4,68.0,67.4,67.5,1659.776
2021-12-30 14:00:00,67.6,67.6,67.0,67.3,814.371
2021-12-30 14:30:00,67.2,68.1,67.1,67.4,1872.749
2021-12-30 15:00:00,67.4,68.1,67.3,67.6,1066.429
2021-12-30 15:30:00,67.6,67.7,67.1,67.2,460.257
2021-12-30 16:00:00,67.2,67.4,66.5,66.9,1013.498
2021-12-30 16:30:00,66.9,67.9,66.9,67.4,906.011
2021-12-30 17:00:00,67.4,67.7,67.2,67.3,668.023
2021-12-30 17:30:00,67.5,67.5,66.6,66.7,479.567
2021-12-30 18:00:00,66.8,67.1,66.7,66.9,374.136
2021-12-30 18:30:00,66.8,67.4,66.8,67.2,367.613
2021-12-30 19:00:00,67.1,67.6,67.0,67.5,580.11
2021-12-30 19:30:00,67.6,68.7,67.5,68.0,1538.763
2021-12-30 20:00:00,67.9,68.4,67.6,68.2,672.103
2021-12-30 20:30:00,68.2,68.5,67.7,67.7,722.541
2021-12-30 21:00:00,67.7,69.0,67.7,68.1,799.616
2021-12-30 21:30:00,68.1,68.9,67.8,68.4,773.68
2021-12-30 22:00:00,68.4,68.4,67.5,68.0,628.591
2021-12-30 22:30:00,67.9,68.1,66.9,67.7,967.226
2021-12-30 23:00:00,67.9,68.2,67.0,67.4,512.1
2021-12-30 23:30:00,67.4,67.8,67.1,67.3,595.387
2021-12-31 00:00:00,67.1,67.3,66.7,66.9,496.878
2021-12-31 00:30:00,66.9,67.0,65.8,65.9,2951.109
2021-12-31 01:00:00,65.9,66.3,65.3,66.1,1321.862
2021-12-31 01:30:00,66.2,66.6,66.0,66.2,499.804
2021-12-31 02:00:00,66.2,66.2,65.7,66.0,358.833
2021-12-31 02:30:00,66.0,66.3,65.8,66.2,380.179
2021-12-31 03:00:00,66.0,66.7,66.0,66.5,535.224
2021-12-31 03:30:00,66.4,67.0,66.3,66.5,645.316
2021-12-31 04:00:00,66.4,67.0,66.4,66.5,350.784
2021-12-31 04:30:00,66.5,66.6,66.1,66.3,890.266
2021-12-31 05:00:00,66.3,66.6,66.2,66.5,506.669
2021-12-31 05:30:00,66.4,66.9,66.2,66.9,447.526
2021-12-31 06:00:00,66.6,66.8,66.5,66.7,697.164
2021-12-31 06:30:00,66.7,67.0,66.6,67.0,404.746
2021-12-31 07:00:00,67.1,67.1,66.7,66.9,424.529
2021-12-31 07:30:00,66.8,67.0,66.2,66.6,769.645
2021-12-31 08:00:00,66.6,67.1,66.6,67.0,1041.658
2021-12-31 08:30:00,67.1,67.5,65.6,67.0,3941.55
2021-12-31 09:00:00,67.0,67.2,65.3,67.0,3511.357
2021-12-31 09:30:00,67.1,67.6,66.8,67.5,880.79
2021-12-31 10:00:00,67.5,68.0,67.4,67.7,556.517
2021-12-31 10:30:00,67.7,67.8,66.9,67.0,2111.502
2021-12-31 11:00:00,67.0,67.4,66.5,66.8,1574.233
2021-12-31 11:30:00,66.7,67.3,66.5,67.0,512.582
2021-12-31 12:00:00,66.9,67.3,66.5,66.5,896.22
2021-12-31 12:30:00,66.6,66.7,66.0,66.1,1173.78
2021-12-31 13:00:00,66.4,66.4,65.0,65.3,2570.781
2021-12-31 13:30:00,65.3,66.6,65.1,66.0,2272.915
2021-12-31 14:00:00,66.0,66.8,66.0,66.1,1837.779
2021-12-31 14:30:00,66.1,66.8,66.0,66.2,789.854
2021-12-31 15:00:00,66.2,66.3,65.7,66.1,509.901
2021-12-31 15:30:00,66.1,66.1,65.7,65.8,720.698
2021-12-31 16:00:00,65.7,65.8,65.2,65.2,636.37
2021-12-31 16:30:00,65.2,65.6,65.0,65.2,1310.976
2021-12-31 17:00:00,65.0,65.2,64.5,64.5,1170.393
2021-12-31 17:30:00,64.5,64.9,64.0,64.3,1349.61
2021-12-31 18:00:00,64.3,64.4,64.0,64.1,885.522
2021-12-31 18:30:00,64.1,64.4,63.5,63.7,1423.082
2021-12-31 19:00:00,63.7,63.9,63.0,63.2,801.032
2021-12-31 19:30:00,63.3,63.8,63.2,63.3,706.97
2021-12-31 20:00:00,63.3,63.6,63.1,63.5,735.666
2021-12-31 20:30:00,63.5,63.6,63.2,63.2,676.744
2021-12-31 21:00:00,63.2,63.7,63.0,63.7,520.905
2021-12-31 21:30:00,63.6,64.0,63.0,63.8,869.742
2021-12-31 22:00:00,63.8,63.9,63.5,63.9,290.144
2021-12-31 22:30:00,63.9,64.2,63.7,63.8,719.715
2021-12-31 23:00:00,63.7,64.3,63.6,64.0,513.551
2021-12-31 23:30:00,63.9,64.9,63.4,63.6,1178.906
2022-01-01 00:00:00,63.6,64.9,63.4,64.2,625.709
2022-01-01 00:30:00,64.3,64.5,64.1,64.5,250.478
2022-01-01 01:00:00,64.3,64.4,64.2,64.3,363.539
2022-01-01 01:30:00,64.3,65.5,64.0,64.2,2055.915
2022-01-01 02:00:00,64.1,65.5,64.0,64.6,824.642
2022-01-01 02:30:00,64.6,64.8,64.4,64.4,313.096
2022-01-01 03:00:00,64.4,64.5,64.2,64.2,271.844
2022-01-01 03:30:00,64.2,65.0,64.0,64.3,1781.95
2022-01-01 04:00:00,64.2,64.2,62.4,62.6,7303.977
2022-01-01 04:30:00,62.8,63.7,62.4,63.0,2561.635
2022-01-01 05:00:00,63.0,63.4,61.9,63.0,4135.347
2022-01-01 05:30:00,63.1,63.3,62.0,62.6,2179.218
2022-01-01 06:00:00,62.6,62.8,61.7,62.6,3032.093
2022-01-01 06:30:00,62.5,62.9,62.3,62.4,1030.782
2022-01-01 07:00:00,62.4,62.5,61.6,62.3,1756.426
2022-01-01 07:30:00,62.4,62.4,61.8,62.3,1084.887
2022-01-01 08:00:00,62.3,62.8,62.2,62.6,694.494
2022-01-01 08:30:00,62.6,62.6,62.2,62.4,547.29
2022-01-01 09:00:00,62.4,62.6,62.2,62.5,595.329
2022-01-01 09:30:00,62.5,62.6,62.1,62.2,606.875
2022-01-01 10:00:00,62.2,62.6,62.2,62.3,523.767
2022-01-01 10:30:00,62.3,62.4,61.8,62.1,2033.136
2022-01-01 11:00:00,62.3,62.6,61.7,61.9,1129.867
2022-01-01 11:30:00,61.9,62.4,60.5,61.1,6671.3
2022-01-01 12:00:00,61.2,61.7,61.0,61.2,2463.953
2022-01-01 12:30:00,61.1,62.1,61.1,61.9,3189.183
2022-01-01 13:00:00,61.9,62.5,61.8,62.0,1634.083
2022-01-01 13:30:00,62.1,62.6,62.0,62.2,2069.594
2022-01-01 14:00:00,62.2,62.6,62.0,62.2,1913.717
2022-01-01 14:30:00,62.2,62.4,61.9,62.1,1217.983
2022-01-01 15:00:00,62.1,62.8,61.8,62.0,2169.692
2022-01-01 15:30:00,62.0,62.2,61.7,61.8,1264.951
2022-01-01 16:00:00,61.9,62.0,61.6,61.9,882.146
2022-01-01 16:30:00,61.9,62.4,61.7,61.8,964.118
2022-01-01 17:00:00,61.9,62.1,61.7,61.7,440.804
2022-01-01 17:30:00,61.9,62.0,61.5,61.7,1818.287
2022-01-01 18:00:00,61.7,62.2,61.7,62.0,1068.353
2022-01-01 18:30:00,62.0,62.1,61.7,62.0,774.986
2022-01-01 19:00:00,62.0,62.0,61.7,61.9,858.134
2022-01-01 19:30:00,61.8,62.0,61.0,61.6,1660.767
2022-01-01 20:00:00,61.6,62.0,61.3,61.8,1268.046
2022-01-01 20:30:00,61.8,62.2,61.6,62.0,1621.388
2022-01-01 21:00:00,62.0,62.7,61.9,62.1,2386.658
2022-01-01 21:30:00,62.2,62.4,62.0,62.4,642.177
2022-01-01 22:00:00,62.4,62.4,62.0,62.3,479.545
2022-01-01 22:30:00,62.2,62.3,62.0,62.1,259.406
2022-01-01 23:00:00,62.3,62.6,62.0,62.6,595.146
2022-01-01 23:30:00,62.6,62.8,62.3,62.8,682.961
2022-01-02 00:00:00,62.5,62.7,62.0,62.4,529.636
2022-01-02 00:30:00,62.4,62.6,62.1,62.2,551.053
2022-01-02 01:00:00,62.2,62.3,62.0,62.1,1078.807
2022-01-02 01:30:00,62.2,62.2,62.0,62.1,815.466
2022-01-02 02:00:00,62.1,62.2,62.0,62.2,340.14
2022-01-02 02:30:00,62.2,62.3,62.0,62.0,557.613
2022-01-02 03:00:00,62.2,62.3,61.9,61.9,580.435
2022-01-02 03:30:00,61.9,62.2,61.8,62.0,926.328
2022-01-02 04:00:00,61.9,62.0,61.6,61.8,513.733
2022-01-02 04:30:00,61.8,61.9,61.4,61.4,922.282
2022-01-02 05:00:00,61.4,61.7,61.3,61.4,769.176
2022-01-02 05:30:00,61.5,61.6,61.3,61.5,783.008
2022-01-02 06:00:00,61.5,61.6,61.4,61.4,597.181
2022-01-02 06:30:00,61.4,61.5,61.3,61.3,213.343
2022-01-02 07:00:00,61.3,61.5,61.3,61.3,672.034
2022-01-02 07:30:00,61.5,61.5,61.2,61.3,1279.041
2022-01-02 08:00:00,61.3,61.4,61.0,61.3,1120.036
2022-01-02 08:30:00,61.2,61.3,60.8,61.1,1109.756
2022-01-02 09:00:00,61.1,61.4,60.0,60.6,6069.777
2022-01-02 09:30:00,60.7,61.1,60.7,60.7,1504.199
2022-01-02 10:00:00,60.7,61.0,60.7,60.8,789.976
2022-01-02 10:30:00,60.8,61.0,60.7,60.8,876.739
2022-01-02 11:00:00,60.8,60.9,60.4,60.6,1508.707
2022-01-02 11:30:00,60.5,60.9,60.4,60.6,880.923
2022-01-02 12:00:00,60.6,60.9,60.4,60.7,1348.035
2022-01-02 12:30:00,60.6,61.5,60.6,61.1,2368.489
2022-01-02 13:00:00,61.0,61.1,60.5,60.8,1231.705
2022-01-02 13:30:00,60.8,61.0,60.3,60.5,1582.906
2022-01-02 14:00:00,60.5,61.0,60.5,60.6,2179.659
2022-01-02 14:30:00,60.6,60.8,60.0,60.6,2731.858
2022-01-02 15:00:00,60.6,60.9,60.2,60.6,2174.565
2022-01-02 15:30:00,60.5,61.2,60.5,61.0,3969.249
2022-01-02 16:00:00,61.0,61.5,60.9,61.1,4142.911
2022-01-02 16:30:00,61.1,61.5,61.0,61.2,1395.591
2022-01-02 17:00:00,61.3,61.5,61.0,61.5,1725.081
2022-01-02 17:30:00,61.3,61.8,61.1,61.6,1889.271
2022-01-02 18:00:00,61.7,62.0,60.8,60.9,4025.251
2022-01-02 18:30:00,60.8,62.0,60.6,61.5,2099.468
2022-01-02 19:00:00,61.6,61.8,61.1,61.4,1465.554
2022-01-02 19:30:00,61.4,61.8,61.1,61.7,1409.409
2022-01-02 20:00:00,61.7,61.8,61.2,61.4,1186.289
2022-01-02 20:30:00,61.3,61.5,61.2,61.3,609.808
2022-01-02 21:00:00,61.3,61.7,61.3,61.4,347.852
2022-01-02 21:30:00,61.4,61.5,61.0,61.0,699.085
2022-01-02 22:00:00,61.0,61.8,61.0,61.6,946.237
2022-01-02 22:30:00,61.6,62.0,61.4,61.6,669.587
2022-01-02 23:00:00,61.6,62.0,61.2,61.8,716.874
2022-01-02 23:30:00,61.8,61.9,61.6,61.6,576.811
2022-01-03 00:00:00,61.7,62.0,61.6,61.8,1008.04
2022-01-03 00:30:00,61.8,61.9,61.1,61.1,1488.204
2022-01-03 01:00:00,61.2,61.4,61.1,61.3,610.511
2022-01-03 01:30:00,61.3,61.6,61.1,61.4,624.629
2022-01-03 02:00:00,61.3,61.4,61.1,61.4,662.59
2022-01-03 02:30:00,61.4,61.6,61.1,61.2,453.581
2022-01-03 03:00:00,61.3,61.5,61.2,61.4,420.481
2022-01-03 03:30:00,61.4,61.4,61.0,61.0,1300.804
2022-01-03 04:00:00,61.0,61.2,60.9,61.1,483.31
2022-01-03 04:30:00,61.1,61.2,60.9,61.0,491.61
2022-01-03 05:00:00,61.0,61.2,60.9,61.0,569.312
2022-01-03 05:30:00,61.0,61.1,60.9,60.9,1557.0
2022-01-03 06:00:00,61.1,61.1,60.9,60.9,757.008
2022-01-03 06:30:00,61.0,61.2,60.9,61.1,491.705
2022-01-03 07:00:00,61.2,61.7,61.2,61.6,1242.105
2022-01-03 07:30:00,61.6,62.3,61.5,62.1,1912.947
2022-01-03 08:00:00,62.1,62.3,61.4,61.5,1639.298
2022-01-03 08:30:00,61.5,61.7,61.4,61.5,594.615
2022-01-03 09:00:00,61.5,61.6,61.1,61.5,655.698
2022-01-03 09:30:00,61.2,61.5,61.2,61.3,602.02
2022-01-03 10:00:00,61.4,61.5,61.0,61.3,745.98
2022-01-03 10:30:00,61.3,61.3,60.7,60.9,1624.408
2022-01-03 11:00:00,60.9,61.6,60.8,61.0,1521.828
2022-01-03 11:30:00,61.0,61.6,61.0,61.4,1447.741
2022-01-03 12:00:00,61.3,61.4,61.0,61.0,1126.967
2022-01-03 12:30:00,61.0,61.5,60.6,61.0,1306.431
2022-01-03 13:00:00,60.9,61.2,60.6,60.9,908.138
2022-01-03 13:30:00,60.9,61.4,60.8,61.0,872.892
2022-01-03 14:00:00,61.0,61.1,60.7,60.9,1003.677
2022-01-03 14:30:00,60.9,61.3,60.6,60.8,1222.688
2022-01-03 15:00:00,60.7,60.9,60.6,60.7,977.601
2022-01-03 15:30:00,60.7,60.9,60.2,60.3,1400.979
2022-01-03 16:00:00,60.3,60.4,58.3,59.0,6332.462
2022-01-03 16:30:00,58.9,59.6,58.7,59.1,2505.831
2022-01-03 17:00:00,59.3,59.3,58.9,59.0,1403.19
2022-01-03 17:30:00,59.1,59.3,58.9,59.1,1020.317
2022-01-03 18:00:00,59.2,59.3,58.2,58.9,2261.982
2022-01-03 18:30:00,59.0,59.2,58.8,59.0,771.18
2022-01-03 19:00:00,59.2,59.3,59.0,59.2,830.618
2022-01-03 19:30:00,59.2,59.3,59.0,59.0,384.86
2022-01-03 20:00:00,59.0,59.2,58.5,58.5,2399.636
2022-01-03 20:30:00,58.5,58.9,58.5,58.8,1564.986
2022-01-03 21:00:00,58.8,59.0,58.7,58.9,520.501
2022-01-03 21:30:00,59.0,59.0,58.7,58.8,637.428
2022-01-03 22:00:00,58.8,59.8,58.7,59.2,710.458
2022-01-03 22:30:00,59.3,59.8,59.1,59.5,709.055
2022-01-03 23:00:00,59.5,59.8,59.2,59.4,378.102
2022-01-03 23:30:00,59.3,59.6,59.3,59.4,564.846
2022-01-04 00:00:00,59.4,59.5,59.0,59.3,710.714
2022-01-04 00:30:00,59.4,59.6,59.2,59.4,289.772
2022-01-04 01:00:00,59.4,59.4,58.1,58.7,1649.254
2022-01-04 01:30:00,58.8,58.9,58.6,58.6,371.266
2022-01-04 02:00:00,58.7,58.8,58.0,58.6,1332.777
2022-01-04 02:30:00,58.7,58.9,58.6,58.7,375.161
2022-01-04 03:00:00,58.7,58.9,57.8,58.3,1165.8
2022-01-04 03:30:00,58.2,58.6,58.1,58.2,638.739
2022-01-04 04:00:00,58.1,58.9,58.1,58.6,664.431
2022-01-04 04:30:00,58.7,58.9,56.6,57.6,5710.089
2022-01-04 05:00:00,57.5,57.7,57.1,57.5,1606.122
2022-01-04 05:30:00,57.6,57.8,57.0,57.2,1437.315
2022-01-04 06:00:00,57.2,57.6,56.9,57.4,915.129
2022-01-04 06:30:00,57.5,57.5,57.3,57.4,663.349
2022-01-04 07:00:00,57.4,57.5,57.1,57.2,1014.535
2022-01-04 07:30:00,57.4,58.0,57.1,57.3,2989.257
2022-01-04 08:00:00,57.3,57.8,57.3,57.8,871.467
2022-01-04 08:30:00,57.7,57.9,57.4,57.6,918.292
2022-01-04 09:00:00,57.6,58.4,57.5,58.1,2037.954
2022-01-04 09:30:00,58.1,58.4,57.8,58.3,1616.356
2022-01-04 10:00:00,58.3,58.7,57.8,58.4,1845.424
2022-01-04 10:30:00,58.5,59.5,58.0,58.5,5451.478
2022-01-04 11:00:00,58.4,60.0,58.0,58.2,8087.513
2022-01-04 11:30:00,58.2,58.3,57.5,57.6,3859.456
2022-01-04 12:00:00,57.7,58.4,57.6,58.0,2670.802
2022-01-04 12:30:00,57.9,58.3,57.3,58.0,2823.847
2022-01-04 13:00:00,57.9,58.0,57.0,57.5,1624.397
2022-01-04 13:30:00,57.5,57.9,57.0,57.6,2011.697
2022-01-04 14:00:00,57.5,57.7,57.2,57.2,1686.503
2022-01-04 14:30:00,57.3,57.6,57.0,57.3,3116.077
2022-01-04 15:00:00,57.5,58.3,57.1,57.5,6112.414
2022-01-04 15:30:00,57.4,57.6,56.5,56.9,6280.469
2022-01-04 16:00:00,57.0,57.1,56.3,56.5,2554.171
2022-01-04 16:30:00,56.6,57.2,56.6,56.9,3675.671
2022-01-04 17:00:00,57.0,57.1,56.0,56.6,3553.912
2022-01-04 17:30:00,56.6,56.8,55.5,55.6,4664.912
2022-01-04 18:00:00,55.4,55.9,54.0,54.4,11077.112
2022-01-04 18:30:00,54.4,54.4,50.9,51.5,29119.97
2022-01-04 19:00:00,51.6,52.9,50.6,52.4,16157.216
2022-01-04 19:30:00,52.5,52.8,51.8,52.1,5430.372
2022-01-04 20:00:00,52.2,53.6,51.9,53.4,9237.93
2022-01-04 20:30:00,53.4,53.5,52.7,53.4,4596.43
2022-01-04 21:00:00,53.5,53.9,53.2,53.5,4464.476
2022-01-04 21:30:00,53.5,53.9,53.4,53.8,1740.852
2022-01-04 22:00:00,53.9,54.1,53.0,53.2,2878.714
2022-01-04 22:30:00,53.2,53.9,53.2,53.4,1322.789
2022-01-04 23:00:00,53.4,53.6,52.7,53.0,1759.184
2022-01-04 23:30:00,53.0,53.4,53.0,53.1,2083.196
2022-01-05 00:00:00,53.2,53.5,52.6,52.8,2537.333
2022-01-05 00:30:00,52.8,52.8,50.9,51.8,14565.651
2022-01-05 01:00:00,51.8,51.9,51.2,51.7,3418.514
2022-01-05 01:30:00,51.7,51.9,51.4,51.7,1635.736
2022-01-05 02:00:00,51.7,52.0,51.5,51.9,2459.114
2022-01-05 02:30:00,51.9,52.0,51.8,51.9,1348.563
2022-01-05 03:00:00,52.0,52.5,51.9,52.3,1914.984
2022-01-05 03:30:00,52.3,52.4,52.2,52.4,1224.923
2022-01-05 04:00:00,52.3,52.5,51.8,51.8,2176.086
2022-01-05 04:30:00,51.8,52.1,51.6,51.7,2580.007
2022-01-05 05:00:00,51.7,51.8,51.0,51.5,4486.361
2022-01-05 05:30:00,51.5,51.5,50.9,51.4,5233.279
2022-01-05 06:00:00,51.4,52.1,51.1,52.1,5339.558
2022-01-05 06:30:00,52.1,52.9,52.0,52.6,6443.89
2022-01-05 07:00:00,52.6,53.3,52.6,52.8,6210.466
2022-01-05 07:30:00,52.8,53.0,52.6,52.8,2914.848
2022-01-05 08:00:00,52.9,52.9,52.3,52.3,1999.454
2022-01-05 08:30:00,52.4,52.8,52.3,52.7,2100.063
2022-01-05 09:00:00,52.7,52.8,52.4,52.4,1670.51
2022-01-05 09:30:00,52.4,52.6,52.0,52.2,4142.343
2022-01-05 10:00:00,52.2,52.2,51.6,51.7,4057.626
2022-01-05 10:30:00,51.7,52.0,51.6,51.8,3134.178
2022-01-05 11:00:00,51.7,51.8,51.2,51.2,3383.731
2022-01-05 11:30:00,51.2,51.4,50.9,51.0,4165.51
2022-01-05 12:00:00,51.1,51.1,50.7,50.8,3494.853
2022-01-05 12:30:00,50.8,50.9,50.2,50.6,5967.555
2022-01-05 13:00:00,50.6,50.7,49.7,50.0,11951.138
2022-01-05 13:30:00,49.9,50.8,49.9,50.4,6840.403
2022-01-05 14:00:00,50.5,50.5,49.0,49.7,13579.862
2022-01-05 14:30:00,49.6,49.7,48.0,49.2,27970.129
2022-01-05 15:00:00,49.2,49.2,48.3,48.9,8339.208
2022-01-05 15:30:00,48.9,49.0,48.1,48.6,6808.184
2022-01-05 16:00:00,48.7,49.5,48.6,49.4,6473.326
2022-01-05 16:30:00,49.4,49.5,48.6,48.6,5148.313
2022-01-05 17:00:00,48.6,48.8,48.4,48.6,4920.754
2022-01-05 17:30:00,48.6,48.7,48.3,48.3,4479.814
2022-01-05 18:00:00,48.2,48.3,47.5,48.0,9410.688
2022-01-05 18:30:00,48.0,48.5,48.0,48.3,3017.062
2022-01-05 19:00:00,48.3,48.5,46.9,47.4,9975.789
2022-01-05 19:30:00,47.4,47.4,45.3,45.3,12885.352
2022-01-05 20:00:00,45.3,45.9,44.5,44.7,13891.966
2022-01-05 20:30:00,44.7,45.5,44.4,44.6,7256.524
2022-01-05 21:00:00,44.5,45.4,44.5,44.6,4490.924
2022-01-05 21:30:00,44.6,44.7,44.0,44.1,6882.885
2022-01-05 22:00:00,44.2,44.2,41.6,42.1,12639.241
2022-01-05 22:30:00,42.1,43.4,40.7,43.0,15276.196
2022-01-05 23:00:00,43.0,43.7,42.9,43.5,4754.195
2022-01-05 23:30:00,43.7,43.7,42.8,43.0,5670.828
2022-01-06 00:00:00,43.0,43.7,42.6,43.4,2874.981
2022-01-06 00:30:00,43.4,43.8,43.2,43.6,3102.665
2022-01-06 01:00:00,43.5,43.6,43.0,43.2,2173.42
2022-01-06 01:30:00,43.2,43.2,42.2,42.5,2281.306
2022-01-06 02:00:00,42.5,42.5,41.4,41.7,1811.607
2022-01-06 02:30:00,41.7,42.2,41.3,41.6,4528.284
2022-01-06 03:00:00,41.6,41.9,41.5,41.6,2391.292
2022-01-06 03:30:00,41.6,41.8,40.8,41.0,4490.635
2022-01-06 04:00:00,40.9,41.4,40.6,41.0,3536.718
2022-01-06 04:30:00,41.0,41.4,40.7,41.3,2426.484
2022-01-06 05:00:00,41.2,41.8,41.1,41.7,2926.726
2022-01-06 05:30:00,41.7,41.7,40.8,40.9,2899.038
2022-01-06 06:00:00,41.1,41.3,40.7,41.1,3616.387
2022-01-06 06:30:00,41.1,41.3,41.0,41.3,1917.285
2022-01-06 07:00:00,41.2,42.6,41.2,42.3,6896.927
2022-01-06 07:30:00,42.2,42.6,41.9,42.2,3770.075
2022-01-06 08:00:00,42.1,42.2,41.9,41.9,2709.892
2022-01-06 08:30:00,41.9,41.9,41.1,41.4,2760.613
2022-01-06 09:00:00,41.4,41.4,40.6,40.8,6733.884
2022-01-06 09:30:00,40.8,41.0,40.0,40.3,4764.271
2022-01-06 10:00:00,40.1,40.6,40.1,40.5,3930.59
2022-01-06 10:30:00,40.5,40.7,40.4,40.7,4361.881
2022-01-06 11:00:00,40.6,40.7,40.1,40.2,5296.398
2022-01-06 11:30:00,40.2,40.3,39.3,40.2,8019.541
2022-01-06 12:00:00,40.1,40.2,39.4,39.5,5122.859
2022-01-06 12:30:00,39.4,43.3,39.0,41.1,17425.777
2022-01-06 13:00:00,41.0,42.0,40.7,40.9,12053.045
2022-01-06 13:30:00,41.0,41.4,40.8,41.3,2008.542
2022-01-06 14:00:00,41.3,41.3,40.4,40.4,5721.403
2022-01-06 14:30:00,40.4,41.3,40.3,40.8,6742.758
2022-01-06 15:00:00,40.7,40.8,39.9,40.6,4886.272
2022-01-06 15:30:00,40.6,40.7,40.4,40.7,2128.227
2022-01-06 16:00:00,40.6,40.7,40.4,40.5,2874.449
2022-01-06 16:30:00,40.5,40.7,40.1,40.5,3647.846
2022-01-06 17:00:00,40.6,40.7,40.2,40.6,2225.704
2022-01-06 17:30:00,40.6,40.8,40.5,40.8,3035.729
2022-01-06 18:00:00,40.7,41.0,40.7,40.9,2772.54
2022-01-06 18:30:00,40.9,42.0,40.8,41.8,6025.976
2022-01-06 19:00:00,41.8,42.6,41.5,42.5,7780.774
2022-01-06 19:30:00,42.5,43.0,42.2,42.3,5826.771
2022-01-06 20:00:00,42.2,42.3,41.3,41.6,7138.196
2022-01-06 20:30:00,41.6,42.3,41.4,41.8,3235.715
2022-01-06 21:00:00,41.9,42.0,41.4,41.5,2891.877
2022-01-06 21:30:00,41.5,42.1,41.4,42.0,3591.088
2022-01-06 22:00:00,42.1,42.1,41.4,41.5,2106.636
2022-01-06 22:30:00,41.5,42.0,41.4,41.5,1590.27
2022-01-06 23:00:00,41.5,42.0,41.3,41.6,1855.76
2022-01-06 23:30:00,41.7,41.8,41.2,41.4,2499.746
2022-01-07 00:00:00,41.4,41.6,40.9,41.1,2876.06
2022-01-07 00:30:00,41.1,41.1,40.9,40.9,1289.267
2022-01-07 01:00:00,40.9,41.6,40.9,41.3,2826.319
2022-01-07 01:30:00,41.2,42.0,41.2,41.6,2667.748
2022-01-07 02:00:00,41.6,41.6,41.1,41.1,476.125
2022-01-07 02:30:00,41.1,41.3,40.9,41.0,1055.762
2022-01-07 03:00:00,41.0,41.0,40.4,40.5,2811.53
2022-01-07 03:30:00,40.4,40.6,39.0,39.3,7544.985
2022-01-07 04:00:00,39.2,39.3,38.3,38.6,4595.899
2022-01-07 04:30:00,38.5,39.0,38.2,38.8,5575.561
2022-01-07 05:00:00,39.0,39.2,38.8,38.9,2895.964
2022-01-07 05:30:00,38.9,39.0,38.6,38.7,2584.865
2022-01-07 06:00:00,38.8,38.8,38.5,38.5,1436.86
2022-01-07 06:30:00,38.4,38.6,38.0,38.2,3989.276
2022-01-07 07:00:00,38.2,38.3,37.9,38.2,3387.384
2022-01-07 07:30:00,38.2,38.5,38.0,38.3,4268.112
2022-01-07 08:00:00,38.4,39.0,38.1,38.8,3937.259
2022-01-07 08:30:00,38.8,39.5,38.7,39.1,5102.172
2022-01-07 09:00:00,39.2,39.5,39.0,39.4,3100.982
2022-01-07 09:30:00,39.3,39.7,39.3,39.5,3348.355
2022-01-07 10:00:00,39.4,39.6,38.9,39.2,1701.095
2022-01-07 10:30:00,39.1,39.2,38.9,39.0,1143.237
2022-01-07 11:00:00,39.0,39.2,39.0,39.1,1331.551
2022-01-07 11:30:00,39.1,39.2,38.8,38.8,1619.729
2022-01-07 12:00:00,38.9,39.1,38.7,38.8,2256.433
2022-01-07 12:30:00,38.8,39.0,38.7,38.7,1778.584
2022-01-07 13:00:00,38.7,38.8,38.0,38.0,3848.095
2022-01-07 13:30:00,38.1,38.6,37.2,37.4,8383.771
2022-01-07 14:00:00,37.4,37.8,37.3,37.3,3194.554
2022-01-07 14:30:00,37.6,38.0,37.3,37.6,5444.545
2022-01-07 15:00:00,37.5,37.7,37.2,37.7,3715.289
2022-01-07 15:30:00,37.6,37.7,36.2,37.1,6390.213
2022-01-07 16:00:00,37.1,37.3,36.5,36.9,7499.484
2022-01-07 16:30:00,37.0,37.4,36.9,37.3,4685.38
2022-01-07 17:00:00,37.3,37.4,36.8,36.9,4090.387
2022-01-07 17:30:00,36.9,37.0,36.6,37.0,3342.544
2022-01-07 18:00:00,36.9,37.6,36.9,36.9,4902.384
2022-01-07 18:30:00,36.9,37.0,36.8,36.9,1323.698
2022-01-07 19:00:00,36.9,37.0,36.7,36.9,1163.844
2022-01-07 19:30:00,36.9,37.6,36.8,37.2,5835.353
2022-01-07 20:00:00,37.2,37.2,36.7,36.8,3229.837
2022-01-07 20:30:00,36.8,37.2,36.7,37.2,913.42
2022-01-07 21:00:00,37.2,37.2,37.0,37.2,1915.176
2022-01-07 21:30:00,37.2,37.4,37.1,37.2,2758.022
2022-01-07 22:00:00,37.2,37.2,36.8,36.9,2408.957
2022-01-07 22:30:00,36.8,36.9,36.6,36.7,865.784
2022-01-07 23:00:00,36.7,37.0,36.6,36.6,1347.485
2022-01-07 23:30:00,36.6,36.8,36.6,36.6,455.803
2022-01-08 00:00:00,36.7,36.9,36.2,36.6,3917.458
2022-01-08 00:30:00,36.6,37.1,36.5,37.1,2710.108
2022-01-08 01:00:00,37.1,37.2,37.0,37.2,2008.542
2022-01-08 01:30:00,37.2,37.2,37.1,37.2,511.894
2022-01-08 02:00:00,37.2,37.2,37.0,37.1,697.309
2022-01-08 02:30:00,37.0,37.0,36.5,36.9,2312.513
2022-01-08 03:00:00,36.9,36.9,36.7,36.8,437.486
2022-01-08 03:30:00,36.7,36.7,36.3,36.6,1729.368
2022-01-08 04:00:00,36.7,36.9,36.6,36.9,1217.602
2022-01-08 04:30:00,36.9,37.4,36.9,37.3,3163.823
2022-01-08 05:00:00,37.2,37.3,37.1,37.3,968.548
2022-01-08 05:30:00,37.3,37.3,37.2,37.2,395.716
2022-01-08 06:00:00,37.3,37.3,37.0,37.1,1071.606
2022-01-08 06:30:00,37.0,37.1,36.9,37.1,1102.361
2022-01-08 07:00:00,37.1,38.5,37.1,38.5,13316.894
2022-01-08 07:30:00,38.4,38.9,38.3,38.3,6276.703
2022-01-08 08:00:00,38.2,38.4,37.7,37.7,4000.356
2022-01-08 08:30:00,37.7,37.8,37.3,37.7,4360.141
2022-01-08 09:00:00,37.7,37.8,37.7,37.8,1763.222
2022-01-08 09:30:00,37.8,37.9,37.7,37.8,3102.64
2022-01-08 10:00:00,37.7,38.3,37.4,37.6,10333.154
2022-01-08 10:30:00,37.5,37.6,37.0,37.0,10940.075
2022-01-08 11:00:00,36.9,37.0,36.6,36.7,4859.164
2022-01-08 11:30:00,36.8,36.9,36.7,36.9,5633.622
2022-01-08 12:00:00,36.8,36.9,36.3,36.5,4499.224
2022-01-08 12:30:00,36.4,36.7,36.4,36.7,5383.711
2022-01-08 13:00:00,36.6,36.7,36.2,36.4,3344.37
2022-01-08 13:30:00,36.4,36.9,36.4,36.7,3220.484
2022-01-08 14:00:00,36.6,36.6,36.4,36.4,2785.246
2022-01-08 14:30:00,36.4,36.5,36.3,36.3,1658.577
2022-01-08 15:00:00,36.3,36.4,35.4,35.7,6623.655
2022-01-08 15:30:00,35.7,35.7,35.0,35.0,8596.529
2022-01-08 16:00:00,35.0,35.3,34.9,35.0,6793.255
2022-01-08 16:30:00,35.0,35.0,34.5,34.5,6848.268
2022-01-08 17:00:00,34.4,34.5,33.8,34.3,8861.929
2022-01-08 17:30:00,34.4,34.4,32.9,33.0,8641.313
2022-01-08 18:00:00,32.9,33.6,32.3,33.1,12472.204
2022-01-08 18:30:00,33.1,33.6,32.6,32.6,5116.307
2022-01-08 19:00:00,32.6,33.4,32.6,32.9,3391.525
2022-01-08 19:30:00,32.9,32.9,32.7,32.8,1596.079
2022-01-08 20:00:00,32.8,33.3,32.7,32.8,2010.845
2022-01-08 20:30:00,32.8,33.1,32.6,32.8,2790.337
2022-01-08 21:00:00,32.8,33.5,32.7,33.4,3389.625
2022-01-08 21:30:00,33.3,34.5,33.3,34.1,11809.731
2022-01-08 22:00:00,34.0,34.8,33.9,34.6,2984.397
2022-01-08 22:30:00,34.6,34.7,33.9,33.9,1454.661
2022-01-08 23:00:00,34.0,34.0,33.7,33.9,1215.821
2022-01-08 23:30:00,33.9,34.1,33.8,33.8,631.622
2022-01-09 00:00:00,33.8,34.0,33.6,34.0,1960.419
2022-01-09 00:30:00,34.0,34.0,33.7,33.8,1779.857
2022-01-09 01:00:00,33.8,33.9,33.8,33.8,1609.899
2022-01-09 01:30:00,33.8,33.8,33.7,33.7,611.836
2022-01-09 02:00:00,33.7,34.2,33.7,34.1,1781.988
2022-01-09 02:30:00,34.1,34.2,34.0,34.1,1827.555
2022-01-09 03:00:00,34.1,34.3,34.1,34.3,896.761
2022-01-09 03:30:00,34.4,34.4,34.1,34.2,971.589
2022-01-09 04:00:00,34.1,34.2,34.1,34.1,182.878
2022-01-09 04:30:00,34.1,34.3,34.1,34.2,607.465
2022-01-09 05:00:00,34.2,34.3,33.9,33.9,1030.99
2022-01-09 05:30:00,34.0,34.0,33.6,33.7,1732.548
2022-01-09 06:00:00,33.7,33.7,33.5,33.6,1342.871
2022-01-09 06:30:00,33.7,33.7,33.5,33.7,1157.316
2022-01-09 07:00:00,33.7,33.9,33.6,33.7,2205.06
2022-01-09 07:30:00,33.7,34.0,33.6,33.8,1554.872
2022-01-09 08:00:00,33.8,33.8,33.6,33.7,554.99
2022-01-09 08:30:00,33.6,33.7,33.4,33.6,1628.666
2022-01-09 09:00:00,33.6,33.8,33.2,33.3,1629.415
2022-01-09 09:30:00,33.3,33.5,33.3,33.3,741.892
2022-01-09 10:00:00,33.3,33.5,33.2,33.5,1256.427
2022-01-09 10:30:00,33.5,33.8,33.4,33.8,1757.155
2022-01-09 11:00:00,33.7,34.2,33.7,34.1,4027.926
2022-01-09 11:30:00,34.1,34.6,34.0,34.3,2101.335
2022-01-09 12:00:00,34.3,34.4,33.7,33.9,1539.114
2022-01-09 12:30:00,33.9,34.2,33.8,34.0,2088.591
2022-01-09 13:00:00,34.0,34.1,33.8,33.8,890.244
2022-01-09 13:30:00,33.8,33.9,33.5,33.6,1762.357
2022-01-09 14:00:00,33.6,33.7,33.3,33.4,1767.772
2022-01-09 14:30:00,33.4,33.5,33.3,33.4,620.608
2022-01-09 15:00:00,33.4,33.5,32.9,33.2,2486.424
2022-01-09 15:30:00,33.2,33.4,33.1,33.3,1284.11
2022-01-09 16:00:00,33.2,33.7,33.2,33.6,2051.517
2022-01-09 16:30:00,33.6,34.1,33.4,34.0,2904.263
2022-01-09 17:00:00,34.0,34.1,33.6,34.0,4042.274
2022-01-09 17:30:00,33.9,34.0,33.6,33.8,2438.96
2022-01-09 18:00:00,33.8,34.2,33.7,34.2,2986.511
2022-01-09 18:30:00,34.2,34.9,34.1,34.7,7387.657
2022-01-09 19:00:00,34.7,36.2,34.6,35.5,17577.663
2022-01-09 19:30:00,35.5,35.5,35.0,35.2,3892.972
2022-01-09 20:00:00,35.2,35.2,34.7,34.9,3494.654
2022-01-09 20:30:00,34.9,34.9,34.7,34.9,1566.655
2022-01-09 21:00:00,34.9,35.2,34.8,35.1,2169.035
2022-01-09 21:30:00,35.0,35.0,34.8,34.9,981.676
2022-01-09 22:00:00,34.9,35.0,34.7,35.0,1169.009
2022-01-09 22:30:00,34.9,35.0,34.6,34.7,890.82
2022-01-09 23:00:00,34.6,34.8,34.6,34.6,844.701
2022-01-09 23:30:00,34.6,35.4,34.5,35.4,3205.086
2022-01-10 00:00:00,35.4,35.4,34.8,35.0,1930.954
2022-01-10 00:30:00,35.0,35.4,34.9,35.0,1569.965
2022-01-10 01:00:00,35.0,35.1,34.7,34.8,1744.266
2022-01-10 01:30:00,34.8,34.9,34.7,34.8,866.942
2022-01-10 02:00:00,34.8,35.1,34.8,35.1,948.284
2022-01-10 02:30:00,35.1,35.1,34.9,35.1,656.991
2022-01-10 03:00:00,35.1,35.1,34.9,35.0,644.729
2022-01-10 03:30:00,35.0,35.0,34.6,34.6,696.195
2022-01-10 04:00:00,34.7,34.9,34.6,34.7,1413.275
2022-01-10 04:30:00,34.7,34.9,34.7,34.9,733.391
2022-01-10 05:00:00,34.8,34.9,34.8,34.9,489.6
2022-01-10 05:30:00,34.9,34.9,34.8,34.8,260.871
2022-01-10 06:00:00,34.9,34.9,34.2,34.4,3441.338
2022-01-10 06:30:00,34.4,34.6,34.4,34.6,1816.707
2022-01-10 07:00:00,34.5,34.6,33.8,34.0,5171.062
2022-01-10 07:30:00,34.0,34.2,33.8,33.9,1101.68
2022-01-10 08:00:00,33.8,34.0,33.8,33.9,2053.641
2022-01-10 08:30:00,33.9,34.0,33.6,33.7,1481.144
2022-01-10 09:00:00,33.7,33.9,33.6,33.8,1507.052
2022-01-10 09:30:00,33.8,34.0,33.8,33.8,919.511
2022-01-10 10:00:00,33.8,34.0,33.6,33.9,2392.816
2022-01-10 10:30:00,33.9,35.5,33.7,33.9,8116.875
2022-01-10 11:00:00,33.8,33.9,33.4,33.6,2367.337
2022-01-10 11:30:00,33.6,33.6,33.1,33.3,2984.169
2022-01-10 12:00:00,33.3,33.3,32.9,32.9,3498.522
2022-01-10 12:30:00,33.0,33.0,32.0,32.3,6250.374
2022-01-10 13:00:00,32.3,32.7,31.9,31.9,5872.582
2022-01-10 13:30:00,32.0,32.2,31.7,31.7,3596.089
2022-01-10 14:00:00,31.7,31.7,29.3,30.1,17961.523
2022-01-10 14:30:00,30.0,31.4,29.8,30.7,11797.681
2022-01-10 15:00:00,30.9,31.1,30.3,30.7,5350.699
2022-01-10 15:30:00,30.6,30.9,30.6,30.7,2547.459
2022-01-10 16:00:00,30.7,31.5,30.6,31.4,5855.141
2022-01-10 16:30:00,31.5,31.6,31.1,31.5,2423.201
2022-01-10 17:00:00,31.5,31.8,30.9,30.9,8670.802
2022-01-10 17:30:00,30.9,31.2,30.3,30.8,10681.704
2022-01-10 18:00:00,30.7,31.1,30.7,31.0,1556.154
2022-01-10 18:30:00,31.0,31.2,30.9,31.1,2304.43
2022-01-10 19:00:00,31.0,31.0,30.9,30.9,1357.255
2022-01-10 19:30:00,30.9,31.0,30.6,30.6,1736.063
2022-01-10 20:00:00,30.6,30.9,30.6,30.9,582.944
2022-01-10 20:30:00,30.9,31.2,30.8,31.1,3154.845
2022-01-10 21:00:00,31.1,31.3,30.9,31.0,2490.624
2022-01-10 21:30:00,31.0,31.1,30.9,31.1,806.667
2022-01-10 22:00:00,31.1,31.2,31.0,31.0,1273.413
2022-01-10 22:30:00,31.1,31.2,30.9,31.0,649.431
2022-01-10 23:00:00,31.0,31.4,31.0,31.2,2064.725
2022-01-10 23:30:00,31.2,31.3,31.1,31.3,305.164
2022-01-11 00:00:00,31.3,31.3,31.0,31.0,1153.669
2022-01-11 00:30:00,31.0,31.2,30.8,30.9,1079.369
2022-01-11 01:00:00,30.9,31.0,30.8,31.0,405.26
2022-01-11 01:30:00,31.0,31.3,31.0,31.1,2384.579
2022-01-11 02:00:00,31.2,31.4,31.2,31.3,911.846
2022-01-11 02:30:00,31.4,31.6,31.3,31.6,2364.09
2022-01-11 03:00:00,31.5,31.5,31.4,31.5,486.858
2022-01-11 03:30:00,31.5,31.6,31.4,31.6,1165.99
2022-01-11 04:00:00,31.6,31.7,31.4,31.6,644.613
2022-01-11 04:30:00,31.6,31.7,31.5,31.7,1345.666
2022-01-11 05:00:00,31.7,31.7,31.5,31.6,2945.809
2022-01-11 05:30:00,31.6,31.7,31.4,31.5,714.724
2022-01-11 06:00:00,31.5,31.6,31.3,31.5,1097.482
2022-01-11 06:30:00,31.5,31.5,31.3,31.3,804.082
2022-01-11 07:00:00,31.3,31.6,31.3,31.6,1020.049
2022-01-11 07:30:00,31.5,31.8,31.5,31.7,2075.33
2022-01-11 08:00:00,31.7,32.6,31.7,32.5,7688.655
2022-01-11 08:30:00,32.5,32.5,32.1,32.3,2989.489
2022-01-11 09:00:00,32.3,33.3,32.3,33.3,10813.33
2022-01-11 09:30:00,33.2,33.3,32.6,32.7,2944.421
2022-01-11 10:00:00,32.7,33.0,32.5,32.6,3882.803
2022-01-11 10:30:00,32.6,32.6,31.9,31.9,4186.849
2022-01-11 11:00:00,32.0,32.1,31.8,31.9,1885.83
2022-01-11 11:30:00,31.9,32.0,31.8,31.8,665.846
2022-01-11 12:00:00,31.8,31.9,31.8,31.9,633.753
2022-01-11 12:30:00,31.8,31.9,31.7,31.7,984.928
2022-01-11 13:00:00,31.7,32.5,31.7,32.3,6064.614
2022-01-11 13:30:00,32.4,32.5,32.0,32.0,3574.535
2022-01-11 14:00:00,32.1,32.1,31.4,31.5,4100.099
2022-01-11 14:30:00,31.5,32.3,31.3,32.2,4920.46
2022-01-11 15:00:00,32.2,32.4,32.0,32.1,1990.206
2022-01-11 15:30:00,32.2,32.5,31.7,32.0,4014.58
2022-01-11 16:00:00,32.0,32.4,32.0,32.4,4132.568
2022-01-11 16:30:00,32.3,33.0,32.3,32.5,9529.07
2022-01-11 17:00:00,32.5,32.7,31.9,31.9,9113.417
2022-01-11 17:30:00,32.0,32.3,31.9,32.3,1989.157
2022-01-11 18:00:00,32.3,32.4,32.1,32.3,1888.895
2022-01-11 18:30:00,32.3,32.6,32.3,32.4,2079.777
2022-01-11 19:00:00,32.4,32.4,32.2,32.3,791.444
2022-01-11 19:30:00,32.2,32.6,32.2,32.6,1320.906
2022-01-11 20:00:00,32.6,32.7,32.3,32.4,1882.161
2022-01-11 20:30:00,32.3,32.4,32.2,32.2,1019.179
2022-01-11 21:00:00,32.3,32.3,32.2,32.2,440.844
2022-01-11 21:30:00,32.2,32.3,32.2,32.2,292.654
2022-01-11 22:00:00,32.3,32.3,32.0,32.0,1902.527
2022-01-11 22:30:00,32.0,32.2,31.7,32.1,2499.594
2022-01-11 23:00:00,32.1,32.3,32.0,32.0,895.542
2022-01-11 23:30:00,32.0,32.2,31.9,32.2,910.968
2022-01-12 00:00:00,32.2,32.2,32.0,32.1,707.19
2022-01-12 00:30:00,32.2,32.2,32.0,32.0,821.989
2022-01-12 01:00:00,32.0,32.1,31.8,31.9,1282.519
2022-01-12 01:30:00,31.9,32.1,31.9,32.0,385.172
2022-01-12 02:00:00,32.0,32.1,31.7,31.8,2196.181
2022-01-12 02:30:00,31.7,31.8,31.3,31.5,4441.299
2022-01-12 03:00:00,31.5,31.6,31.4,31.5,1560.536
2022-01-12 03:30:00,31.4,31.8,31.4,31.4,3714.592
2022-01-12 04:00:00,31.4,31.6,31.4,31.5,766.292
2022-01-12 04:30:00,31.5,31.6,31.3,31.3,2019.043
2022-01-12 05:00:00,31.4,31.5,31.1,31.3,3902.918
2022-01-12 05:30:00,31.3,31.4,31.3,31.4,1182.186
2022-01-12 06:00:00,31.4,31.5,31.3,31.5,696.224
2022-01-12 06:30:00,31.5,31.7,31.5,31.6,1078.166
2022-01-12 07:00:00,31.6,31.6,31.3,31.4,1513.936
2022-01-12 07:30:00,31.3,31.8,31.3,31.6,2260.768
2022-01-12 08:00:00,31.6,31.8,31.5,31.6,1039.065
2022-01-12 08:30:00,31.7,31.8,31.6,31.7,1099.015
2022-01-12 09:00:00,31.7,31.9,31.6,31.9,2871.414
2022-01-12 09:30:00,31.9,32.1,31.8,32.0,2911.058
2022-01-12 10:00:00,32.0,32.3,32.0,32.2,3631.487
2022-01-12 10:30:00,32.2,32.2,31.9,32.1,3297.819
2022-01-12 11:00:00,32.1,32.1,31.8,32.1,3524.157
2022-01-12 11:30:00,32.1,32.4,32.0,32.2,4072.887
2022-01-12 12:00:00,32.1,32.7,32.1,32.5,4272.612
2022-01-12 12:30:00,32.5,32.6,32.1,32.3,2936.971
2022-01-12 13:00:00,32.3,32.4,32.1,32.4,2682.572
2022-01-12 13:30:00,32.4,33.4,32.4,33.0,17607.879
2022-01-12 14:00:00,33.0,33.2,32.5,33.2,7396.491
2022-01-12 14:30:00,33.2,33.8,33.1,33.4,9277.581
2022-01-12 15:00:00,33.4,33.9,33.4,33.6,5397.28
2022-01-12 15:30:00,33.7,33.7,33.1,33.5,7960.355
2022-01-12 16:00:00,33.5,33.8,33.2,33.3,6866.123
2022-01-12 16:30:00,33.3,33.7,33.2,33.7,4272.997
2022-01-12 17:00:00,33.7,33.7,33.2,33.5,3841.271
2022-01-12 17:30:00,33.5,33.6,33.4,33.6,2230.858
2022-01-12 18:00:00,33.6,33.8,33.4,33.6,4256.785
2022-01-12 18:30:00,33.5,33.6,33.4,33.5,1592.912
2022-01-12 19:00:00,33.5,33.5,33.2,33.4,2643.86
2022-01-12 19:30:00,33.4,33.4,33.2,33.2,1912.783
2022-01-12 20:00:00,33.2,33.9,33.2,33.9,4314.831
2022-01-12 20:30:00,33.8,34.5,33.8,34.3,5705.794
2022-01-12 21:00:00,34.3,35.1,34.2,34.9,11637.866
2022-01-12 21:30:00,34.9,34.9,34.3,34.7,4121.068
2022-01-12 22:00:00,34.7,35.0,34.6,35.0,2282.699
2022-01-12 22:30:00,35.0,35.9,34.6,35.7,8808.575
2022-01-12 23:00:00,35.7,35.9,35.2,35.3,6796.558
2022-01-12 23:30:00,35.3,35.6,34.9,35.3,5244.403
2022-01-13 00:00:00,35.3,35.4,35.0,35.0,2325.436
2022-01-13 00:30:00,35.1,35.1,34.5,34.5,3932.239
2022-01-13 01:00:00,34.6,34.8,34.5,34.6,1634.876
2022-01-13 01:30:00,34.6,35.0,34.5,34.7,3157.686
2022-01-13 02:00:00,34.6,34.7,34.5,34.6,1060.298
2022-01-13 02:30:00,34.6,34.8,34.5,34.7,1397.952
2022-01-13 03:00:00,34.7,36.5,34.6,35.9,15951.275
2022-01-13 03:30:00,35.9,36.4,35.7,36.2,6954.486
2022-01-13 04:00:00,36.2,37.4,36.2,37.0,14268.728
2022-01-13 04:30:00,36.9,38.7,36.9,38.6,16618.813
2022-01-13 05:00:00,38.7,39.7,37.9,38.2,27714.211
2022-01-13 05:30:00,38.2,38.4,36.8,37.7,22077.989
2022-01-13 06:00:00,37.7,37.8,37.2,37.6,6305.802
2022-01-13 06:30:00,37.6,37.7,36.9,37.0,7143.981
2022-01-13 07:00:00,37.0,37.1,36.2,36.4,8599.767
2022-01-13 07:30:00,36.5,36.5,35.8,36.1,9773.913
2022-01-13 08:00:00,36.2,36.5,35.9,36.0,6403.449
2022-01-13 08:30:00,36.1,36.5,36.0,36.4,3176.203
2022-01-13 09:00:00,36.4,37.7,36.2,37.6,8473.804
2022-01-13 09:30:00,37.6,39.5,37.0,39.3,36348.545
2022-01-13 10:00:00,39.3,39.3,38.0,38.3,19179.239
2022-01-13 10:30:00,38.2,39.4,38.2,38.7,18870.263
2022-01-13 11:00:00,38.7,39.0,37.8,38.0,15874.886
2022-01-13 11:30:00,38.1,38.3,37.7,38.2,7647.838
2022-01-13 12:00:00,38.2,39.1,37.5,37.6,15678.871
2022-01-13 12:30:00,37.7,37.7,35.6,36.3,46146.707
2022-01-13 13:00:00,36.3,36.4,35.4,35.4,10663.467
2022-01-13 13:30:00,35.5,35.9,35.3,35.9,14032.281
2022-01-13 14:00:00,35.9,36.0,35.4,35.5,10267.097
2022-01-13 14:30:00,35.4,35.8,35.3,35.6,7407.853
2022-01-13 15:00:00,35.6,35.6,33.5,34.1,34440.342
2022-01-13 15:30:00,34.0,34.1,32.9,33.7,19813.047
2022-01-13 16:00:00,33.6,34.4,33.2,34.4,13236.577
2022-01-13 16:30:00,34.4,34.4,33.8,33.9,5582.938
2022-01-13 17:00:00,33.9,33.9,33.1,33.4,8045.07
2022-01-13 17:30:00,33.4,33.6,33.2,33.5,2557.885
2022-01-13 18:00:00,33.4,34.0,33.4,33.9,5265.266
2022-01-13 18:30:00,33.9,33.9,33.6,33.7,1791.292
2022-01-13 19:00:00,33.6,33.8,33.4,33.6,1871.15
2022-01-13 19:30:00,33.5,33.6,33.2,33.5,1823.598
2022-01-13 20:00:00,33.5,33.5,32.8,33.3,6938.74
2022-01-13 20:30:00,33.3,33.4,33.1,33.4,1235.334
2022-01-13 21:00:00,33.4,33.6,33.3,33.4,2509.525
2022-01-13 21:30:00,33.3,33.7,33.3,33.7,1656.923
2022-01-13 22:00:00,33.6,33.7,33.2,33.3,3038.501
2022-01-13 22:30:00,33.4,33.4,33.0,33.1,1294.776
2022-01-13 23:00:00,33.2,33.2,32.9,33.1,1075.991
2022-01-13 23:30:00,33.1,33.3,32.5,32.7,4531.237
2022-01-14 00:00:00,32.8,33.0,32.5,32.6,4202.337
2022-01-14 00:30:00,32.7,33.3,32.5,33.1,3168.388
2022-01-14 01:00:00,33.1,33.2,32.8,33.1,1587.919
2022-01-14 01:30:00,33.1,33.1,32.9,33.0,996.559
2022-01-14 02:00:00,33.0,33.0,32.7,32.8,1186.137
2022-01-14 02:30:00,32.8,33.1,32.8,33.1,1184.456
2022-01-14 03:00:00,33.0,33.2,33.0,33.1,1796.571
2022-01-14 03:30:00,33.1,33.2,33.0,33.2,1560.815
2022-01-14 04:00:00,33.2,33.4,33.1,33.4,2282.673
2022-01-14 04:30:00,33.4,33.5,33.3,33.4,5484.973
2022-01-14 05:00:00,33.4,33.5,33.2,33.4,2972.874
2022-01-14 05:30:00,33.3,33.9,33.3,33.9,5831.96
2022-01-14 06:00:00,33.8,33.9,33.5,33.6,3083.463
2022-01-14 06:30:00,33.5,33.8,33.4,33.4,3001.224
2022-01-14 07:00:00,33.5,34.3,33.4,34.1,9576.069
2022-01-14 07:30:00,34.0,34.2,32.8,33.0,11143.579
2022-01-14 08:00:00,33.1,33.2,32.8,33.1,4230.646
2022-01-14 08:30:00,33.1,33.1,32.8,32.9,3391.711
2022-01-14 09:00:00,32.8,33.5,32.8,33.0,5806.009
2022-01-14 09:30:00,33.1,33.4,33.0,33.3,2801.778
2022-01-14 10:00:00,33.3,33.4,32.8,33.0,3841.59
2022-01-14 10:30:00,32.9,33.1,32.4,32.5,5316.777
2022-01-14 11:00:00,32.5,32.5,31.6,31.9,15209.965
2022-01-14 11:30:00,31.9,32.5,31.7,32.5,8579.218
2022-01-14 12:00:00,32.5,32.7,32.3,32.6,4971.601
2022-01-14 12:30:00,32.5,32.7,32.5,32.6,3880.978
2022-01-14 13:00:00,32.6,32.9,32.4,32.8,4133.411
2022-01-14 13:30:00,32.7,32.8,32.3,32.5,3794.964
2022-01-14 14:00:00,32.5,33.4,32.4,33.3,10338.719
2022-01-14 14:30:00,33.4,34.3,33.1,34.1,13386.708
2022-01-14 15:00:00,34.1,34.6,33.6,34.0,10987.75
2022-01-14 15:30:00,33.9,35.3,33.5,35.3,15081.737
2022-01-14 16:00:00,35.2,35.8,34.6,34.7,20585.508
2022-01-14 16:30:00,34.8,34.8,34.4,34.6,5014.765
2022-01-14 17:00:00,34.6,34.6,34.2,34.3,3106.41
2022-01-14 17:30:00,34.3,34.4,33.8,34.4,5488.175
2022-01-14 18:00:00,34.4,34.6,34.0,34.2,4554.037
2022-01-14 18:30:00,34.1,34.2,33.9,34.1,1476.971
2022-01-14 19:00:00,34.1,34.1,33.9,33.9,1154.926
2022-01-14 19:30:00,33.9,34.2,33.9,34.0,1458.882
2022-01-14 20:00:00,33.9,34.0,33.9,34.0,473.451
2022-01-14 20:30:00,34.0,34.0,33.9,34.0,900.483
2022-01-14 21:00:00,33.9,34.4,33.9,34.3,2464.237
2022-01-14 21:30:00,34.3,34.5,34.2,34.4,2847.566
2022-01-14 22:00:00,34.4,34.4,34.0,34.2,1170.893
2022-01-14 22:30:00,34.1,34.3,33.9,34.0,1025.853
2022-01-14 23:00:00,34.0,34.1,33.8,33.8,1193.921
2022-01-14 23:30:00,33.8,33.9,33.8,33.9,358.639
2022-01-15 00:00:00,34.0,34.0,33.7,33.8,1617.825
2022-01-15 00:30:00,33.9,33.9,33.7,33.8,387.82
2022-01-15 01:00:00,33.8,34.0,33.8,34.0,509.815
2022-01-15 01:30:00,33.9,34.0,33.9,34.0,802.87
2022-01-15 02:00:00,34.0,34.0,33.7,33.8,1106.424
2022-01-15 02:30:00,33.7,33.9,33.7,33.8,587.571
2022-01-15 03:00:00,33.9,34.0,33.8,33.9,1613.25
2022-01-15 03:30:00,34.0,34.0,33.8,33.9,873.515
2022-01-15 04:00:00,33.9,34.0,33.8,33.8,294.096
2022-01-15 04:30:00,33.9,34.0,33.8,33.9,714.717
2022-01-15 05:00:00,33.9,34.1,33.8,33.9,2237.591
2022-01-15 05:30:00,33.9,34.1,33.9,33.9,1161.083
2022-01-15 06:00:00,33.9,34.3,33.8,34.3,2539.772
2022-01-15 06:30:00,34.3,35.1,34.2,35.0,6407.462
2022-01-15 07:00:00,34.9,35.0,34.6,34.6,3545.467
2022-01-15 07:30:00,34.6,34.8,34.4,34.8,2677.483
2022-01-15 08:00:00,34.7,35.4,34.6,34.8,5254.521
2022-01-15 08:30:00,34.9,34.9,34.4,34.4,2755.446
2022-01-15 09:00:00,34.4,34.7,34.4,34.7,1825.388
2022-01-15 09:30:00,34.7,34.7,34.4,34.7,2082.359
2022-01-15 10:00:00,34.7,34.9,34.5,34.5,4664.48
2022-01-15 10:30:00,34.6,34.6,34.1,34.3,4984.928
2022-01-15 11:00:00,34.3,34.4,34.3,34.4,989.277
2022-01-15 11:30:00,34.4,34.4,34.3,34.3,608.302
2022-01-15 12:00:00,34.4,34.4,34.2,34.2,763.319
2022-01-15 12:30:00,34.2,34.3,33.4,33.8,7777.652
2022-01-15 13:00:00,33.8,33.9,33.4,33.9,3844.422
2022-01-15 13:30:00,33.8,33.9,33.7,33.8,1903.888
2022-01-15 14:00:00,33.8,34.1,33.8,34.0,2718.204
2022-01-15 14:30:00,33.9,34.2,33.9,34.1,2178.992
2022-01-15 15:00:00,34.1,34.2,33.9,34.0,2712.04
2022-01-15 15:30:00,33.9,34.1,33.8,33.8,1870.328
2022-01-15 16:00:00,33.8,34.0,33.8,33.8,2147.072
2022-01-15 16:30:00,33.8,34.0,33.8,33.9,1551.625
2022-01-15 17:00:00,33.8,34.0,33.8,33.9,1285.829
2022-01-15 17:30:00,33.8,34.0,33.8,33.9,1565.456
2022-01-15 18:00:00,33.9,33.9,33.8,33.9,892.1
2022-01-15 18:30:00,33.9,33.9,33.8,33.9,1386.526
2022-01-15 19:00:00,33.9,34.1,33.8,34.1,2714.352
2022-01-15 19:30:00,34.0,34.1,33.9,33.9,694.872
2022-01-15 20:00:00,33.9,34.2,33.9,34.1,3192.727
2022-01-15 20:30:00,34.1,34.5,33.9,34.3,4308.103
2022-01-15 21:00:00,34.3,34.4,34.1,34.3,2285.694
2022-01-15 21:30:00,34.3,37.3,34.2,34.9,15999.323
2022-01-15 22:00:00,34.8,35.4,34.7,35.2,4627.663
2022-01-15 22:30:00,35.2,35.2,34.6,34.9,2392.217
2022-01-15 23:00:00,34.9,35.0,34.8,35.0,873.146
2022-01-15 23:30:00,34.9,35.0,34.4,34.5,2208.667
2022-01-16 00:00:00,34.5,34.6,34.3,34.6,1536.473
2022-01-16 00:30:00,34.6,34.6,34.5,34.6,460.439
2022-01-16 01:00:00,34.5,34.7,34.5,34.6,1471.503
2022-01-16 01:30:00,34.7,34.8,34.6,34.8,975.692
2022-01-16 02:00:00,34.8,35.3,34.7,35.1,4698.104
2022-01-16 02:30:00,35.1,35.3,34.5,34.7,3498.122
2022-01-16 03:00:00,34.7,34.8,34.5,34.6,1534.428
2022-01-16 03:30:00,34.6,34.6,34.3,34.6,1355.914
2022-01-16 04:00:00,34.6,34.8,34.3,34.7,1364.82
2022-01-16 04:30:00,34.6,34.9,34.6,34.7,475.464
2022-01-16 05:00:00,34.7,34.7,34.6,34.6,744.445
2022-01-16 05:30:00,34.6,34.7,34.5,34.5,942.095
2022-01-16 06:00:00,34.5,34.7,34.4,34.5,1059.699
2022-01-16 06:30:00,34.6,34.8,34.6,34.6,1267.962
2022-01-16 07:00:00,34.6,34.7,34.5,34.6,916.664
2022-01-16 07:30:00,34.5,34.7,34.5,34.6,1263.968
2022-01-16 08:00:00,34.6,34.6,34.2,34.3,1997.02
2022-01-16 08:30:00,34.3,34.4,33.9,34.0,5519.003
2022-01-16 09:00:00,34.0,34.1,34.0,34.0,808.181
2022-01-16 09:30:00,34.1,34.1,33.7,33.8,2458.391
2022-01-16 10:00:00,33.8,34.1,33.7,34.1,1117.861
2022-01-16 10:30:00,34.0,34.1,33.7,33.8,2439.195
2022-01-16 11:00:00,33.8,33.8,33.2,33.5,5951.753
2022-01-16 11:30:00,33.5,33.6,33.1,33.2,7039.524
2022-01-16 12:00:00,33.2,33.5,33.1,33.2,2080.479
2022-01-16 12:30:00,33.2,33.5,33.1,33.3,2080.513
2022-01-16 13:00:00,33.3,33.4,32.9,32.9,3703.931
2022-01-16 13:30:00,32.9,33.3,32.8,33.2,2927.951
2022-01-16 14:00:00,33.2,33.6,33.2,33.4,4419.681
2022-01-16 14:30:00,33.4,33.6,33.3,33.5,1378.699
2022-01-16 15:00:00,33.5,33.6,33.3,33.4,1718.847
2022-01-16 15:30:00,33.4,33.7,33.0,33.2,6882.576
2022-01-16 16:00:00,33.2,33.5,33.2,33.5,1712.327
2022-01-16 16:30:00,33.5,33.5,33.3,33.3,800.771
2022-01-16 17:00:00,33.3,33.4,33.0,33.2,1879.953
2022-01-16 17:30:00,33.2,33.2,32.9,33.0,2308.49
2022-01-16 18:00:00,33.0,33.2,33.0,33.0,1514.124
2022-01-16 18:30:00,32.9,33.1,32.9,33.0,600.832
2022-01-16 19:00:00,33.1,33.1,32.8,33.0,882.818
2022-01-16 19:30:00,32.9,33.0,32.7,32.9,1222.009
2022-01-16 20:00:00,32.8,33.0,32.7,32.9,852.32
2022-01-16 20:30:00,33.0,33.0,32.6,32.7,1976.962
2022-01-16 21:00:00,32.7,32.8,32.4,32.6,1768.561
2022-01-16 21:30:00,32.6,32.8,32.3,32.7,1698.078
2022-01-16 22:00:00,32.7,32.9,32.7,32.8,423.389
2022-01-16 22:30:00,32.8,32.9,32.5,32.7,790.186
2022-01-16 23:00:00,32.7,32.8,32.4,32.6,1245.726
2022-01-16 23:30:00,32.7,32.7,32.6,32.6,381.307
2022-01-17 00:00:00,32.7,32.7,32.6,32.6,332.376
2022-01-17 00:30:00,32.6,32.6,32.4,32.5,990.098
2022-01-17 01:00:00,32.5,32.6,32.0,32.4,2393.369
2022-01-17 01:30:00,32.4,32.4,32.2,32.3,319.335
2022-01-17 02:00:00,32.3,32.3,32.1,32.2,1132.19
2022-01-17 02:30:00,32.3,32.3,32.0,32.2,1169.154
2022-01-17 03:00:00,32.1,32.3,32.1,32.2,2137.689
2022-01-17 03:30:00,32.1,32.1,31.8,31.9,2383.849
2022-01-17 04:00:00,31.8,32.1,31.5,31.9,4206.225
2022-01-17 04:30:00,32.0,32.0,31.8,31.9,1150.025
2022-01-17 05:00:00,31.8,31.8,31.1,31.4,6639.017
2022-01-17 05:30:00,31.4,31.4,31.2,31.4,2007.306
2022-01-17 06:00:00,31.3,31.5,31.3,31.5,1386.592
2022-01-17 06:30:00,31.4,31.5,31.2,31.5,2601.349
2022-01-17 07:00:00,31.5,31.6,31.5,31.5,3103.264
2022-01-17 07:30:00,31.5,31.7,31.5,31.7,1324.174
2022-01-17 08:00:00,31.6,31.8,31.5,31.6,3076.765
2022-01-17 08:30:00,31.6,31.8,31.6,31.7,432.143
2022-01-17 09:00:00,31.7,31.9,31.7,31.9,1621.024
2022-01-17 09:30:00,31.9,31.9,31.8,31.8,700.709
2022-01-17 10:00:00,31.8,31.9,31.7,31.8,1062.241
2022-01-17 10:30:00,31.7,31.7,31.4,31.5,2025.516
2022-01-17 11:00:00,31.5,31.6,31.4,31.5,1509.93
2022-01-17 11:30:00,31.5,31.5,31.4,31.5,1783.612
2022-01-17 12:00:00,31.5,31.5,30.9,31.3,13522.648
2022-01-17 12:30:00,31.3,31.4,31.1,31.1,1625.519
2022-01-17 13:00:00,31.0,31.3,30.9,31.1,2757.715
2022-01-17 13:30:00,31.1,31.1,30.9,31.0,1832.55
2022-01-17 14:00:00,31.0,31.0,30.9,31.0,1856.898
2022-01-17 14:30:00,31.0,31.0,30.9,31.0,1383.175
2022-01-17 15:00:00,31.0,31.1,30.8,30.9,3090.07
2022-01-17 15:30:00,31.0,31.0,30.7,30.8,1509.285
2022-01-17 16:00:00,30.8,30.8,30.3,30.5,7936.113
2022-01-17 16:30:00,30.5,30.6,30.4,30.5,1412.86
2022-01-17 17:00:00,30.5,30.5,30.3,30.3,3351.143
2022-01-17 17:30:00,30.3,30.4,30.3,30.4,1136.245
2022-01-17 18:00:00,30.4,30.4,30.3,30.3,884.033
2022-01-17 18:30:00,30.4,30.5,30.3,30.4,1399.875
2022-01-17 19:00:00,30.4,30.5,30.3,30.5,535.198
2022-01-17 19:30:00,30.5,30.6,30.4,30.6,1234.954
2022-01-17 20:00:00,30.6,30.6,30.5,30.5,378.77
2022-01-17 20:30:00,30.5,30.7,30.5,30.6,1151.41
2022-01-17 21:00:00,30.6,30.6,30.3,30.3,1753.262
2022-01-17 21:30:00,30.4,30.4,30.3,30.4,1787.405
2022-01-17 22:00:00,30.4,30.5,30.2,30.3,2609.575
2022-01-17 22:30:00,30.2,31.0,30.2,30.6,1849.899
2022-01-17 23:00:00,30.6,30.6,30.4,30.5,780.691
2022-01-17 23:30:00,30.5,30.5,30.4,30.4,99.016
2022-01-18 00:00:00,30.4,30.6,30.3,30.5,1061.439
2022-01-18 00:30:00,30.6,30.6,30.4,30.4,397.275
2022-01-18 01:00:00,30.4,30.4,30.2,30.3,2501.112
2022-01-18 01:30:00,30.4,30.4,30.2,30.3,790.866
2022-01-18 02:00:00,30.3,30.3,30.2,30.3,509.652
2022-01-18 02:30:00,30.2,30.3,30.2,30.2,114.121
2022-01-18 03:00:00,30.3,30.3,30.2,30.2,386.058
2022-01-18 03:30:00,30.2,30.3,30.1,30.1,730.573
2022-01-18 04:00:00,30.1,30.2,30.1,30.1,593.755
2022-01-18 04:30:00,30.1,30.2,30.1,30.1,462.614
2022-01-18 05:00:00,30.1,30.2,29.8,29.8,3286.465
2022-01-18 05:30:00,29.9,30.3,29.8,30.1,1976.132
2022-01-18 06:00:00,30.1,30.6,30.1,30.6,3049.639
2022-01-18 06:30:00,30.6,30.8,30.6,30.6,2823.822
2022-01-18 07:00:00,30.6,30.7,30.1,30.2,2706.811
2022-01-18 07:30:00,30.2,30.3,30.0,30.0,1890.904
2022-01-18 08:00:00,30.1,30.1,29.8,29.8,1511.284
2022-01-18 08:30:00,29.9,29.9,29.8,29.8,635.376
2022-01-18 09:00:00,29.8,30.1,29.6,30.0,4694.505
2022-01-18 09:30:00,30.0,30.1,29.5,29.7,8372.53
2022-01-18 10:00:00,29.7,29.8,29.5,29.8,1883.767
2022-01-18 10:30:00,29.8,29.8,29.6,29.7,1962.669
2022-01-18 11:00:00,29.6,29.7,28.8,28.9,8379.879
2022-01-18 11:30:00,28.9,29.1,28.8,28.9,1723.31
2022-01-18 12:00:00,29.0,29.0,28.8,28.9,1820.851
2022-01-18 12:30:00,28.9,29.0,28.8,28.8,1961.86
2022-01-18 13:00:00,28.9,28.9,28.2,28.5,4475.801
2022-01-18 13:30:00,28.5,28.9,28.5,28.9,4581.41
2022-01-18 14:00:00,28.9,28.9,28.5,28.6,2013.925
2022-01-18 14:30:00,28.6,28.6,28.3,28.5,2747.648
2022-01-18 15:00:00,28.5,28.8,28.4,28.7,3049.714
2022-01-18 15:30:00,28.8,31.6,28.7,30.2,23524.079
2022-01-18 16:00:00,30.2,31.1,30.2,30.4,7968.736
2022-01-18 16:30:00,30.4,30.6,30.1,30.4,2638.401
2022-01-18 17:00:00,30.4,30.6,30.1,30.5,2167.568
2022-01-18 17:30:00,30.5,30.5,30.1,30.1,1568.123
2022-01-18 18:00:00,30.1,30.5,30.0,30.3,1345.195
2022-01-18 18:30:00,30.2,30.3,30.1,30.2,255.195
2022-01-18 19:00:00,30.2,30.6,30.1,30.4,1528.478
2022-01-18 19:30:00,30.3,30.4,30.3,30.3,426.731
2022-01-18 20:00:00,30.3,30.4,30.2,30.3,274.858
2022-01-18 20:30:00,30.4,30.4,29.9,30.0,1950.996
2022-01-18 21:00:00,30.0,30.5,29.9,30.4,1195.234
2022-01-18 21:30:00,30.4,30.6,30.3,30.6,1994.925
2022-01-18 22:00:00,30.6,30.8,30.5,30.8,1786.591
2022-01-18 22:30:00,30.6,31.3,30.4,30.9,4108.17
2022-01-18 23:00:00,30.9,31.5,30.8,31.3,4096.108
2022-01-18 23:30:00,31.3,31.6,31.3,31.4,2430.661
2022-01-19 00:00:00,31.4,31.6,31.0,31.2,2423.895
2022-01-19 00:30:00,31.2,31.2,31.0,31.2,1206.903
2022-01-19 01:00:00,31.2,31.2,31.1,31.1,253.933
2022-01-19 01:30:00,31.2,31.3,31.2,31.3,601.33
2022-01-19 02:00:00,31.3,31.3,30.3,30.3,13869.969
2022-01-19 02:30:00,30.4,30.4,29.9,30.1,7990.483
2022-01-19 03:00:00,30.1,30.1,29.9,29.9,944.379
2022-01-19 03:30:00,30.0,30.0,29.2,29.5,6929.202
2022-01-19 04:00:00,29.5,30.0,29.3,29.9,7128.229
2022-01-19 04:30:00,29.8,29.9,29.7,29.7,470.702
2022-01-19 05:00:00,29.7,29.8,29.6,29.7,248.869
2022-01-19 05:30:00,29.6,29.6,29.4,29.4,733.074
2022-01-19 06:00:00,29.5,29.6,29.5,29.6,454.685
2022-01-19 06:30:00,29.5,29.5,29.3,29.4,626.535
2022-01-19 07:00:00,29.4,29.4,28.5,28.8,6221.075
2022-01-19 07:30:00,28.8,28.9,28.6,28.6,2350.751
2022-01-19 08:00:00,28.7,28.8,28.6,28.7,1375.997
2022-01-19 08:30:00,28.8,28.9,28.7,28.8,1316.725
2022-01-19 09:00:00,28.8,28.9,28.4,28.8,4453.386
2022-01-19 09:30:00,28.8,28.9,28.7,28.8,491.469
2022-01-19 10:00:00,28.8,28.9,28.6,28.7,1204.11
2022-01-19 10:30:00,28.7,28.8,28.5,28.6,861.44
2022-01-19 11:00:00,28.7,29.2,28.7,29.1,2259.785
2022-01-19 11:30:00,29.0,29.5,28.8,29.4,2427.024
2022-01-19 12:00:00,29.4,29.5,29.1,29.3,1901.386
2022-01-19 12:30:00,29.3,29.3,29.1,29.2,1552.65
2022-01-19 13:00:00,29.3,29.3,29.0,29.2,1658.617
2022-01-19 13:30:00,29.2,29.3,29.0,29.0,1137.433
2022-01-19 14:00:00,29.0,29.3,29.0,29.3,2297.982
2022-01-19 14:30:00,29.3,29.6,29.2,29.5,4226.472
2022-01-19 15:00:00,29.5,29.5,29.2,29.4,1988.21
2022-01-19 15:30:00,29.4,29.5,29.0,29.0,2968.774
2022-01-19 16:00:00,29.0,29.1,28.7,29.1,2799.433
2022-01-19 16:30:00,29.0,29.1,28.9,29.0,1182.397
2022-01-19 17:00:00,29.0,29.3,29.0,29.2,1564.901
2022-01-19 17:30:00,29.3,29.4,29.1,29.2,3730.998
2022-01-19 18:00:00,29.2,29.4,29.1,29.2,2567.817
2022-01-19 18:30:00,29.2,29.2,29.0,29.2,872.474
2022-01-19 19:00:00,29.2,29.2,28.9,29.0,765.922
2022-01-19 19:30:00,29.0,29.2,29.0,29.2,821.236
2022-01-19 20:00:00,29.2,29.2,29.0,29.0,1127.759
2022-01-19 20:30:00,29.0,29.0,28.8,28.9,948.116
2022-01-19 21:00:00,28.9,29.1,28.9,29.0,373.243
2022-01-19 21:30:00,29.0,29.0,28.8,28.9,363.529
2022-01-19 22:00:00,28.9,29.0,28.9,29.0,211.226
2022-01-19 22:30:00,29.0,29.0,28.8,28.8,518.455
2022-01-19 23:00:00,28.9,29.0,28.7,28.8,359.981
2022-01-19 23:30:00,28.8,28.9,28.5,28.7,2270.923
2022-01-20 00:00:00,28.7,29.0,28.7,28.9,784.549
2022-01-20 00:30:00,28.8,28.9,28.8,28.8,435.842
2022-01-20 01:00:00,28.8,28.9,28.6,28.6,335.446
2022-01-20 01:30:00,28.6,28.7,28.5,28.6,547.212
2022-01-20 02:00:00,28.6,28.6,28.5,28.6,397.827
2022-01-20 02:30:00,28.6,28.6,28.5,28.6,216.72
2022-01-20 03:00:00,28.6,28.6,28.5,28.5,43.867
2022-01-20 03:30:00,28.5,28.6,28.5,28.6,1098.703
2022-01-20 04:00:00,28.7,28.7,28.5,28.5,348.188
2022-01-20 04:30:00,28.5,28.6,28.5,28.5,203.079
2022-01-20 05:00:00,28.6,28.7,28.6,28.6,208.777
2022-01-20 05:30:00,28.6,28.7,28.5,28.5,702.65
2022-01-20 06:00:00,28.6,28.7,28.5,28.6,1219.898
2022-01-20 06:30:00,28.6,28.7,28.5,28.6,1069.914
2022-01-20 07:00:00,28.5,28.6,28.4,28.6,844.559
2022-01-20 07:30:00,28.6,28.6,28.0,28.4,10702.453
2022-01-20 08:00:00,28.3,28.4,28.1,28.2,1279.319
2022-01-20 08:30:00,28.2,28.4,28.2,28.4,897.821
2022-01-20 09:00:00,28.3,28.4,28.2,28.2,1176.971
2022-01-20 09:30:00,28.3,28.5,28.2,28.4,1639.055
2022-01-20 10:00:00,28.4,28.6,28.3,28.4,1316.334
2022-01-20 10:30:00,28.4,28.5,28.3,28.4,1211.717
2022-01-20 11:00:00,28.4,28.6,28.4,28.5,1097.371
2022-01-20 11:30:00,28.5,28.6,28.4,28.4,892.613
2022-01-20 12:00:00,28.4,28.5,28.1,28.2,1721.619
2022-01-20 12:30:00,28.3,28.5,28.2,28.4,4098.567
2022-01-20 13:00:00,28.4,29.7,28.3,29.5,7558.764
2022-01-20 13:30:00,29.5,29.7,29.3,29.6,2485.082
2022-01-20 14:00:00,29.6,31.0,29.5,30.5,16173.85
2022-01-20 14:30:00,30.5,30.9,30.2,30.7,8423.835
2022-01-20 15:00:00,30.7,30.8,30.2,30.3,5054.984
2022-01-20 15:30:00,30.3,30.5,30.0,30.1,3158.158
2022-01-20 16:00:00,30.1,30.3,30.0,30.0,2974.527
2022-01-20 16:30:00,30.0,30.1,29.7,29.7,2072.36
2022-01-20 17:00:00,29.7,29.9,29.6,29.8,1370.563
2022-01-20 17:30:00,29.7,29.8,29.5,29.5,734.043
2022-01-20 18:00:00,29.5,29.6,29.0,29.3,7350.915
2022-01-20 18:30:00,29.3,29.3,29.0,29.0,1294.678
2022-01-20 19:00:00,29.0,29.3,28.9,29.3,3260.179
2022-01-20 19:30:00,29.3,29.3,29.1,29.2,281.23
2022-01-20 20:00:00,29.1,29.3,29.1,29.1,488.932
2022-01-20 20:30:00,29.1,29.2,28.9,28.9,475.984
2022-01-20 21:00:00,28.9,29.0,28.7,28.8,1790.227
2022-01-20 21:30:00,28.8,28.9,28.2,28.3,6026.817
2022-01-20 22:00:00,28.3,28.4,27.9,28.3,6388.729
2022-01-20 22:30:00,28.2,28.4,27.9,28.1,2853.76
2022-01-20 23:00:00,28.0,28.2,27.5,27.7,5328.094
2022-01-20 23:30:00,27.7,27.8,27.3,27.4,1805.267
2022-01-21 00:00:00,27.4,27.7,27.3,27.7,1629.367
2022-01-21 00:30:00,27.7,27.8,27.5,27.7,1151.649
2022-01-21 01:00:00,27.7,27.7,27.3,27.3,1196.904
2022-01-21 01:30:00,27.3,27.3,25.9,26.1,13368.299
2022-01-21 02:00:00,25.9,26.5,25.7,26.3,4916.581
2022-01-21 02:30:00,26.3,26.4,25.7,25.9,3814.132
2022-01-21 03:00:00,26.0,26.0,25.2,25.3,5042.482
2022-01-21 03:30:00,25.2,25.4,24.1,25.0,7626.512
2022-01-21 04:00:00,25.0,25.3,25.0,25.2,2405.564
2022-01-21 04:30:00,25.3,25.4,25.0,25.1,1901.141
2022-01-21 05:00:00,25.1,25.1,24.9,25.0,1909.865
2022-01-21 05:30:00,25.1,25.3,25.0,25.2,1637.277
2022-01-21 06:00:00,25.2,25.2,25.0,25.1,1293.256
2022-01-21 06:30:00,25.0,25.0,24.9,25.0,1079.493
2022-01-21 07:00:00,25.0,25.0,24.8,24.8,1482.388
2022-01-21 07:30:00,24.9,25.1,24.8,25.0,1984.655
2022-01-21 08:00:00,25.1,25.5,25.1,25.4,2367.214
2022-01-21 08:30:00,25.3,25.6,25.2,25.2,2956.579
2022-01-21 09:00:00,25.3,25.3,24.9,25.0,3727.035
2022-01-21 09:30:00,25.0,25.0,24.7,24.8,1272.339
2022-01-21 10:00:00,24.8,24.8,24.5,24.6,3960.089
2022-01-21 10:30:00,24.7,25.9,24.2,25.5,17739.075
2022-01-21 11:00:00,25.3,25.4,25.0,25.2,5234.358
2022-01-21 11:30:00,25.2,25.3,24.9,24.9,1318.634
2022-01-21 12:00:00,24.9,25.0,24.7,24.8,2458.27
2022-01-21 12:30:00,24.8,24.8,24.1,24.5,7236.081
2022-01-21 13:00:00,24.5,24.7,24.4,24.4,2821.008
2022-01-21 13:30:00,24.4,24.7,24.3,24.5,1923.574
2022-01-21 14:00:00,24.4,24.6,24.1,24.6,3378.527
2022-01-21 14:30:00,24.6,24.8,24.3,24.4,2346.65
2022-01-21 15:00:00,24.4,24.6,24.2,24.4,1921.332
2022-01-21 15:30:00,24.4,25.0,24.4,24.6,3599.451
2022-01-21 16:00:00,24.6,24.8,24.6,24.8,852.981
2022-01-21 16:30:00,24.8,24.8,24.3,24.6,2877.794
2022-01-21 17:00:00,24.6,24.6,24.4,24.5,473.636
2022-01-21 17:30:00,24.5,24.5,24.3,24.3,1049.914
2022-01-21 18:00:00,24.4,24.5,24.1,24.1,2020.657
2022-01-21 18:30:00,24.1,24.5,24.0,24.4,2763.185
2022-01-21 19:00:00,24.4,24.5,24.1,24.2,2071.024
2022-01-21 19:30:00,24.2,24.4,23.8,24.0,3715.917
2022-01-21 20:00:00,24.0,24.1,23.3,23.3,9695.719
2022-01-21 20:30:00,23.3,23.6,23.1,23.2,7715.305
2022-01-21 21:00:00,23.2,23.5,22.8,23.0,3569.713
2022-01-21 21:30:00,23.0,23.1,20.6,21.7,33192.209
2022-01-21 22:00:00,21.6,22.0,21.5,21.9,6156.439
2022-01-21 22:30:00,21.9,22.0,20.9,21.3,8247.164
2022-01-21 23:00:00,21.4,21.6,21.1,21.3,7528.77
2022-01-21 23:30:00,21.2,21.3,21.1,21.1,3492.058
2022-01-22 00:00:00,21.1,21.4,21.1,21.1,2329.645
2022-01-22 00:30:00,21.1,21.7,21.1,21.4,2806.962
2022-01-22 01:00:00,21.5,21.5,21.3,21.5,723.183
2022-01-22 01:30:00,21.4,21.6,21.4,21.5,1020.621
2022-01-22 02:00:00,21.4,21.5,21.4,21.4,529.812
2022-01-22 02:30:00,21.3,21.4,21.2,21.4,665.739
2022-01-22 03:00:00,21.4,21.6,20.6,20.8,19297.095
2022-01-22 03:30:00,20.9,20.9,20.3,20.6,6486.741
2022-01-22 04:00:00,20.6,20.7,20.5,20.5,1636.175
2022-01-22 04:30:00,20.6,20.6,20.3,20.4,1498.326
2022-01-22 05:00:00,20.4,20.6,20.2,20.3,12639.921
2022-01-22 05:30:00,20.3,20.5,19.8,19.8,8639.942
2022-01-22 06:00:00,19.9,20.1,19.8,19.8,4303.457
2022-01-22 06:30:00,19.7,19.8,19.1,19.4,9930.313
2022-01-22 07:00:00,19.4,19.8,18.9,19.1,6942.433
2022-01-22 07:30:00,19.0,19.3,18.7,18.8,3259.96
2022-01-22 08:00:00,18.8,19.5,18.8,19.1,5777.314
2022-01-22 08:30:00,19.1,19.1,18.8,19.0,1962.634
2022-01-22 09:00:00,19.0,19.0,18.7,18.7,1627.372
2022-01-22 09:30:00,18.8,18.8,17.5,17.8,13745.881
2022-01-22 10:00:00,17.9,18.1,17.0,17.7,18456.62
2022-01-22 10:30:00,17.7,18.6,17.6,18.0,11525.954
2022-01-22 11:00:00,18.0,18.3,18.0,18.1,3811.836
2022-01-22 11:30:00,18.1,18.3,17.7,18.2,6545.624
2022-01-22 12:00:00,18.2,18.5,18.0,18.3,7526.909
2022-01-22 12:30:00,18.3,19.0,18.3,18.8,5262.385
2022-01-22 13:00:00,18.8,19.5,18.5,19.3,10014.484
2022-01-22 13:30:00,19.4,19.4,19.0,19.0,2648.431
2022-01-22 14:00:00,19.0,19.1,18.7,19.1,4019.974
2022-01-22 14:30:00,19.1,19.1,18.5,18.6,3100.338
2022-01-22 15:00:00,18.6,18.9,18.5,18.6,2817.005
2022-01-22 15:30:00,18.5,18.8,18.4,18.6,6609.086
2022-01-22 16:00:00,18.6,18.8,18.0,18.7,11192.155
2022-01-22 16:30:00,18.7,18.7,18.3,18.5,2385.109
2022-01-22 17:00:00,18.5,18.8,18.4,18.4,3095.997
2022-01-22 17:30:00,18.4,18.7,18.4,18.6,928.843
2022-01-22 18:00:00,18.6,18.8,18.4,18.7,1625.123
2022-01-22 18:30:00,18.7,18.7,18.4,18.4,1258.998
2022-01-22 19:00:00,18.4,18.6,18.2,18.4,1541.547
2022-01-22 19:30:00,18.4,18.6,18.3,18.5,453.277
2022-01-22 20:00:00,18.6,19.0,18.5,18.8,5012.311
2022-01-22 20:30:00,18.8,19.1,18.5,18.9,2254.778
2022-01-22 21:00:00,19.0,19.0,18.9,19.0,787.568
2022-01-22 21:30:00,19.0,19.3,18.9,19.2,2332.361
2022-01-22 22:00:00,19.2,19.2,19.0,19.0,746.566
2022-01-22 22:30:00,19.0,19.0,18.7,18.8,1631.106
2022-01-22 23:00:00,18.8,18.9,18.7,18.9,866.546
2022-01-22 23:30:00,18.9,18.9,18.8,18.8,231.88
2022-01-23 00:00:00,18.9,19.1,18.8,19.0,2606.304
2022-01-23 00:30:00,19.1,19.2,19.0,19.1,1103.268
2022-01-23 01:00:00,19.2,19.2,19.0,19.2,922.606
2022-01-23 01:30:00,19.2,19.2,19.0,19.0,325.561
2022-01-23 02:00:00,19.0,19.0,18.8,18.9,2736.801
2022-01-23 02:30:00,18.9,19.0,18.6,18.6,3487.385
2022-01-23 03:00:00,18.6,18.7,18.2,18.3,6608.849
2022-01-23 03:30:00,18.3,18.5,18.3,18.5,602.942
2022-01-23 04:00:00,18.5,18.7,18.4,18.7,1249.13
2022-01-23 04:30:00,18.7,18.8,18.6,18.8,2507.004
2022-01-23 05:00:00,18.8,18.9,18.6,18.7,3192.939
2022-01-23 05:30:00,18.7,19.0,18.7,18.9,2857.514
2022-01-23 06:00:00,18.9,19.0,18.8,19.0,1765.697
2022-01-23 06:30:00,18.9,19.0,18.9,18.9,1042.715
2022-01-23 07:00:00,18.9,19.2,18.9,19.2,2486.263
2022-01-23 07:30:00,19.2,19.4,19.1,19.3,3679.873
2022-01-23 08:00:00,19.3,19.5,19.2,19.2,4081.553
2022-01-23 08:30:00,19.3,19.5,19.2,19.4,1376.289
2022-01-23 09:00:00,19.5,19.7,19.4,19.7,2877.042
2022-01-23 09:30:00,19.7,19.8,19.5,19.6,3471.763
2022-01-23 10:00:00,19.6,19.6,19.3,19.4,2555.721
2022-01-23 10:30:00,19.3,19.5,19.2,19.3,2003.436
2022-01-23 11:00:00,19.3,19.4,19.2,19.2,782.915
2022-01-23 11:30:00,19.2,19.3,19.0,19.2,2550.691
2022-01-23 12:00:00,19.2,19.2,18.9,19.2,2559.201
2022-01-23 12:30:00,19.2,19.2,19.0,19.1,1315.477
2022-01-23 13:00:00,19.1,19.1,18.9,19.0,2440.058
2022-01-23 13:30:00,19.0,19.2,19.0,19.2,1941.215
2022-01-23 14:00:00,19.3,19.3,18.9,19.0,3159.033
2022-01-23 14:30:00,19.1,19.1,18.5,18.8,3685.57
2022-01-23 15:00:00,18.9,19.0,18.8,18.8,1081.745
2022-01-23 15:30:00,18.8,18.9,18.8,18.9,585.521
2022-01-23 16:00:00,18.9,19.0,18.8,18.9,1720.497
2022-01-23 16:30:00,18.9,19.0,18.8,18.8,736.441
2022-01-23 17:00:00,18.9,19.0,18.8,18.9,163.599
2022-01-23 17:30:00,18.9,19.6,18.9,18.9,4082.796
2022-01-23 18:00:00,18.9,19.0,18.7,18.7,1628.16
2022-01-23 18:30:00,18.7,18.8,18.3,18.5,4784.402
2022-01-23 19:00:00,18.6,18.6,18.4,18.5,744.139
2022-01-23 19:30:00,18.5,18.5,18.1,18.2,3488.388
2022-01-23 20:00:00,18.2,18.4,18.1,18.4,4333.007
2022-01-23 20:30:00,18.4,18.4,18.3,18.3,702.654
2022-01-23 21:00:00,18.3,18.3,18.1,18.2,3836.526
2022-01-23 21:30:00,18.2,18.3,18.2,18.2,789.971
2022-01-23 22:00:00,18.2,18.3,18.1,18.2,1023.033
2022-01-23 22:30:00,18.2,18.2,18.1,18.2,417.944
2022-01-23 23:00:00,18.2,19.2,18.2,18.8,9198.677
2022-01-23 23:30:00,18.8,18.8,18.6,18.8,1163.28
2022-01-24 00:00:00,18.8,18.8,18.6,18.7,1722.154
2022-01-24 00:30:00,18.7,18.7,18.6,18.7,1069.455
2022-01-24 01:00:00,18.6,18.7,18.6,18.6,258.304
2022-01-24 01:30:00,18.6,18.6,18.5,18.5,1062.47
2022-01-24 02:00:00,18.6,18.6,18.3,18.4,2412.201
2022-01-24 02:30:00,18.4,18.5,18.3,18.4,982.948
2022-01-24 03:00:00,18.3,18.5,18.1,18.3,3755.489
2022-01-24 03:30:00,18.2,18.4,18.2,18.4,167.25
2022-01-24 04:00:00,18.4,18.4,18.3,18.4,475.269
2022-01-24 04:30:00,18.3,18.3,18.1,18.1,716.667
2022-01-24 05:00:00,18.1,18.1,18.0,18.1,1423.74
2022-01-24 05:30:00,18.1,18.1,18.0,18.0,361.199
2022-01-24 06:00:00,18.1,18.2,17.9,18.2,1355.271
2022-01-24 06:30:00,18.2,18.2,18.0,18.0,356.897
2022-01-24 07:00:00,18.0,18.1,17.9,18.0,400.241
2022-01-24 07:30:00,18.0,18.0,17.7,17.7,2016.128
2022-01-24 08:00:00,17.8,17.8,17.7,17.7,600.661
2022-01-24 08:30:00,17.8,18.1,17.6,17.7,3127.945
2022-01-24 09:00:00,17.7,17.7,17.0,17.3,7457.746
2022-01-24 09:30:00,17.3,17.4,17.1,17.2,1719.234
2022-01-24 10:00:00,17.2,17.4,16.2,16.3,18486.466
2022-01-24 10:30:00,16.3,16.5,16.1,16.1,2751.391
2022-01-24 11:00:00,16.1,16.7,16.0,16.4,5436.934
2022-01-24 11:30:00,16.4,16.5,16.2,16.3,2718.119
2022-01-24 12:00:00,16.3,16.4,16.2,16.2,1576.724
2022-01-24 12:30:00,16.3,16.3,15.9,16.1,3157.08
2022-01-24 13:00:00,15.9,16.3,15.9,16.2,4887.473
2022-01-24 13:30:00,16.3,16.3,16.1,16.2,489.666
2022-01-24 14:00:00,16.1,16.3,15.8,16.3,2548.733
2022-01-24 14:30:00,16.2,16.6,16.1,16.3,4081.103
2022-01-24 15:00:00,16.3,16.7,16.2,16.6,5419.892
2022-01-24 15:30:00,16.5,17.1,16.5,16.8,6185.337
2022-01-24 16:00:00,16.9,16.9,16.7,16.7,2264.588
2022-01-24 16:30:00,16.8,16.8,16.6,16.7,2527.923
2022-01-24 17:00:00,16.7,16.7,16.5,16.7,1866.682
2022-01-24 17:30:00,16.7,17.2,16.6,17.2,2567.354
2022-01-24 18:00:00,17.2,17.8,16.9,17.2,8697.635
2022-01-24 18:30:00,17.1,17.5,17.0,17.5,3564.725
2022-01-24 19:00:00,17.4,17.5,17.1,17.3,2574.43
2022-01-24 19:30:00,17.2,17.5,17.2,17.5,344.228
2022-01-24 20:00:00,17.5,17.5,17.3,17.4,1972.983
2022-01-24 20:30:00,17.4,17.9,17.4,17.9,4331.103
2022-01-24 21:00:00,17.9,17.9,17.5,17.8,1773.711
2022-01-24 21:30:00,17.8,17.8,17.7,17.7,199.593
2022-01-24 22:00:00,17.8,17.8,17.6,17.6,481.101
2022-01-24 22:30:00,17.6,17.6,17.4,17.5,779.094
2022-01-24 23:00:00,17.5,17.7,17.5,17.7,1254.207
2022-01-24 23:30:00,17.7,17.8,17.6,17.7,301.911
2022-01-25 00:00:00,17.7,17.7,17.5,17.6,741.667
2022-01-25 00:30:00,17.6,17.6,17.1,17.2,2050.13
2022-01-25 01:00:00,17.2,17.2,17.0,17.1,491.768
2022-01-25 01:30:00,17.1,17.1,17.0,17.1,313.184
2022-01-25 02:00:00,17.0,17.2,17.0,17.1,580.575
2022-01-25 02:30:00,17.1,17.3,17.1,17.2,763.425
2022-01-25 03:00:00,17.2,17.2,17.1,17.2,79.464
2022-01-25 03:30:00,17.1,17.2,16.9,17.1,9509.484
2022-01-25 04:00:00,17.1,17.2,17.0,17.1,1190.122
2022-01-25 04:30:00,17.1,17.1,16.8,16.8,1279.532
2022-01-25 05:00:00,16.8,17.0,16.8,16.9,752.53
2022-01-25 05:30:00,16.9,17.0,16.9,17.0,197.077
2022-01-25 06:00:00,17.0,17.0,16.9,17.0,522.572
2022-01-25 06:30:00,17.0,17.2,16.9,16.9,1978.11
2022-01-25 07:00:00,16.9,17.3,16.9,17.1,6304.593
2022-01-25 07:30:00,17.2,17.5,17.1,17.4,833.694
2022-01-25 08:00:00,17.4,18.0,17.4,18.0,5623.864
2022-01-25 08:30:00,18.0,18.5,18.0,18.4,6689.577
2022-01-25 09:00:00,18.4,19.1,18.2,19.1,10682.59
2022-01-25 09:30:00,19.1,22.1,19.1,20.9,63205.973
2022-01-25 10:00:00,20.8,21.9,20.4,20.7,42299.985
2022-01-25 10:30:00,20.7,21.5,19.9,20.4,15052.365
2022-01-25 11:00:00,20.3,20.4,19.5,19.7,9372.312
2022-01-25 11:30:00,19.7,19.7,19.3,19.7,6317.726
2022-01-25 12:00:00,19.7,19.7,19.4,19.6,2848.479
2022-01-25 12:30:00,19.6,20.3,19.5,20.3,10052.841
2022-01-25 13:00:00,20.2,20.4,19.4,19.4,11287.98
2022-01-25 13:30:00,19.5,19.6,19.2,19.3,4285.154
2022-01-25 14:00:00,19.3,20.0,19.2,19.7,6619.413
2022-01-25 14:30:00,19.7,19.8,19.2,19.4,3616.575
2022-01-25 15:00:00,19.4,19.5,18.9,19.5,5577.212
2022-01-25 15:30:00,19.5,19.7,19.4,19.5,3589.743
2022-01-25 16:00:00,19.5,19.8,19.3,19.5,2833.354
2022-01-25 16:30:00,19.6,20.2,19.5,20.0,9342.155
2022-01-25 17:00:00,20.0,20.7,20.0,20.6,8850.608
2022-01-25 17:30:00,20.6,20.6,20.1,20.2,5314.356
2022-01-25 18:00:00,20.2,20.4,20.0,20.2,5855.693
2022-01-25 18:30:00,20.3,20.4,19.8,20.0,4568.468
2022-01-25 19:00:00,19.9,20.0,19.8,19.9,1705.584
2022-01-25 19:30:00,19.9,20.0,19.7,20.0,2109.629
2022-01-25 20:00:00,19.9,21.0,19.8,20.6,13503.428
2022-01-25 20:30:00,20.5,21.6,20.4,20.7,21011.106
2022-01-25 21:00:00,20.7,20.8,20.3,20.4,7460.532
2022-01-25 21:30:00,20.4,22.7,20.4,21.8,50306.248
2022-01-25 22:00:00,21.9,22.3,21.3,21.7,13920.137
2022-01-25 22:30:00,21.7,21.7,21.3,21.5,4379.808
2022-01-25 23:00:00,21.4,22.0,21.4,21.9,7167.122
2022-01-25 23:30:00,21.9,22.7,21.8,21.8,13963.082
2022-01-26 00:00:00,21.8,21.9,21.3,21.5,5869.036
2022-01-26 00:30:00,21.6,23.6,21.5,23.4,32955.82
2022-01-26 01:00:00,23.5,23.5,22.6,22.8,22974.914
2022-01-26 01:30:00,22.9,22.9,22.4,22.7,8000.786
2022-01-26 02:00:00,22.8,22.8,22.1,22.5,7761.141
2022-01-26 02:30:00,22.6,23.2,22.5,23.1,9684.811
2022-01-26 03:00:00,23.2,25.4,23.1,25.1,34519.148
2022-01-26 03:30:00,25.2,26.6,24.4,24.8,50623.759
2022-01-26 04:00:00,24.7,25.5,24.2,24.6,26067.377
2022-01-26 04:30:00,24.5,25.6,24.5,25.0,17312.025
2022-01-26 05:00:00,25.0,25.0,23.8,24.0,20742.107
2022-01-26 05:30:00,24.0,24.3,23.7,24.0,11784.218
2022-01-26 06:00:00,24.0,24.1,23.1,23.2,13785.095
2022-01-26 06:30:00,23.3,23.3,22.9,22.9,6311.611
2022-01-26 07:00:00,22.9,23.1,22.5,22.7,9659.912
2022-01-26 07:30:00,22.7,23.2,22.4,22.9,12746.308
2022-01-26 08:00:00,23.0,23.2,22.5,22.6,9146.386
2022-01-26 08:30:00,22.6,22.8,22.4,22.6,4840.649
2022-01-26 09:00:00,22.6,22.7,22.4,22.4,5706.974
2022-01-26 09:30:00,22.5,22.5,22.0,22.5,13323.039
2022-01-26 10:00:00,22.5,23.3,22.3,23.0,19049.764
2022-01-26 10:30:00,23.0,23.1,22.5,23.0,7366.833
2022-01-26 11:00:00,23.0,23.4,22.9,23.2,6334.06
2022-01-26 11:30:00,23.3,23.3,22.7,22.8,4887.35
2022-01-26 12:00:00,22.9,23.3,22.9,22.9,5031.827
2022-01-26 12:30:00,22.9,23.2,22.9,23.2,2588.674
2022-01-26 13:00:00,23.2,23.3,23.0,23.2,3452.67
2022-01-26 13:30:00,23.2,24.1,23.1,23.9,10029.889
2022-01-26 14:00:00,23.9,24.0,23.2,23.3,9353.153
2022-01-26 14:30:00,23.3,23.3,22.8,23.1,7654.779
2022-01-26 15:00:00,23.1,23.2,22.5,22.7,5447.245
2022-01-26 15:30:00,22.6,22.9,22.6,22.8,3179.672
2022-01-26 16:00:00,22.7,22.9,22.7,22.8,1378.063
2022-01-26 16:30:00,22.9,23.0,22.7,22.9,2109.802
2022-01-26 17:00:00,22.8,23.0,22.8,22.8,1493.8
2022-01-26 17:30:00,22.8,22.8,22.4,22.5,3556.214
2022-01-26 18:00:00,22.6,22.6,21.8,22.1,9919.026
2022-01-26 18:30:00,22.1,22.6,22.1,22.4,3317.096
2022-01-26 19:00:00,22.4,23.2,22.2,22.8,13503.713
2022-01-26 19:30:00,22.8,23.2,22.3,22.4,5777.496
2022-01-26 20:00:00,22.4,22.4,21.3,21.7,8951.913
2022-01-26 20:30:00,21.7,21.7,21.4,21.6,2286.045
2022-01-26 21:00:00,21.6,21.7,21.4,21.5,1854.267
2022-01-26 21:30:00,21.5,21.5,20.9,20.9,6449.479
2022-01-26 22:00:00,20.9,21.0,20.5,20.8,7270.646
2022-01-26 22:30:00,20.8,21.4,20.8,21.3,7503.185
2022-01-26 23:00:00,21.2,21.5,21.1,21.1,3907.978
2022-01-26 23:30:00,21.2,21.3,21.1,21.2,2316.668
2022-01-27 00:00:00,21.2,21.3,21.0,21.2,4056.822
2022-01-27 00:30:00,21.2,21.3,21.2,21.3,512.906
2022-01-27 01:00:00,21.3,21.3,20.9,21.1,2706.511
2022-01-27 01:30:00,21.1,21.1,20.0,20.2,9315.884
2022-01-27 02:00:00,20.3,20.5,19.6,19.7,23129.986
2022-01-27 02:30:00,19.8,20.2,19.6,20.2,10397.92
2022-01-27 03:00:00,20.2,20.3,20.1,20.2,1852.758
2022-01-27 03:30:00,20.2,20.3,19.7,20.0,9602.928
2022-01-27 04:00:00,19.9,20.1,19.6,19.6,6308.005
2022-01-27 04:30:00,19.7,20.0,19.7,20.0,2625.688
2022-01-27 05:00:00,20.0,20.1,19.9,20.1,1846.404
2022-01-27 05:30:00,20.1,20.1,20.0,20.1,862.566
2022-01-27 06:00:00,20.0,20.1,19.8,19.9,1115.858
2022-01-27 06:30:00,20.0,20.2,19.9,20.2,1667.292
2022-01-27 07:00:00,20.1,20.2,20.0,20.2,1230.657
2022-01-27 07:30:00,20.2,20.3,20.2,20.3,2652.121
2022-01-27 08:00:00,20.2,20.2,20.0,20.0,3149.437
2022-01-27 08:30:00,20.1,20.3,19.9,20.2,2950.656
2022-01-27 09:00:00,20.3,20.4,20.2,20.4,617.769
2022-01-27 09:30:00,20.4,20.5,20.3,20.3,4266.491
2022-01-27 10:00:00,20.3,20.4,20.3,20.4,914.837
2022-01-27 10:30:00,20.4,20.4,20.0,20.0,3008.683
2022-01-27 11:00:00,20.1,20.5,20.0,20.5,4167.919
2022-01-27 11:30:00,20.5,20.6,20.4,20.4,3494.157
2022-01-27 12:00:00,20.5,20.7,20.4,20.5,4521.962
2022-01-27 12:30:00,20.5,21.2,20.5,21.0,10455.518
2022-01-27 13:00:00,21.0,21.3,20.9,21.0,5362.568
2022-01-27 13:30:00,21.0,21.5,20.9,21.3,3411.034
2022-01-27 14:00:00,21.2,21.7,21.2,21.4,4402.31
2022-01-27 14:30:00,21.5,21.5,21.2,21.2,2658.341
2022-01-27 15:00:00,21.3,21.3,21.1,21.1,1003.917
2022-01-27 15:30:00,21.2,21.3,20.5,20.7,4255.923
2022-01-27 16:00:00,20.7,20.9,20.6,20.8,1311.597
2022-01-27 16:30:00,20.8,21.0,20.6,20.7,1833.572
2022-01-27 17:00:00,20.7,20.8,20.4,20.5,1940.306
2022-01-27 17:30:00,20.5,20.5,20.4,20.4,473.052
2022-01-27 18:00:00,20.5,20.5,20.1,20.3,2333.035
2022-01-27 18:30:00,20.4,20.5,20.3,20.4,587.782
2022-01-27 19:00:00,20.3,20.5,20.3,20.3,818.704
2022-01-27 19:30:00,20.3,20.4,20.2,20.3,2112.676
2022-01-27 20:00:00,20.3,20.4,20.1,20.2,2218.339
2022-01-27 20:30:00,20.2,20.2,19.7,19.9,5044.117
2022-01-27 21:00:00,19.9,19.9,19.2,19.5,7129.155
2022-01-27 21:30:00,19.5,19.7,19.5,19.7,1106.465
2022-01-27 22:00:00,19.7,19.7,19.3,19.5,1818.252
2022-01-27 22:30:00,19.6,20.0,19.6,19.9,993.012
2022-01-27 23:00:00,19.9,19.9,19.8,19.8,870.752
2022-01-27 23:30:00,19.7,19.9,19.7,19.9,941.75
2022-01-28 00:00:00,19.9,20.0,19.8,19.9,1648.423
2022-01-28 00:30:00,19.8,19.9,19.7,19.9,565.604
2022-01-28 01:00:00,19.8,20.0,19.8,19.8,1197.132
2022-01-28 01:30:00,19.8,19.8,19.3,19.5,4524.109
2022-01-28 02:00:00,19.5,19.6,19.3,19.5,889.936
2022-01-28 02:30:00,19.6,19.7,19.6,19.7,731.981
2022-01-28 03:00:00,19.7,20.0,19.7,19.8,1229.866
2022-01-28 03:30:00,19.8,20.1,19.8,20.1,2417.79
2022-01-28 04:00:00,20.1,20.1,19.9,20.1,789.41
2022-01-28 04:30:00,20.1,20.1,20.0,20.1,982.684
2022-01-28 05:00:00,20.1,20.1,20.0,20.1,324.332
2022-01-28 05:30:00,20.0,20.2,20.0,20.1,821.077
2022-01-28 06:00:00,20.1,20.2,20.0,20.1,1534.206
2022-01-28 06:30:00,20.1,20.2,20.0,20.1,698.476
2022-01-28 07:00:00,20.0,20.2,19.9,20.0,1744.717
2022-01-28 07:30:00,20.0,20.0,19.8,19.9,1836.427
2022-01-28 08:00:00,19.9,20.1,19.8,19.9,1080.848
2022-01-28 08:30:00,19.8,20.0,19.8,20.0,1071.697
2022-01-28 09:00:00,20.0,20.0,19.8,19.8,971.926
2022-01-28 09:30:00,19.8,19.9,19.6,19.8,895.92
2022-01-28 10:00:00,19.7,22.3,19.7,21.2,23744.13
2022-01-28 10:30:00,21.3,21.3,20.7,20.8,5794.134
2022-01-28 11:00:00,20.8,20.8,20.2,20.2,3539.028
2022-01-28 11:30:00,20.2,20.3,19.9,20.1,7921.427
2022-01-28 12:00:00,20.1,20.4,20.0,20.2,3034.593
2022-01-28 12:30:00,20.2,20.2,19.9,20.1,1891.848
2022-01-28 13:00:00,20.2,20.4,20.0,20.3,1056.319
2022-01-28 13:30:00,20.4,21.1,20.3,20.8,5911.483
2022-01-28 14:00:00,20.8,21.0,20.7,20.8,658.785
2022-01-28 14:30:00,20.8,21.0,20.6,20.8,1935.928
2022-01-28 15:00:00,20.8,21.0,20.7,20.8,1434.901
2022-01-28 15:30:00,20.9,21.3,20.8,21.2,2033.401
2022-01-28 16:00:00,21.2,21.4,21.1,21.1,1690.747
2022-01-28 16:30:00,21.2,21.6,21.1,21.3,1377.292
2022-01-28 17:00:00,21.2,21.3,20.8,20.8,2025.419
2022-01-28 17:30:00,20.8,20.8,20.6,20.7,1084.252
2022-01-28 18:00:00,20.6,20.8,20.6,20.8,652.28
2022-01-28 18:30:00,20.7,21.0,20.7,20.9,1584.659
2022-01-28 19:00:00,20.9,21.0,20.8,20.8,513.246
2022-01-28 19:30:00,20.8,21.0,20.7,21.0,725.307
2022-01-28 20:00:00,21.0,21.0,20.9,20.9,517.241
2022-01-28 20:30:00,20.9,21.2,20.9,21.1,1824.341
2022-01-28 21:00:00,21.2,21.3,21.1,21.2,658.147
2022-01-28 21:30:00,21.3,21.4,21.1,21.2,893.287
2022-01-28 22:00:00,21.1,21.3,21.0,21.1,506.557
2022-01-28 22:30:00,21.1,21.3,20.9,21.1,548.888
2022-01-28 23:00:00,21.1,21.2,20.9,21.2,428.848
2022-01-28 23:30:00,21.2,21.3,21.0,21.1,432.378
2022-01-29 00:00:00,21.2,21.5,21.1,21.4,1382.095
2022-01-29 00:30:00,21.3,21.4,21.2,21.2,164.587
2022-01-29 01:00:00,21.2,21.4,21.2,21.3,685.733
2022-01-29 01:30:00,21.3,21.4,21.2,21.3,876.882
2022-01-29 02:00:00,21.3,21.4,21.2,21.3,608.994
2022-01-29 02:30:00,21.4,21.4,21.2,21.4,505.41
2022-01-29 03:00:00,21.3,21.4,21.2,21.3,517.553
2022-01-29 03:30:00,21.2,21.3,21.2,21.3,191.605
2022-01-29 04:00:00,21.3,21.3,21.1,21.2,972.587
2022-01-29 04:30:00,21.2,21.3,21.1,21.3,451.699
2022-01-29 05:00:00,21.3,21.4,21.2,21.3,1387.844
2022-01-29 05:30:00,21.3,21.4,21.2,21.3,631.42
2022-01-29 06:00:00,21.3,21.4,21.2,21.3,1925.821
2022-01-29 06:30:00,21.3,21.4,21.3,21.4,508.212
2022-01-29 07:00:00,21.4,21.4,21.3,21.4,91.261
2022-01-29 07:30:00,21.4,21.8,21.3,21.6,2325.615
2022-01-29 08:00:00,21.6,21.8,21.5,21.8,1763.792
2022-01-29 08:30:00,21.7,21.8,21.7,21.7,666.432
2022-01-29 09:00:00,21.7,21.7,21.3,21.5,3500.096
2022-01-29 09:30:00,21.5,21.6,21.3,21.4,2305.911
2022-01-29 10:00:00,21.4,21.5,21.4,21.5,1040.847
2022-01-29 10:30:00,21.5,21.6,21.4,21.5,2062.507
2022-01-29 11:00:00,21.5,21.6,21.4,21.6,1479.276
2022-01-29 11:30:00,21.6,21.6,21.5,21.5,111.913
2022-01-29 12:00:00,21.6,21.7,21.5,21.7,2310.717
2022-01-29 12:30:00,21.6,21.7,21.4,21.5,2215.239
2022-01-29 13:00:00,21.4,21.5,21.4,21.4,459.999
2022-01-29 13:30:00,21.4,21.6,21.4,21.6,2214.183
2022-01-29 14:00:00,21.6,21.6,21.4,21.5,1315.803
2022-01-29 14:30:00,21.5,21.5,21.2,21.2,3666.799
2022-01-29 15:00:00,21.2,21.2,20.9,21.2,3960.252
2022-01-29 15:30:00,21.2,21.2,21.0,21.2,1241.523
2022-01-29 16:00:00,21.2,21.3,20.9,21.2,2466.832
2022-01-29 16:30:00,21.1,21.2,21.0,21.1,818.202
2022-01-29 17:00:00,21.1,21.2,21.0,21.2,1041.856
2022-01-29 17:30:00,21.2,21.2,21.0,21.1,737.679
2022-01-29 18:00:00,21.1,21.2,21.1,21.2,800.492
2022-01-29 18:30:00,21.2,21.2,21.0,21.2,944.123
2022-01-29 19:00:00,21.2,21.2,21.0,21.1,923.141
2022-01-29 19:30:00,21.1,21.2,21.1,21.1,417.7
2022-01-29 20:00:00,21.2,21.2,21.1,21.2,243.193
2022-01-29 20:30:00,21.2,21.5,21.2,21.3,2762.034
2022-01-29 21:00:00,21.3,21.6,21.2,21.4,1462.734
2022-01-29 21:30:00,21.5,21.6,21.4,21.5,476.775
2022-01-29 22:00:00,21.4,21.5,21.2,21.3,932.998
2022-01-29 22:30:00,21.4,21.4,21.3,21.4,250.513
2022-01-29 23:00:00,21.4,21.4,21.1,21.3,1391.389
2022-01-29 23:30:00,21.2,21.3,21.2,21.3,596.401
2022-01-30 00:00:00,21.4,21.4,21.3,21.3,196.345
2022-01-30 00:30:00,21.3,21.3,21.1,21.1,868.431
2022-01-30 01:00:00,21.1,21.2,21.1,21.1,364.915
2022-01-30 01:30:00,21.1,21.3,21.1,21.2,352.262
2022-01-30 02:00:00,21.2,21.3,21.2,21.3,171.676
2022-01-30 02:30:00,21.3,21.4,21.3,21.4,394.401
2022-01-30 03:00:00,21.4,21.4,21.3,21.4,152.771
2022-01-30 03:30:00,21.4,21.4,21.3,21.4,272.317
2022-01-30 04:00:00,21.3,21.3,21.1,21.2,676.066
2022-01-30 04:30:00,21.2,21.3,21.1,21.3,474.456
2022-01-30 05:00:00,21.3,21.4,21.2,21.2,550.261
2022-01-30 05:30:00,21.2,21.3,21.2,21.3,266.722
2022-01-30 06:00:00,21.3,21.3,20.7,20.9,10666.787
2022-01-30 06:30:00,20.8,21.1,20.8,21.0,878.387
2022-01-30 07:00:00,21.1,21.3,20.9,21.1,5153.111
2022-01-30 07:30:00,21.2,21.2,21.1,21.1,526.844
2022-01-30 08:00:00,21.1,21.2,21.0,21.1,745.264
2022-01-30 08:30:00,21.1,21.1,20.8,20.9,634.785
2022-01-30 09:00:00,20.9,21.0,20.7,20.8,2353.115
2022-01-30 09:30:00,20.8,20.9,20.7,20.8,390.029
2022-01-30 10:00:00,20.8,21.0,20.8,20.9,898.851
2022-01-30 10:30:00,20.9,21.1,20.8,21.1,1343.874
2022-01-30 11:00:00,21.1,21.1,20.9,21.0,718.592
2022-01-30 11:30:00,21.0,21.0,20.9,21.0,328.936
2022-01-30 12:00:00,21.0,21.0,20.8,20.8,529.927
2022-01-30 12:30:00,20.9,20.9,20.4,20.7,4050.26
2022-01-30 13:00:00,20.6,20.7,20.6,20.7,539.742
2022-01-30 13:30:00,20.7,20.7,20.5,20.5,1921.457
2022-01-30 14:00:00,20.5,20.7,20.2,20.3,4118.27
2022-01-30 14:30:00,20.3,20.3,20.2,20.3,1937.983
2022-01-30 15:00:00,20.3,20.4,20.2,20.3,966.886
2022-01-30 15:30:00,20.3,20.5,20.3,20.5,1053.34
2022-01-30 16:00:00,20.4,20.5,20.3,20.3,972.503
2022-01-30 16:30:00,20.4,20.4,20.3,20.3,354.946
2022-01-30 17:00:00,20.3,20.3,20.0,20.3,2206.755
2022-01-30 17:30:00,20.3,20.3,20.2,20.3,588.854
2022-01-30 18:00:00,20.3,20.4,20.3,20.3,924.776
2022-01-30 18:30:00,20.4,20.4,20.3,20.3,1005.153
2022-01-30 19:00:00,20.3,20.4,19.9,19.9,3875.887
2022-01-30 19:30:00,20.0,20.0,19.9,20.0,1183.736
2022-01-30 20:00:00,19.9,20.1,19.9,20.0,175.762
2022-01-30 20:30:00,20.0,20.1,19.9,20.0,558.01
2022-01-30 21:00:00,20.1,20.1,19.8,19.9,1934.78
2022-01-30 21:30:00,19.9,20.1,19.8,19.9,1394.857
2022-01-30 22:00:00,19.9,20.0,19.7,19.9,875.545
2022-01-30 22:30:00,19.9,20.0,19.9,19.9,108.61
2022-01-30 23:00:00,19.9,20.3,19.9,20.1,1489.495
2022-01-30 23:30:00,20.1,20.2,19.9,19.9,872.539
2022-01-31 00:00:00,20.0,20.1,19.8,19.9,1031.943
2022-01-31 00:30:00,19.8,19.9,19.5,19.7,3237.64
2022-01-31 01:00:00,19.6,19.7,19.5,19.5,1015.788
2022-01-31 01:30:00,19.5,19.6,19.5,19.6,365.026
2022-01-31 02:00:00,19.5,19.5,19.4,19.4,207.262
2022-01-31 02:30:00,19.4,19.9,19.4,19.9,2344.426
2022-01-31 03:00:00,19.8,20.0,19.8,19.8,424.702
2022-01-31 03:30:00,19.8,19.9,19.7,19.9,390.301
2022-01-31 04:00:00,19.9,19.9,19.8,19.8,670.307
2022-01-31 04:30:00,19.8,19.8,19.7,19.7,236.541
2022-01-31 05:00:00,19.7,19.8,19.7,19.7,135.407
2022-01-31 05:30:00,19.7,19.8,19.7,19.8,89.846
2022-01-31 06:00:00,19.8,19.9,19.7,19.7,1701.737
2022-01-31 06:30:00,19.8,19.8,19.7,19.8,134.25
2022-01-31 07:00:00,19.8,19.8,19.7,19.8,114.225
2022-01-31 07:30:00,19.8,19.9,19.7,19.7,953.708
2022-01-31 08:00:00,19.8,19.8,19.5,19.6,2668.728
2022-01-31 08:30:00,19.6,19.7,19.6,19.6,524.62
2022-01-31 09:00:00,19.6,19.7,19.6,19.6,247.236
2022-01-31 09:30:00,19.7,19.7,19.6,19.6,118.891
2022-01-31 10:00:00,19.6,19.7,19.6,19.6,396.21
2022-01-31 10:30:00,19.6,19.7,19.6,19.7,603.196
2022-01-31 11:00:00,19.7,19.9,19.7,19.9,1848.83
2022-01-31 11:30:00,19.9,20.0,19.5,19.8,3760.259
2022-01-31 12:00:00,19.8,19.9,19.7,19.7,2189.625
2022-01-31 12:30:00,19.8,20.0,19.7,19.9,834.1
2022-01-31 13:00:00,19.9,19.9,19.7,19.9,1112.589
2022-01-31 13:30:00,19.8,20.1,19.8,20.1,1473.574
2022-01-31 14:00:00,20.1,20.1,19.9,20.0,504.554
2022-01-31 14:30:00,20.0,20.2,19.9,20.1,1073.3
2022-01-31 15:00:00,20.1,20.6,20.1,20.2,4634.94
2022-01-31 15:30:00,20.2,20.5,20.0,20.3,2520.341
2022-01-31 16:00:00,20.4,20.4,20.2,20.3,442.539
2022-01-31 16:30:00,20.3,20.6,20.3,20.5,1966.81
2022-01-31 17:00:00,20.5,20.5,20.3,20.3,1109.637
2022-01-31 17:30:00,20.4,20.5,20.3,20.5,1372.27
2022-01-31 18:00:00,20.5,20.6,20.3,20.3,1950.153
2022-01-31 18:30:00,20.3,20.5,20.3,20.4,1148.098
2022-01-31 19:00:00,20.4,20.7,20.3,20.4,2332.628
2022-01-31 19:30:00,20.5,20.5,20.4,20.4,2306.143
2022-01-31 20:00:00,20.4,20.4,20.3,20.4,594.727
2022-01-31 20:30:00,20.3,20.5,20.2,20.4,1327.26
2022-01-31 21:00:00,20.5,20.5,20.1,20.3,1693.18
2022-01-31 21:30:00,20.2,20.5,20.2,20.3,1578.132
2022-01-31 22:00:00,20.4,20.4,20.3,20.3,257.865
2022-01-31 22:30:00,20.4,20.5,20.1,20.3,723.028
2022-01-31 23:00:00,20.3,20.4,20.2,20.3,549.316
2022-01-31 23:30:00,20.4,20.5,20.3,20.5,361.113
2022-02-01 00:00:00,20.5,20.5,20.2,20.3,1678.352
2022-02-01 00:30:00,20.3,20.4,20.3,20.3,203.712
2022-02-01 01:00:00,20.3,20.4,20.2,20.3,682.007
2022-02-01 01:30:00,20.3,20.5,20.3,20.3,1489.635
2022-02-01 02:00:00,20.3,20.5,20.3,20.4,612.568
2022-02-01 02:30:00,20.4,20.4,20.3,20.4,245.543
2022-02-01 03:00:00,20.3,20.7,20.3,20.5,3261.443
2022-02-01 03:30:00,20.6,21.0,20.5,20.7,4682.205
2022-02-01 04:00:00,20.8,20.8,20.7,20.7,582.844
2022-02-01 04:30:00,20.7,20.7,20.5,20.5,738.829
2022-02-01 05:00:00,20.5,20.7,20.5,20.6,426.42
2022-02-01 05:30:00,20.7,20.7,20.6,20.7,127.396
2022-02-01 06:00:00,20.6,20.7,20.2,20.4,3021.566
2022-02-01 06:30:00,20.4,20.5,20.3,20.4,756.247
2022-02-01 07:00:00,20.4,20.5,20.4,20.5,666.887
2022-02-01 07:30:00,20.5,20.6,20.4,20.6,568.828
2022-02-01 08:00:00,20.5,20.6,20.5,20.5,328.264
2022-02-01 08:30:00,20.5,20.5,20.3,20.3,3266.384
2022-02-01 09:00:00,20.3,20.5,20.2,20.3,3161.375
2022-02-01 09:30:00,20.2,20.2,19.9,20.0,3103.506
2022-02-01 10:00:00,20.0,20.1,19.8,19.9,2349.89
2022-02-01 10:30:00,19.9,20.0,19.8,19.8,1016.485
2022-02-01 11:00:00,19.9,20.0,19.8,20.0,1604.188
2022-02-01 11:30:00,20.0,20.0,19.9,20.0,638.064
2022-02-01 12:00:00,19.9,20.0,19.9,19.9,727.68
2022-02-01 12:30:00,20.0,20.2,20.0,20.1,2466.286
2022-02-01 13:00:00,20.1,20.2,20.0,20.2,1351.895
2022-02-01 13:30:00,20.1,20.2,20.0,20.2,1226.79
2022-02-01 14:00:00,20.2,20.2,20.1,20.2,1529.194
2022-02-01 14:30:00,20.2,20.2,19.9,20.0,1627.566
2022-02-01 15:00:00,19.9,20.2,19.9,20.2,1575.306
2022-02-01 15:30:00,20.1,20.2,20.0,20.0,1296.307
2022-02-01 16:00:00,20.1,20.2,20.0,20.1,1373.462
2022-02-01 16:30:00,20.1,20.2,20.0,20.1,2856.632
2022-02-01 17:00:00,20.2,20.2,20.1,20.1,1044.421
2022-02-01 17:30:00,20.1,20.2,20.0,20.0,628.211
2022-02-01 18:00:00,20.0,20.1,20.0,20.0,178.104
2022-02-01 18:30:00,20.0,20.1,20.0,20.1,847.652
2022-02-01 19:00:00,20.1,20.1,20.0,20.0,217.75
2022-02-01 19:30:00,20.0,20.1,20.0,20.0,163.025
2022-02-01 20:00:00,20.0,20.3,20.0,20.2,1602.972
2022-02-01 20:30:00,20.2,20.2,19.9,20.2,2545.635
2022-02-01 21:00:00,20.1,20.2,20.0,20.1,744.592
2022-02-01 21:30:00,20.1,20.2,20.0,20.2,510.154
2022-02-01 22:00:00,20.2,20.2,20.0,20.1,842.931
2022-02-01 22:30:00,20.1,20.2,20.0,20.2,254.77
2022-02-01 23:00:00,20.1,20.2,20.0,20.2,881.475
2022-02-01 23:30:00,20.1,20.2,20.1,20.1,96.93
2022-02-02 00:00:00,20.1,20.2,20.0,20.1,506.358
2022-02-02 00:30:00,20.1,20.1,20.0,20.0,366.497
2022-02-02 01:00:00,20.1,20.2,20.1,20.1,1129.995
2022-02-02 01:30:00,20.1,20.2,20.1,20.2,157.95
2022-02-02 02:00:00,20.1,20.2,20.1,20.2,210.571
2022-02-02 02:30:00,20.2,20.2,20.0,20.2,275.39
2022-02-02 03:00:00,20.2,20.3,20.1,20.2,781.127
2022-02-02 03:30:00,20.2,20.3,20.1,20.2,1281.581
2022-02-02 04:00:00,20.2,20.3,20.1,20.2,503.372
2022-02-02 04:30:00,20.2,20.2,20.0,20.1,1456.921
2022-02-02 05:00:00,20.1,20.2,20.1,20.1,278.817
2022-02-02 05:30:00,20.1,20.1,19.8,19.9,1263.469
2022-02-02 06:00:00,19.9,20.0,19.8,19.9,534.977
2022-02-02 06:30:00,20.0,20.0,19.8,19.8,1098.39
2022-02-02 07:00:00,19.9,20.0,19.8,19.9,795.446
2022-02-02 07:30:00,19.8,20.0,19.7,19.8,1425.376
2022-02-02 08:00:00,19.8,19.9,19.8,19.9,47.954
2022-02-02 08:30:00,19.9,19.9,19.8,19.8,474.544
2022-02-02 09:00:00,19.9,19.9,19.8,19.9,317.413
2022-02-02 09:30:00,19.8,20.0,19.8,19.9,478.691
2022-02-02 10:00:00,20.0,20.0,19.9,20.0,424.307
2022-02-02 10:30:00,20.0,20.1,19.9,19.9,2690.135
2022-02-02 11:00:00,20.0,20.3,19.9,19.9,1994.109
2022-02-02 11:30:00,20.0,20.2,20.0,20.0,2485.794
2022-02-02 12:00:00,20.1,20.5,20.1,20.4,6227.58
2022-02-02 12:30:00,20.4,21.5,20.4,21.5,20999.461
2022-02-02 13:00:00,21.4,21.6,21.0,21.2,8390.759
2022-02-02 13:30:00,21.3,21.5,20.9,21.1,3931.013
2022-02-02 14:00:00,21.0,21.3,20.7,20.8,5468.549
2022-02-02 14:30:00,20.9,20.9,20.3,20.4,7169.377
2022-02-02 15:00:00,20.4,20.5,20.2,20.3,2293.048
2022-02-02 15:30:00,20.2,20.5,20.2,20.4,3112.196
2022-02-02 16:00:00,20.3,20.4,19.9,20.2,4106.627
2022-02-02 16:30:00,20.1,20.3,19.8,20.1,4369.278
2022-02-02 17:00:00,20.2,20.2,20.0,20.2,1903.395
2022-02-02 17:30:00,20.1,20.3,20.0,20.2,2921.659
2022-02-02 18:00:00,20.1,20.4,20.1,20.3,2378.425
2022-02-02 18:30:00,20.2,20.3,20.2,20.2,855.742
2022-02-02 19:00:00,20.3,20.3,20.2,20.3,1036.327
2022-02-02 19:30:00,20.3,20.8,20.2,20.8,6464.045
2022-02-02 20:00:00,20.7,21.2,20.7,20.8,8948.553
2022-02-02 20:30:00,20.9,20.9,20.7,20.8,2827.733
2022-02-02 21:00:00,20.9,21.1,20.3,20.5,7772.077
2022-02-02 21:30:00,20.5,20.5,20.0,20.2,7279.828
2022-02-02 22:00:00,20.2,20.5,20.1,20.3,1441.279
2022-02-02 22:30:00,20.3,20.6,20.0,20.3,2073.568
2022-02-02 23:00:00,20.3,20.3,20.1,20.3,704.24
2022-02-02 23:30:00,20.3,20.4,20.0,20.2,812.663
2022-02-03 00:00:00,20.1,20.2,20.0,20.2,1679.26
2022-02-03 00:30:00,20.2,20.4,20.1,20.2,731.328
2022-02-03 01:00:00,20.2,20.3,20.2,20.3,521.561
2022-02-03 01:30:00,20.2,20.2,19.9,20.0,1233.403
2022-02-03 02:00:00,20.1,20.1,19.7,19.9,1990.473
2022-02-03 02:30:00,19.9,20.2,19.8,20.2,1636.927
2022-02-03 03:00:00,20.2,20.6,20.1,20.2,2251.395
2022-02-03 03:30:00,20.2,20.3,20.1,20.1,981.424
2022-02-03 04:00:00,20.1,20.2,20.0,20.2,755.158
2022-02-03 04:30:00,20.1,20.3,20.1,20.2,614.979
2022-02-03 05:00:00,20.3,20.3,20.0,20.1,1092.862
2022-02-03 05:30:00,20.1,20.4,20.0,20.3,776.662
2022-02-03 06:00:00,20.3,20.5,20.0,20.3,4574.25
2022-02-03 06:30:00,20.4,20.4,20.0,20.1,3136.973
2022-02-03 07:00:00,20.2,20.2,20.0,20.1,1000.029
2022-02-03 07:30:00,20.2,20.9,20.1,20.4,3816.326
2022-02-03 08:00:00,20.4,20.5,20.3,20.4,597.519
2022-02-03 08:30:00,20.5,20.8,20.4,20.7,4069.93
2022-02-03 09:00:00,20.7,20.7,20.3,20.4,2668.321
2022-02-03 09:30:00,20.4,21.1,20.3,20.7,9304.936
2022-02-03 10:00:00,20.7,20.8,20.0,20.2,11104.011
2022-02-03 10:30:00,20.2,20.4,20.2,20.3,3227.817
2022-02-03 11:00:00,20.4,21.4,20.3,21.2,16202.341
2022-02-03 11:30:00,21.3,25.7,21.3,24.5,154451.356
2022-02-03 12:00:00,24.5,24.5,23.1,23.4,47576.171
2022-02-03 12:30:00,23.4,24.5,22.8,23.1,32637.09
2022-02-03 13:00:00,23.1,23.7,22.6,22.8,19189.452
2022-02-03 13:30:00,22.7,23.0,22.5,22.8,14082.316
2022-02-03 14:00:00,22.8,23.3,22.7,22.9,8487.448
2022-02-03 14:30:00,23.0,23.4,22.8,23.2,8023.206
2022-02-03 15:00:00,23.3,23.4,22.9,23.0,8013.701
2022-02-03 15:30:00,23.0,24.3,23.0,23.4,14501.071
2022-02-03 16:00:00,23.4,24.4,23.4,23.7,14276.77
2022-02-03 16:30:00,23.7,23.7,23.0,23.1,9290.171
2022-02-03 17:00:00,23.0,23.0,22.5,22.9,11163.243
2022-02-03 17:30:00,23.0,23.1,22.8,23.1,4677.705
2022-02-03 18:00:00,23.1,28.3,23.0,28.3,92819.823
2022-02-03 18:30:00,28.2,28.8,25.6,25.9,156024.16
2022-02-03 19:00:00,25.9,26.5,24.8,25.1,42621.37
2022-02-03 19:30:00,25.1,26.9,24.9,25.0,46783.244
2022-02-03 20:00:00,25.1,25.9,24.4,24.6,29339.264
2022-02-03 20:30:00,24.7,24.7,24.1,24.3,12293.706
2022-02-03 21:00:00,24.2,24.9,24.2,24.4,11561.318
2022-02-03 21:30:00,24.5,24.7,23.6,23.7,14167.123
2022-02-03 22:00:00,23.7,24.1,23.6,24.0,2700.256
2022-02-03 22:30:00,24.0,24.6,23.7,24.5,7251.922
2022-02-03 23:00:00,24.4,24.5,24.0,24.1,6176.207
2022-02-03 23:30:00,24.1,24.9,24.1,24.6,13469.167
2022-02-04 00:00:00,24.6,26.3,24.4,24.9,32087.666
2022-02-04 00:30:00,25.0,26.3,24.6,25.3,23745.797
2022-02-04 01:00:00,25.4,27.3,25.3,26.3,40449.047
2022-02-04 01:30:00,26.3,26.3,25.5,25.9,16924.909
2022-02-04 02:00:00,25.9,25.9,24.9,25.4,16033.267
2022-02-04 02:30:00,25.5,25.5,25.1,25.3,5185.219
2022-02-04 03:00:00,25.4,27.2,25.3,27.1,20314.773
2022-02-04 03:30:00,27.2,27.2,25.8,26.5,27358.817
2022-02-04 04:00:00,26.5,26.6,25.6,25.7,14943.108
2022-02-04 04:30:00,25.7,26.0,25.7,25.9,5582.215
2022-02-04 05:00:00,25.9,26.9,25.9,26.6,9959.203
2022-02-04 05:30:00,26.6,27.5,26.5,27.0,26170.366
2022-02-04 06:00:00,27.0,27.3,26.6,26.9,11540.632
2022-02-04 06:30:00,26.9,26.9,26.2,26.5,14071.176
2022-02-04 07:00:00,26.6,26.6,25.2,25.2,26413.004
2022-02-04 07:30:00,25.3,25.6,25.2,25.3,6832.005
2022-02-04 08:00:00,25.4,25.4,25.3,25.4,2659.277
2022-02-04 08:30:00,25.4,25.4,24.6,25.0,18136.636
2022-02-04 09:00:00,24.9,25.0,24.5,24.5,5229.686
2022-02-04 09:30:00,24.6,24.6,24.3,24.4,7788.798
2022-02-04 10:00:00,24.4,24.4,23.5,23.5,20168.068
2022-02-04 10:30:00,23.5,23.8,23.4,23.8,8117.293
2022-02-04 11:00:00,23.7,23.8,23.7,23.7,3624.028
2022-02-04 11:30:00,23.7,23.8,23.1,23.3,7652.385
2022-02-04 12:00:00,23.3,23.4,23.2,23.3,3392.167
2022-02-04 12:30:00,23.4,23.4,23.0,23.1,8562.809
2022-02-04 13:00:00,23.2,23.2,23.0,23.2,4585.336
2022-02-04 13:30:00,23.1,23.2,22.6,22.6,4868.421
2022-02-04 14:00:00,22.7,22.9,22.4,22.8,9477.847
2022-02-04 14:30:00,22.9,23.0,22.8,23.0,4906.549
2022-02-04 15:00:00,23.0,23.8,22.9,23.7,15004.825
2022-02-04 15:30:00,23.7,23.8,23.5,23.6,10283.767
2022-02-04 16:00:00,23.6,23.7,23.2,23.7,6986.592
2022-02-04 16:30:00,23.8,23.9,23.4,23.5,8435.116
2022-02-04 17:00:00,23.5,23.6,23.2,23.5,6272.003
2022-02-04 17:30:00,23.5,23.8,23.4,23.7,4051.612
2022-02-04 18:00:00,23.7,23.8,23.3,23.5,3017.968
2022-02-04 18:30:00,23.5,23.7,23.4,23.6,4222.386
2022-02-04 19:00:00,23.6,23.8,23.5,23.6,2419.103
2022-02-04 19:30:00,23.6,23.8,23.6,23.8,3648.956
2022-02-04 20:00:00,23.8,23.8,23.4,23.6,3708.756
2022-02-04 20:30:00,23.6,23.6,23.4,23.4,2454.434
2022-02-04 21:00:00,23.4,23.5,23.3,23.4,2769.391
2022-02-04 21:30:00,23.4,23.7,23.4,23.7,2688.982
2022-02-04 22:00:00,23.6,23.8,23.5,23.7,3039.788
2022-02-04 22:30:00,23.7,23.8,23.4,23.7,1126.278
2022-02-04 23:00:00,23.7,23.7,23.5,23.6,890.011
2022-02-04 23:30:00,23.5,24.0,23.4,23.8,2980.505
2022-02-05 00:00:00,23.8,23.8,23.5,23.7,3439.327
2022-02-05 00:30:00,23.7,24.0,23.6,23.9,8521.606
2022-02-05 01:00:00,23.9,24.1,23.8,24.0,2885.122
2022-02-05 01:30:00,24.0,24.1,23.9,23.9,955.081
2022-02-05 02:00:00,24.0,24.1,23.9,24.0,2335.233
2022-02-05 02:30:00,23.9,24.0,23.7,24.0,6230.487
2022-02-05 03:00:00,24.0,24.0,23.8,23.9,1935.902
2022-02-05 03:30:00,24.0,24.1,23.7,24.0,3900.604
2022-02-05 04:00:00,24.0,24.3,23.9,24.2,4391.941
2022-02-05 04:30:00,24.2,24.7,24.1,24.6,10868.66
2022-02-05 05:00:00,24.6,25.0,24.4,25.0,11899.731
2022-02-05 05:30:00,24.9,26.0,24.9,25.3,13923.136
2022-02-05 06:00:00,25.3,25.6,25.3,25.4,4545.063
2022-02-05 06:30:00,25.5,25.5,25.1,25.1,5375.661
2022-02-05 07:00:00,25.1,25.2,24.8,24.8,6143.826
2022-02-05 07:30:00,24.9,25.0,24.8,25.0,3282.245
2022-02-05 08:00:00,24.9,25.1,24.4,25.1,10915.435
2022-02-05 08:30:00,25.0,25.2,24.7,25.0,3928.707
2022-02-05 09:00:00,24.9,25.0,24.9,25.0,1184.079
2022-02-05 09:30:00,24.9,25.0,24.9,24.9,2062.081
2022-02-05 10:00:00,25.0,25.2,24.8,24.9,6004.766
2022-02-05 10:30:00,24.9,24.9,24.4,24.6,9239.394
2022-02-05 11:00:00,24.5,24.7,24.5,24.7,3545.811
2022-02-05 11:30:00,24.7,24.7,24.5,24.6,1530.562
2022-02-05 12:00:00,24.6,24.6,24.4,24.4,1603.867
2022-02-05 12:30:00,24.4,24.5,24.3,24.4,2376.614
2022-02-05 13:00:00,24.4,24.4,24.0,24.3,3870.364
2022-02-05 13:30:00,24.3,25.1,24.3,24.8,10235.202
2022-02-05 14:00:00,24.8,24.8,24.3,24.5,6520.639
2022-02-05 14:30:00,24.6,24.6,24.4,24.4,2166.007
2022-02-05 15:00:00,24.4,24.7,24.1,24.5,7264.211
2022-02-05 15:30:00,24.4,24.6,24.3,24.4,3453.198
2022-02-05 16:00:00,24.5,24.5,24.3,24.3,1071.174
2022-02-05 16:30:00,24.4,24.4,23.9,23.9,3560.497
2022-02-05 17:00:00,23.9,24.0,23.4,23.7,8899.744
2022-02-05 17:30:00,23.6,23.9,23.5,23.7,2965.85
2022-02-05 18:00:00,23.8,23.8,23.6,23.7,1306.585
2022-02-05 18:30:00,23.8,23.8,23.5,23.7,1216.285
2022-02-05 19:00:00,23.7,23.7,23.6,23.7,576.213
2022-02-05 19:30:00,23.7,23.7,23.6,23.6,880.31
2022-02-05 20:00:00,23.7,23.7,23.5,23.6,1485.266
2022-02-05 20:30:00,23.6,23.7,23.6,23.7,235.597
2022-02-05 21:00:00,23.6,23.9,23.6,23.9,1756.452
2022-02-05 21:30:00,23.9,23.9,23.7,23.9,2099.583
2022-02-05 22:00:00,23.9,23.9,23.8,23.8,426.762
2022-02-05 22:30:00,23.9,24.0,23.8,23.9,707.077
2022-02-05 23:00:00,23.9,23.9,23.7,23.9,1068.064
2022-02-05 23:30:00,23.8,23.9,23.7,23.8,1345.418
2022-02-06 00:00:00,23.9,24.0,23.7,23.8,1339.245
2022-02-06 00:30:00,23.9,24.0,23.8,24.0,1497.966
2022-02-06 01:00:00,24.0,24.7,23.9,24.6,10953.193
2022-02-06 01:30:00,24.6,25.6,24.6,25.4,9106.774
2022-02-06 02:00:00,25.3,25.3,24.5,24.7,8550.343
2022-02-06 02:30:00,24.7,25.3,24.6,25.1,4854.109
2022-02-06 03:00:00,25.1,25.5,25.1,25.2,2705.471
2022-02-06 03:30:00,25.2,25.4,25.0,25.0,3939.891
2022-02-06 04:00:00,25.0,25.1,24.9,25.0,1680.489
2022-02-06 04:30:00,25.0,25.0,24.8,24.9,2167.508
2022-02-06 05:00:00,24.8,24.9,24.8,24.9,976.979
2022-02-06 05:30:00,24.9,25.2,24.8,25.0,1782.934
2022-02-06 06:00:00,25.0,25.6,24.9,25.2,4334.839
2022-02-06 06:30:00,25.2,25.4,24.8,25.0,3864.924
2022-02-06 07:00:00,24.9,25.2,24.9,25.1,2073.482
2022-02-06 07:30:00,25.0,25.4,25.0,25.2,2576.707
2022-02-06 08:00:00,25.2,25.4,25.1,25.3,2518.667
2022-02-06 08:30:00,25.4,25.6,25.3,25.6,2988.916
2022-02-06 09:00:00,25.6,26.3,25.5,26.2,9210.322
2022-02-06 09:30:00,26.2,27.3,26.1,26.5,20389.415
2022-02-06 10:00:00,26.6,26.6,25.9,26.2,11608.848
2022-02-06 10:30:00,26.2,26.2,25.7,25.9,4920.68
2022-02-06 11:00:00,25.9,25.9,25.6,25.9,3788.267
2022-02-06 11:30:00,25.9,25.9,25.5,25.8,3752.582
2022-02-06 12:00:00,25.8,26.9,25.7,26.4,12028.763
2022-02-06 12:30:00,26.4,26.7,26.1,26.3,9473.51
2022-02-06 13:00:00,26.3,26.5,26.2,26.4,3037.341
2022-02-06 13:30:00,26.3,26.4,26.0,26.0,3375.301
2022-02-06 14:00:00,26.0,26.1,25.7,25.9,4611.778
2022-02-06 14:30:00,25.9,26.0,24.6,24.7,16711.966
2022-02-06 15:00:00,24.7,25.0,24.6,25.0,5114.518
2022-02-06 15:30:00,24.9,25.2,24.8,25.2,6353.401
2022-02-06 16:00:00,25.2,25.4,25.0,25.3,3164.54
2022-02-06 16:30:00,25.3,25.5,25.0,25.1,5072.658
2022-02-06 17:00:00,25.1,25.6,25.0,25.5,5405.073
2022-02-06 17:30:00,25.5,25.8,25.3,25.5,4182.1
2022-02-06 18:00:00,25.5,26.3,25.3,25.9,8203.985
2022-02-06 18:30:00,25.8,26.1,25.6,25.9,4081.596
2022-02-06 19:00:00,25.8,26.1,25.8,26.0,2072.448
2022-02-06 19:30:00,26.1,26.1,25.4,25.5,3554.442
2022-02-06 20:00:00,25.5,25.8,25.4,25.5,2446.836
2022-02-06 20:30:00,25.5,25.9,25.4,25.6,3157.942
2022-02-06 21:00:00,25.7,25.9,25.5,25.8,1829.971
2022-02-06 21:30:00,25.8,26.1,25.8,26.0,1461.073
2022-02-06 22:00:00,26.0,26.0,25.7,25.8,1570.675
2022-02-06 22:30:00,25.9,26.0,25.7,25.8,959.82
2022-02-06 23:00:00,25.7,26.1,25.6,25.8,2320.313
2022-02-06 23:30:00,25.9,26.3,25.9,26.1,4919.797
2022-02-07 00:00:00,26.1,26.9,26.0,26.6,12152.465
2022-02-07 00:30:00,26.7,28.4,26.6,27.4,31409.281
2022-02-07 01:00:00,27.4,27.4,26.6,26.8,12581.836
2022-02-07 01:30:00,26.7,27.0,26.5,26.9,3526.494
2022-02-07 02:00:00,26.8,27.1,26.4,26.7,8219.606
2022-02-07 02:30:00,26.8,26.8,26.5,26.6,2564.047
2022-02-07 03:00:00,26.6,27.0,26.6,26.9,3379.529
2022-02-07 03:30:00,26.9,27.0,26.7,26.8,3072.855
2022-02-07 04:00:00,26.8,26.8,26.4,26.5,5754.395
2022-02-07 04:30:00,26.5,26.7,26.5,26.7,2778.728
2022-02-07 05:00:00,26.7,26.9,26.6,26.7,1535.828
2022-02-07 05:30:00,26.7,26.9,26.6,26.7,1384.553
2022-02-07 06:00:00,26.7,27.1,26.6,27.1,4017.538
2022-02-07 06:30:00,27.0,27.4,27.0,27.1,4469.597
2022-02-07 07:00:00,27.0,27.1,26.7,26.8,5901.8
2022-02-07 07:30:00,26.8,27.9,26.7,27.2,10379.741
2022-02-07 08:00:00,27.1,27.2,27.0,27.1,1581.568
2022-02-07 08:30:00,27.1,27.1,26.8,26.9,1969.986
2022-02-07 09:00:00,26.8,26.9,26.2,26.3,6540.873
2022-02-07 09:30:00,26.4,26.4,26.0,26.2,5451.098
2022-02-07 10:00:00,26.2,26.7,26.0,26.3,8011.306
2022-02-07 10:30:00,26.3,26.5,26.3,26.3,1677.698
2022-02-07 11:00:00,26.4,26.5,26.3,26.5,1662.934
2022-02-07 11:30:00,26.4,26.5,26.3,26.4,1226.41
2022-02-07 12:00:00,26.4,26.5,26.2,26.3,1864.418
2022-02-07 12:30:00,26.2,26.4,26.1,26.4,1202.385
2022-02-07 13:00:00,26.4,26.5,26.1,26.3,6362.442
2022-02-07 13:30:00,26.2,26.4,26.2,26.4,2036.185
2022-02-07 14:00:00,26.3,26.7,26.3,26.6,1719.652
2022-02-07 14:30:00,26.6,27.1,26.4,26.9,8049.474
2022-02-07 15:00:00,26.9,27.0,26.5,26.7,2826.942
2022-02-07 15:30:00,26.7,27.2,26.6,27.1,4376.125
2022-02-07 16:00:00,27.0,27.9,27.0,27.5,15548.372
2022-02-07 16:30:00,27.6,27.6,26.9,27.3,7813.37
2022-02-07 17:00:00,27.3,27.3,26.9,27.1,7033.894
2022-02-07 17:30:00,27.1,27.3,27.0,27.2,3295.395
2022-02-07 18:00:00,27.2,27.3,26.4,26.7,11532.337
2022-02-07 18:30:00,26.8,26.8,26.5,26.6,3364.158
2022-02-07 19:00:00,26.6,26.9,26.6,26.8,2858.158
2022-02-07 19:30:00,26.8,26.9,26.7,26.9,2838.338
2022-02-07 20:00:00,26.8,27.0,26.8,26.9,3252.758
2022-02-07 20:30:00,26.9,26.9,26.6,26.7,3509.008
2022-02-07 21:00:00,26.7,26.7,26.5,26.6,1240.122
2022-02-07 21:30:00,26.5,26.7,26.5,26.6,2850.515
2022-02-07 22:00:00,26.7,27.2,26.6,26.9,5255.305
2022-02-07 22:30:00,27.0,27.2,26.8,26.8,1059.151
2022-02-07 23:00:00,26.8,27.0,26.6,26.7,2637.286
2022-02-07 23:30:00,26.7,27.1,26.6,27.0,1802.925
2022-02-08 00:00:00,27.0,27.1,26.8,26.9,1344.146
2022-02-08 00:30:00,27.0,27.0,26.8,26.8,785.163
2022-02-08 01:00:00,26.8,27.2,26.7,27.2,2231.063
2022-02-08 01:30:00,27.2,27.6,27.1,27.3,1450.895
2022-02-08 02:00:00,27.3,27.3,27.0,27.2,1250.381
2022-02-08 02:30:00,27.2,27.3,26.7,26.8,4472.471
2022-02-08 03:00:00,26.9,26.9,26.5,26.6,10736.308
2022-02-08 03:30:00,26.7,26.9,26.6,26.7,4000.296
2022-02-08 04:00:00,26.7,26.7,26.4,26.6,2462.265
2022-02-08 04:30:00,26.5,26.7,26.4,26.6,1663.847
2022-02-08 05:00:00,26.6,26.7,26.6,26.6,1093.012
2022-02-08 05:30:00,26.7,26.9,26.6,26.8,1542.839
2022-02-08 06:00:00,26.8,27.3,26.6,26.9,11067.72
2022-02-08 06:30:00,26.9,26.9,26.4,26.6,5222.185
2022-02-08 07:00:00,26.5,26.7,26.3,26.5,5517.409
2022-02-08 07:30:00,26.5,26.6,26.5,26.5,1102.482
2022-02-08 08:00:00,26.6,26.7,25.3,25.8,14344.047
2022-02-08 08:30:00,25.7,25.9,25.5,25.7,5792.49
2022-02-08 09:00:00,25.7,25.7,24.9,25.6,10765.082
2022-02-08 09:30:00,25.7,25.7,25.0,25.3,9662.166
2022-02-08 10:00:00,25.2,25.5,25.0,25.4,7331.986
2022-02-08 10:30:00,25.4,25.8,25.3,25.6,3987.073
2022-02-08 11:00:00,25.7,25.9,25.7,25.8,1858.476
2022-02-08 11:30:00,25.8,25.8,25.4,25.7,3193.69
2022-02-08 12:00:00,25.6,25.6,25.2,25.2,1543.567
2022-02-08 12:30:00,25.2,26.3,25.0,25.9,10825.545
2022-02-08 13:00:00,25.8,26.1,25.7,26.0,3058.272
2022-02-08 13:30:00,25.9,26.1,25.7,25.9,1373.073
2022-02-08 14:00:00,26.0,26.0,25.6,25.8,1211.996
2022-02-08 14:30:00,25.8,26.0,25.7,25.8,1613.264
2022-02-08 15:00:00,25.9,25.9,25.2,25.6,8069.954
2022-02-08 15:30:00,25.5,25.7,25.4,25.7,973.271
2022-02-08 16:00:00,25.7,25.7,25.3,25.5,1061.69
2022-02-08 16:30:00,25.5,25.9,25.4,25.4,4456.907
2022-02-08 17:00:00,25.5,25.6,25.3,25.4,1579.514
2022-02-08 17:30:00,25.4,25.5,25.3,25.3,1289.44
2022-02-08 18:00:00,25.4,25.7,25.3,25.4,1920.193
2022-02-08 18:30:00,25.4,25.6,25.2,25.4,1210.061
2022-02-08 19:00:00,25.4,25.4,25.2,25.2,622.963
2022-02-08 19:30:00,25.2,25.5,25.2,25.5,727.242
2022-02-08 20:00:00,25.5,25.5,25.4,25.5,602.458
2022-02-08 20:30:00,25.5,25.9,25.5,25.9,3805.693
2022-02-08 21:00:00,25.9,25.9,25.6,25.7,1949.296
2022-02-08 21:30:00,25.7,25.9,25.7,25.9,546.048
2022-02-08 22:00:00,25.8,25.9,25.7,25.7,434.118
2022-02-08 22:30:00,25.7,25.9,25.5,25.8,966.834
2022-02-08 23:00:00,25.9,26.0,25.8,25.9,1222.588
2022-02-08 23:30:00,26.0,26.0,25.4,25.6,3370.961
2022-02-09 00:00:00,25.6,25.9,25.3,25.6,2692.961
2022-02-09 00:30:00,25.5,25.7,25.5,25.7,1100.214
2022-02-09 01:00:00,25.6,26.1,25.6,25.8,4742.686
2022-02-09 01:30:00,25.9,25.9,25.6,25.7,743.945
2022-02-09 02:00:00,25.6,25.7,25.0,25.2,8458.385
2022-02-09 02:30:00,25.2,25.5,25.2,25.5,1057.806
2022-02-09 03:00:00,25.5,25.6,25.0,25.5,4903.078
2022-02-09 03:30:00,25.5,25.6,25.1,25.3,3226.43
2022-02-09 04:00:00,25.3,25.4,25.2,25.3,340.173
2022-02-09 04:30:00,25.3,25.4,25.3,25.3,157.735
2022-02-09 05:00:00,25.3,25.4,25.0,25.1,2708.551
2022-02-09 05:30:00,25.2,25.3,25.1,25.3,1920.509
2022-02-09 06:00:00,25.2,25.7,25.2,25.5,5508.006
2022-02-09 06:30:00,25.6,26.2,25.6,26.0,6446.469
2022-02-09 07:00:00,26.0,26.4,25.8,26.2,5012.056
2022-02-09 07:30:00,26.2,26.3,26.0,26.2,3759.336
2022-02-09 08:00:00,26.2,26.4,26.0,26.0,2167.25
2022-02-09 08:30:00,26.0,26.1,25.9,26.0,1494.976
2022-02-09 09:00:00,26.0,26.2,26.0,26.2,1031.483
2022-02-09 09:30:00,26.1,26.2,25.9,25.9,827.034
2022-02-09 10:00:00,25.9,26.0,25.7,25.9,5076.033
2022-02-09 10:30:00,25.9,26.1,25.8,25.9,1634.37
2022-02-09 11:00:00,25.9,26.1,25.9,26.0,944.131
2022-02-09 11:30:00,26.1,26.2,26.0,26.0,1698.536
2022-02-09 12:00:00,26.1,26.2,25.9,25.9,2667.111
2022-02-09 12:30:00,25.9,26.2,25.9,26.2,2005.537
2022-02-09 13:00:00,26.2,26.7,26.1,26.5,7853.888
2022-02-09 13:30:00,26.5,26.7,26.5,26.7,2205.226
2022-02-09 14:00:00,26.7,26.8,26.2,26.7,4116.912
2022-02-09 14:30:00,26.8,27.1,26.7,26.8,4426.652
2022-02-09 15:00:00,26.7,26.9,26.6,26.6,1683.496
2022-02-09 15:30:00,26.7,27.4,26.6,27.4,8828.159
2022-02-09 16:00:00,27.3,28.0,27.1,27.7,9587.366
2022-02-09 16:30:00,27.7,30.4,27.6,30.0,30393.483
2022-02-09 17:00:00,30.0,30.2,28.6,29.1,28612.954
2022-02-09 17:30:00,29.2,29.6,28.5,28.8,17133.006
2022-02-09 18:00:00,28.9,28.9,28.2,28.3,6012.198
2022-02-09 18:30:00,28.2,28.7,28.2,28.3,3129.696
2022-02-09 19:00:00,28.3,29.0,28.3,28.7,7157.825
2022-02-09 19:30:00,28.6,28.9,28.5,28.6,3076.083
2022-02-09 20:00:00,28.7,28.8,28.4,28.4,2126.835
2022-02-09 20:30:00,28.5,28.9,28.5,28.8,2673.379
2022-02-09 21:00:00,28.7,28.8,28.5,28.5,1911.225
2022-02-09 21:30:00,28.5,28.7,28.4,28.4,1714.178
2022-02-09 22:00:00,28.4,28.5,28.3,28.4,2085.144
2022-02-09 22:30:00,28.4,28.7,28.3,28.5,3120.592
2022-02-09 23:00:00,28.5,28.5,27.9,28.2,4066.025
2022-02-09 23:30:00,28.1,28.3,28.0,28.3,4375.905
2022-02-10 00:00:00,28.3,28.3,27.7,27.9,3302.35
2022-02-10 00:30:00,27.8,27.9,27.8,27.9,411.212
2022-02-10 01:00:00,27.9,28.0,27.8,28.0,838.792
2022-02-10 01:30:00,27.9,28.0,27.8,28.0,1358.061
2022-02-10 02:00:00,28.0,28.6,28.0,28.5,4343.346
2022-02-10 02:30:00,28.5,28.5,28.3,28.3,1135.239
2022-02-10 03:00:00,28.3,28.5,28.1,28.5,3236.304
2022-02-10 03:30:00,28.5,30.7,28.5,29.8,25313.236
2022-02-10 04:00:00,29.9,30.6,29.3,29.4,16124.758
2022-02-10 04:30:00,29.5,29.5,29.0,29.1,5727.665
2022-02-10 05:00:00,29.1,29.5,28.9,29.5,2668.661
2022-02-10 05:30:00,29.5,29.9,29.1,29.7,6309.579
2022-02-10 06:00:00,29.7,31.6,29.6,31.1,31166.266
2022-02-10 06:30:00,31.1,31.1,30.3,30.3,6323.075
2022-02-10 07:00:00,30.3,30.8,29.6,29.8,22502.141
2022-02-10 07:30:00,29.8,29.9,29.3,29.6,7724.153
2022-02-10 08:00:00,29.6,29.9,29.5,29.8,3198.615
2022-02-10 08:30:00,29.8,31.2,29.6,30.8,11905.928
2022-02-10 09:00:00,30.8,35.5,30.3,34.3,90361.474
2022-02-10 09:30:00,34.2,35.7,33.1,34.4,70695.012
2022-02-10 10:00:00,34.5,35.4,34.1,34.2,38438.49
2022-02-10 10:30:00,34.2,38.0,34.1,36.8,72055.915
2022-02-10 11:00:00,36.8,38.6,35.6,35.8,76493.582
2022-02-10 11:30:00,35.8,36.6,35.0,35.3,33493.631
2022-02-10 12:00:00,35.2,35.3,33.8,34.8,39126.415
2022-02-10 12:30:00,34.8,36.7,34.8,35.2,61385.37
2022-02-10 13:00:00,35.2,36.3,34.7,35.2,37730.716
2022-02-10 13:30:00,35.2,35.2,32.6,33.3,59608.403
2022-02-10 14:00:00,33.4,34.4,32.2,33.9,46846.293
2022-02-10 14:30:00,34.0,36.5,33.6,36.3,46066.302
2022-02-10 15:00:00,36.4,37.7,35.3,37.0,56067.111
2022-02-10 15:30:00,36.9,38.7,36.2,36.9,70351.43
2022-02-10 16:00:00,36.9,43.9,36.2,40.5,226749.057
2022-02-10 16:30:00,40.5,42.7,39.6,40.4,112201.512
2022-02-10 17:00:00,40.4,41.0,38.3,39.6,77765.863
2022-02-10 17:30:00,39.6,39.8,38.6,39.1,32540.683
2022-02-10 18:00:00,39.2,42.6,38.9,41.2,81204.559
2022-02-10 18:30:00,41.1,42.2,40.2,41.5,39320.909
2022-02-10 19:00:00,41.6,41.7,39.3,39.8,36212.593
2022-02-10 19:30:00,39.8,40.1,38.5,39.0,20615.752
2022-02-10 20:00:00,38.9,39.0,37.6,38.0,35494.69
2022-02-10 20:30:00,38.0,38.6,36.8,37.4,24749.037
2022-02-10 21:00:00,37.4,37.6,36.9,37.3,12681.08
2022-02-10 21:30:00,37.2,38.0,37.1,37.6,11625.81
2022-02-10 22:00:00,37.6,37.8,37.1,37.2,7590.462
2022-02-10 22:30:00,37.2,39.9,37.2,39.9,36033.024
2022-02-10 23:00:00,39.9,40.7,37.9,37.9,29213.811
2022-02-10 23:30:00,37.9,37.9,36.8,36.8,16181.044
2022-02-11 00:00:00,36.9,39.5,36.8,37.1,40150.533
2022-02-11 00:30:00,37.2,38.8,37.1,38.2,23080.145
2022-02-11 01:00:00,38.3,40.8,37.7,39.8,34752.457
2022-02-11 01:30:00,39.8,39.8,37.9,39.1,19212.812
2022-02-11 02:00:00,39.1,40.8,39.0,39.5,29721.624
2022-02-11 02:30:00,39.5,40.4,39.1,39.3,16713.67
2022-02-11 03:00:00,39.4,40.0,38.5,39.4,16728.803
2022-02-11 03:30:00,39.4,39.7,38.9,39.0,8049.171
2022-02-11 04:00:00,39.0,39.1,37.8,37.9,10762.862
2022-02-11 04:30:00,37.9,39.3,37.9,39.1,7299.338
2022-02-11 05:00:00,39.1,39.3,38.2,38.8,8775.736
2022-02-11 05:30:00,38.8,39.6,38.3,38.5,11242.495
2022-02-11 06:00:00,38.5,38.8,37.8,38.0,9980.171
2022-02-11 06:30:00,37.9,38.0,37.2,37.3,8732.093
2022-02-11 07:00:00,37.3,37.4,36.2,36.6,25656.089
2022-02-11 07:30:00,36.6,36.7,35.9,36.6,12130.929
2022-02-11 08:00:00,36.7,36.7,35.6,35.7,17071.184
2022-02-11 08:30:00,35.7,35.9,35.2,35.3,11874.562
2022-02-11 09:00:00,35.3,35.5,34.7,35.0,18639.967
2022-02-11 09:30:00,35.0,35.2,34.8,34.9,5475.374
2022-02-11 10:00:00,34.9,35.0,33.8,34.4,23751.73
2022-02-11 10:30:00,34.5,35.1,34.3,34.8,12053.991
2022-02-11 11:00:00,34.7,34.8,34.3,34.3,3929.704
2022-02-11 11:30:00,34.4,34.7,34.2,34.6,6630.973
2022-02-11 12:00:00,34.6,34.7,34.1,34.4,6395.91
2022-02-11 12:30:00,34.4,34.4,33.8,33.9,8372.295
2022-02-11 13:00:00,33.9,34.1,33.8,33.9,4733.254
2022-02-11 13:30:00,34.0,34.7,33.9,34.6,12016.38
2022-02-11 14:00:00,34.7,35.8,34.6,35.5,19808.304
2022-02-11 14:30:00,35.5,35.6,34.4,34.6,11781.354
2022-02-11 15:00:00,34.7,34.7,34.1,34.1,9685.283
2022-02-11 15:30:00,34.1,34.3,34.0,34.1,5735.19
2022-02-11 16:00:00,34.2,34.6,33.8,34.5,9569.891
2022-02-11 16:30:00,34.5,34.6,34.0,34.5,7449.559
2022-02-11 17:00:00,34.4,34.4,34.0,34.2,3281.239
2022-02-11 17:30:00,34.2,34.4,34.2,34.4,1750.528
2022-02-11 18:00:00,34.4,34.6,34.3,34.4,1705.101
2022-02-11 18:30:00,34.4,34.4,33.7,34.1,8260.324
2022-02-11 19:00:00,34.0,34.1,33.1,33.9,11501.396
2022-02-11 19:30:00,33.9,34.2,33.7,33.9,4970.52
2022-02-11 20:00:00,33.9,34.1,33.4,33.7,7041.77
2022-02-11 20:30:00,33.7,33.8,33.2,33.2,3601.616
2022-02-11 21:00:00,33.4,33.4,33.0,33.0,5209.491
2022-02-11 21:30:00,33.0,33.0,32.6,32.6,5327.437
2022-02-11 22:00:00,32.7,32.8,32.0,32.2,3756.002
2022-02-11 22:30:00,32.3,32.5,31.4,31.8,5178.829
2022-02-11 23:00:00,31.7,33.7,31.6,32.5,6346.234
2022-02-11 23:30:00,32.5,32.8,32.5,32.6,1127.052
2022-02-12 00:00:00,32.5,32.6,32.2,32.3,1522.92
2022-02-12 00:30:00,32.2,32.7,32.2,32.7,2008.348
2022-02-12 01:00:00,32.7,32.9,32.1,32.1,4771.054
2022-02-12 01:30:00,32.2,32.5,32.1,32.3,1053.807
2022-02-12 02:00:00,32.3,32.4,32.2,32.3,730.603
2022-02-12 02:30:00,32.3,32.4,32.2,32.2,1534.504
2022-02-12 03:00:00,32.2,32.3,31.2,31.3,11093.325
2022-02-12 03:30:00,31.2,31.3,30.9,31.0,3367.251
2022-02-12 04:00:00,31.0,31.4,30.8,31.0,5075.044
2022-02-12 04:30:00,31.1,31.2,30.8,30.9,4664.624
2022-02-12 05:00:00,30.9,31.0,30.8,30.9,2710.674
2022-02-12 05:30:00,30.9,31.2,30.8,31.0,2941.388
2022-02-12 06:00:00,30.9,32.0,30.9,31.6,9373.032
2022-02-12 06:30:00,31.6,32.6,31.6,32.6,11171.55
2022-02-12 07:00:00,32.6,33.2,31.6,31.9,23141.587
2022-02-12 07:30:00,32.0,32.0,31.2,31.3,7836.006
2022-02-12 08:00:00,31.2,32.0,31.2,31.7,5666.703
2022-02-12 08:30:00,31.7,31.9,31.5,31.8,2304.164
2022-02-12 09:00:00,31.8,31.8,31.4,31.6,3298.905
2022-02-12 09:30:00,31.6,31.7,31.5,31.7,2274.074
2022-02-12 10:00:00,31.7,31.8,31.6,31.8,1446.346
2022-02-12 10:30:00,31.8,32.0,31.8,32.0,5073.452
2022-02-12 11:00:00,31.9,32.0,31.8,31.9,2072.353
2022-02-12 11:30:00,31.9,32.0,31.8,32.0,1465.158
2022-02-12 12:00:00,32.0,32.0,31.8,31.8,1139.665
2022-02-12 12:30:00,31.8,31.9,31.5,31.6,1908.308
2022-02-12 13:00:00,31.6,32.0,31.5,31.9,4159.808
2022-02-12 13:30:00,31.9,32.7,31.8,32.4,16939.933
2022-02-12 14:00:00,32.3,33.6,31.9,32.3,24313.986
2022-02-12 14:30:00,32.2,32.3,31.4,31.5,12308.695
2022-02-12 15:00:00,31.4,31.5,30.0,30.2,33739.07
2022-02-12 15:30:00,30.2,30.4,29.6,30.4,11587.118
2022-02-12 16:00:00,30.4,30.5,30.2,30.3,5694.052
2022-02-12 16:30:00,30.4,30.5,29.7,30.3,20875.586
2022-02-12 17:00:00,30.4,30.6,30.3,30.6,3622.432
2022-02-12 17:30:00,30.6,30.7,30.4,30.6,3415.409
2022-02-12 18:00:00,30.7,31.1,30.6,30.8,6098.018
2022-02-12 18:30:00,30.8,30.9,30.7,30.7,1751.951
2022-02-12 19:00:00,30.7,30.7,30.4,30.5,5205.886
2022-02-12 19:30:00,30.6,30.6,30.4,30.4,1960.544
2022-02-12 20:00:00,30.5,30.5,30.3,30.4,1554.875
2022-02-12 20:30:00,30.4,30.8,30.4,30.8,6935.547
2022-02-12 21:00:00,30.8,30.9,30.5,30.5,4165.028
2022-02-12 21:30:00,30.5,30.6,29.8,30.0,7928.148
2022-02-12 22:00:00,29.8,30.4,29.8,30.2,2929.076
2022-02-12 22:30:00,30.2,30.3,30.1,30.3,477.831
2022-02-12 23:00:00,30.3,30.5,30.2,30.4,2507.971
2022-02-12 23:30:00,30.4,30.5,29.9,30.1,2487.76
2022-02-13 00:00:00,30.1,30.1,30.0,30.1,527.537
2022-02-13 00:30:00,30.0,30.8,30.0,30.8,6824.979
2022-02-13 01:00:00,30.8,31.4,30.8,31.2,5643.877
2022-02-13 01:30:00,31.1,31.3,31.1,31.2,2008.745
2022-02-13 02:00:00,31.2,31.6,31.2,31.4,756.63
2022-02-13 02:30:00,31.4,31.9,31.4,31.8,2922.824
2022-02-13 03:00:00,31.8,31.9,31.6,31.7,2155.746
2022-02-13 03:30:00,31.7,31.7,31.6,31.7,2189.716
2022-02-13 04:00:00,31.6,32.7,31.4,32.4,9036.624
2022-02-13 04:30:00,32.3,32.7,31.9,32.1,8420.417
2022-02-13 05:00:00,32.1,32.1,31.7,31.7,3185.762
2022-02-13 05:30:00,31.7,31.7,31.2,31.4,4244.01
2022-02-13 06:00:00,31.4,31.5,31.2,31.4,2922.642
2022-02-13 06:30:00,31.3,32.1,31.3,32.0,5733.926
2022-02-13 07:00:00,31.9,32.7,31.9,32.2,5939.637
2022-02-13 07:30:00,32.2,32.5,32.0,32.1,4329.748
2022-02-13 08:00:00,32.2,32.9,32.2,32.4,11159.312
2022-02-13 08:30:00,32.4,32.6,32.0,32.4,3361.0
2022-02-13 09:00:00,32.4,32.5,31.8,31.8,3493.381
2022-02-13 09:30:00,31.8,31.9,31.8,31.9,1328.345
2022-02-13 10:00:00,31.8,32.0,31.6,31.6,1915.335
2022-02-13 10:30:00,31.7,31.8,31.5,31.7,3251.601
2022-02-13 11:00:00,31.6,31.7,31.4,31.7,1428.54
2022-02-13 11:30:00,31.7,31.8,31.6,31.7,573.706
2022-02-13 12:00:00,31.7,31.8,31.7,31.7,502.215
2022-02-13 12:30:00,31.7,31.7,31.5,31.5,1718.952
2022-02-13 13:00:00,31.5,31.7,31.5,31.5,788.227
2022-02-13 13:30:00,31.5,31.6,31.3,31.4,3152.845
2022-02-13 14:00:00,31.4,31.6,31.2,31.4,3287.701
2022-02-13 14:30:00,31.4,31.5,30.9,31.1,4693.822
2022-02-13 15:00:00,31.1,31.3,31.0,31.2,2332.974
2022-02-13 15:30:00,31.2,32.1,31.2,31.6,4465.351
2022-02-13 16:00:00,31.6,31.7,31.2,31.3,2530.326
2022-02-13 16:30:00,31.3,31.3,31.1,31.1,2303.839
2022-02-13 17:00:00,31.1,31.1,30.8,30.9,3893.927
2022-02-13 17:30:00,30.9,31.2,30.8,30.9,2532.186
2022-02-13 18:00:00,31.0,31.0,30.6,30.6,3823.843
2022-02-13 18:30:00,30.6,30.9,30.0,30.4,6542.917
2022-02-13 19:00:00,30.3,30.4,30.1,30.2,2554.456
2022-02-13 19:30:00,30.2,30.3,29.8,30.1,4615.575
2022-02-13 20:00:00,30.1,30.4,29.9,30.3,2183.989
2022-02-13 20:30:00,30.4,30.5,30.3,30.3,1322.618
2022-02-13 21:00:00,30.3,30.5,30.1,30.1,1315.612
2022-02-13 21:30:00,30.1,30.2,30.1,30.2,678.773
2022-02-13 22:00:00,30.1,30.9,30.1,30.5,2740.245
2022-02-13 22:30:00,30.6,30.7,30.3,30.5,557.378
2022-02-13 23:00:00,30.5,30.6,30.4,30.5,531.199
2022-02-13 23:30:00,30.4,30.6,30.2,30.2,1685.359
2022-02-14 00:00:00,30.2,30.5,30.1,30.1,1768.17
2022-02-14 00:30:00,30.1,30.2,29.9,29.9,2883.203
2022-02-14 01:00:00,29.9,30.0,29.6,29.7,2052.935
2022-02-14 01:30:00,29.7,29.8,29.2,29.2,4441.425
2022-02-14 02:00:00,29.2,29.4,29.1,29.3,2883.172
2022-02-14 02:30:00,29.3,29.4,29.2,29.2,356.096
2022-02-14 03:00:00,29.1,29.3,29.1,29.2,954.026
2022-02-14 03:30:00,29.2,29.4,28.8,29.2,6882.523
2022-02-14 04:00:00,29.2,29.3,29.1,29.2,1189.313
2022-02-14 04:30:00,29.2,29.2,29.0,29.1,998.197
2022-02-14 05:00:00,29.1,29.1,28.6,28.6,5444.919
2022-02-14 05:30:00,28.6,28.7,28.3,28.3,2615.979
2022-02-14 06:00:00,28.2,28.5,28.2,28.5,2024.888
2022-02-14 06:30:00,28.4,28.5,28.2,28.5,2684.919
2022-02-14 07:00:00,28.5,28.5,28.3,28.4,2344.281
2022-02-14 07:30:00,28.4,28.7,28.4,28.6,4316.18
2022-02-14 08:00:00,28.6,28.9,28.6,28.7,5619.814
2022-02-14 08:30:00,28.7,28.7,28.5,28.6,2081.352
2022-02-14 09:00:00,28.5,28.6,28.4,28.5,2636.225
2022-02-14 09:30:00,28.5,28.7,28.5,28.6,544.249
2022-02-14 10:00:00,28.5,28.7,28.5,28.7,1360.543
2022-02-14 10:30:00,28.6,28.8,28.6,28.7,1356.964
2022-02-14 11:00:00,28.6,28.8,28.6,28.7,630.978
2022-02-14 11:30:00,28.7,28.7,28.6,28.7,473.548
2022-02-14 12:00:00,28.6,28.6,28.3,28.6,3430.284
2022-02-14 12:30:00,28.6,29.0,28.5,29.0,3016.981
2022-02-14 13:00:00,29.0,29.9,29.0,29.7,7880.778
2022-02-14 13:30:00,29.7,29.7,29.2,29.6,2890.226
2022-02-14 14:00:00,29.6,29.7,29.3,29.5,2551.407
2022-02-14 14:30:00,29.6,30.0,29.5,29.7,3504.67
2022-02-14 15:00:00,29.8,29.8,29.4,29.6,2812.037
2022-02-14 15:30:00,29.6,29.8,29.4,29.7,3314.135
2022-02-14 16:00:00,29.7,30.0,29.7,29.8,1022.325
2022-02-14 16:30:00,29.7,30.2,29.7,29.9,3074.235
2022-02-14 17:00:00,29.9,30.2,29.8,30.1,1674.48
2022-02-14 17:30:00,30.1,30.1,29.9,30.0,900.106
2022-02-14 18:00:00,29.9,30.0,29.8,30.0,857.661
2022-02-14 18:30:00,29.9,29.9,29.8,29.8,609.853
2022-02-14 19:00:00,29.8,29.9,29.5,29.6,2459.7
2022-02-14 19:30:00,29.6,29.7,29.1,29.3,3308.756
2022-02-14 20:00:00,29.4,29.4,29.2,29.3,569.581
2022-02-14 20:30:00,29.4,29.4,29.2,29.2,2058.426
2022-02-14 21:00:00,29.2,29.2,29.1,29.2,327.452
2022-02-14 21:30:00,29.2,29.2,29.0,29.0,820.269
2022-02-14 22:00:00,29.0,29.5,29.0,29.4,1477.122
2022-02-14 22:30:00,29.4,29.5,29.3,29.5,376.483
2022-02-14 23:00:00,29.5,29.8,29.5,29.5,1210.723
2022-02-14 23:30:00,29.5,29.6,29.5,29.5,84.259
2022-02-15 00:00:00,29.6,29.6,29.5,29.5,315.273
2022-02-15 00:30:00,29.5,30.1,29.4,29.9,2775.563
2022-02-15 01:00:00,29.9,29.9,29.3,29.7,2600.942
2022-02-15 01:30:00,29.6,30.8,29.6,30.3,8734.087
2022-02-15 02:00:00,30.3,30.6,30.1,30.5,2756.106
2022-02-15 02:30:00,30.6,30.9,30.5,30.8,2452.998
2022-02-15 03:00:00,30.8,32.0,30.6,31.8,7957.574
2022-02-15 03:30:00,31.8,31.9,31.1,31.3,6395.388
2022-02-15 04:00:00,31.2,31.5,31.2,31.4,2112.47
2022-02-15 04:30:00,31.4,31.5,31.3,31.4,1835.559
2022-02-15 05:00:00,31.4,31.7,31.4,31.6,2396.039
2022-02-15 05:30:00,31.6,31.6,31.3,31.4,1244.997
2022-02-15 06:00:00,31.3,31.4,31.1,31.1,2785.915
2022-02-15 06:30:00,31.2,31.3,30.9,31.2,1751.093
2022-02-15 07:00:00,31.2,31.2,31.0,31.1,1400.039
2022-02-15 07:30:00,31.2,31.3,31.1,31.2,2286.832
2022-02-15 08:00:00,31.2,31.5,31.2,31.5,1340.74
2022-02-15 08:30:00,31.5,31.7,31.3,31.5,2572.82
2022-02-15 09:00:00,31.5,31.6,30.9,31.3,5998.293
2022-02-15 09:30:00,31.2,31.4,31.1,31.4,2286.23
2022-02-15 10:00:00,31.4,31.4,31.3,31.3,765.437
2022-02-15 10:30:00,31.4,31.8,31.3,31.5,5687.311
2022-02-15 11:00:00,31.5,31.6,31.5,31.5,1630.653
2022-02-15 11:30:00,31.5,31.5,31.1,31.2,2446.95
2022-02-15 12:00:00,31.3,31.7,31.2,31.4,3985.371
2022-02-15 12:30:00,31.3,31.4,31.2,31.2,1503.713
2022-02-15 13:00:00,31.2,31.4,30.7,30.8,9659.329
2022-02-15 13:30:00,30.8,31.0,30.4,30.4,11135.708
2022-02-15 14:00:00,30.4,31.3,30.4,31.3,10386.143
2022-02-15 14:30:00,31.3,31.3,30.9,31.1,4356.488
2022-02-15 15:00:00,31.2,32.2,30.8,31.0,8867.208
2022-02-15 15:30:00,31.0,31.1,30.9,31.0,1829.743
2022-02-15 16:00:00,31.1,31.1,30.8,30.8,1498.1
2022-02-15 16:30:00,30.9,30.9,30.8,30.9,543.877
2022-02-15 17:00:00,30.9,30.9,30.7,30.8,1131.284
2022-02-15 17:30:00,30.8,30.8,30.5,30.6,2880.351
2022-02-15 18:00:00,30.7,30.7,30.5,30.6,1342.176
2022-02-15 18:30:00,30.6,30.7,30.6,30.6,851.181
2022-02-15 19:00:00,30.7,30.7,30.6,30.7,847.588
2022-02-15 19:30:00,30.7,30.7,30.6,30.6,295.043
2022-02-15 20:00:00,30.6,30.7,30.6,30.6,814.126
2022-02-15 20:30:00,30.6,30.9,30.6,30.8,681.146
2022-02-15 21:00:00,30.8,30.9,30.7,30.7,741.031
2022-02-15 21:30:00,30.7,30.7,30.6,30.6,319.107
2022-02-15 22:00:00,30.6,31.1,30.6,30.7,1307.283
2022-02-15 22:30:00,30.7,31.2,30.7,31.1,2051.657
2022-02-15 23:00:00,31.0,31.2,30.3,30.8,4670.067
2022-02-15 23:30:00,30.9,31.2,30.8,30.9,2012.888
2022-02-16 00:00:00,30.9,31.0,30.8,30.8,1962.662
2022-02-16 00:30:00,30.8,31.0,30.7,30.8,2184.998
2022-02-16 01:00:00,30.8,30.9,30.3,30.8,4521.043
2022-02-16 01:30:00,30.8,30.8,30.5,30.6,1573.857
2022-02-16 02:00:00,30.5,30.6,30.3,30.4,2396.997
2022-02-16 02:30:00,30.4,30.4,30.2,30.4,2786.442
2022-02-16 03:00:00,30.4,30.6,30.1,30.2,4075.69
2022-02-16 03:30:00,30.2,30.2,30.1,30.2,866.882
2022-02-16 04:00:00,30.1,30.3,29.9,30.0,4114.315
2022-02-16 04:30:00,29.9,30.0,29.6,29.9,3997.336
2022-02-16 05:00:00,29.8,30.0,29.8,29.9,1242.594
2022-02-16 05:30:00,29.9,30.0,29.8,30.0,1680.165
2022-02-16 06:00:00,30.0,30.1,29.9,30.0,929.703
2022-02-16 06:30:00,30.1,30.1,30.0,30.0,1055.773
2022-02-16 07:00:00,30.0,30.0,29.7,29.8,2308.185
2022-02-16 07:30:00,29.8,29.9,29.7,29.8,1436.484
2022-02-16 08:00:00,29.9,30.0,29.8,30.0,2533.545
2022-02-16 08:30:00,30.0,30.0,29.8,29.8,1203.648
2022-02-16 09:00:00,29.8,30.0,29.7,29.9,2694.773
2022-02-16 09:30:00,29.8,30.0,29.7,29.7,1801.774
2022-02-16 10:00:00,29.8,29.8,29.6,29.6,1784.393
2022-02-16 10:30:00,29.6,29.7,29.3,29.7,2967.982
2022-02-16 11:00:00,29.7,29.7,29.5,29.7,1152.138
2022-02-16 11:30:00,29.7,29.7,29.6,29.7,981.627
2022-02-16 12:00:00,29.7,30.0,29.4,29.9,5407.367
2022-02-16 12:30:00,29.9,29.9,29.5,29.6,1793.451
2022-02-16 13:00:00,29.6,29.7,29.4,29.5,1201.808
2022-02-16 13:30:00,29.4,29.5,28.8,28.9,9925.917
2022-02-16 14:00:00,29.0,29.0,28.9,29.0,3200.784
2022-02-16 14:30:00,29.0,29.0,28.7,28.9,1768.522
2022-02-16 15:00:00,28.9,29.1,28.8,28.9,3252.217
2022-02-16 15:30:00,29.0,29.0,28.9,28.9,1356.926
2022-02-16 16:00:00,29.0,29.0,28.8,28.8,957.553
2022-02-16 16:30:00,28.8,28.9,28.8,28.9,1000.61
2022-02-16 17:00:00,28.9,28.9,28.7,28.8,1814.99
2022-02-16 17:30:00,28.7,28.8,28.7,28.8,1564.146
2022-02-16 18:00:00,28.8,28.8,28.7,28.8,711.067
2022-02-16 18:30:00,28.8,29.0,28.7,28.9,2745.767
2022-02-16 19:00:00,28.9,29.4,28.9,29.4,4053.099
2022-02-16 19:30:00,29.4,29.5,29.4,29.4,2080.892
2022-02-16 20:00:00,29.5,29.7,29.4,29.5,2385.387
2022-02-16 20:30:00,29.5,29.6,29.3,29.3,1456.701
2022-02-16 21:00:00,29.4,29.5,29.3,29.5,626.303
2022-02-16 21:30:00,29.4,29.5,29.0,29.3,1909.749
2022-02-16 22:00:00,29.3,29.4,29.2,29.3,737.377
2022-02-16 22:30:00,29.3,29.5,29.1,29.3,1103.081
2022-02-16 23:00:00,29.3,29.5,29.2,29.4,363.424
2022-02-16 23:30:00,29.3,29.4,29.0,29.2,1039.059
2022-02-17 00:00:00,29.1,29.4,29.1,29.3,1535.417
2022-02-17 00:30:00,29.4,29.5,29.2,29.2,587.173
2022-02-17 01:00:00,29.2,29.5,29.1,29.4,1541.482
2022-02-17 01:30:00,29.4,29.5,29.3,29.3,565.427
2022-02-17 02:00:00,29.3,29.6,29.3,29.5,1541.88
2022-02-17 02:30:00,29.5,29.6,29.4,29.5,1584.144
2022-02-17 03:00:00,29.5,29.5,29.4,29.5,484.892
2022-02-17 03:30:00,29.5,29.5,29.3,29.3,1191.437
2022-02-17 04:00:00,29.2,29.3,28.9,28.9,5702.896
2022-02-17 04:30:00,28.9,29.2,28.9,29.2,1620.266
2022-02-17 05:00:00,29.1,29.2,29.1,29.2,556.108
2022-02-17 05:30:00,29.3,29.3,29.2,29.3,1023.737
2022-02-17 06:00:00,29.3,29.5,29.3,29.4,1293.204
2022-02-17 06:30:00,29.3,29.7,29.3,29.6,2325.815
2022-02-17 07:00:00,29.6,29.6,29.4,29.6,403.812
2022-02-17 07:30:00,29.5,29.8,29.4,29.7,1286.641
2022-02-17 08:00:00,29.6,29.8,29.6,29.8,1306.894
2022-02-17 08:30:00,29.7,32.9,29.5,32.1,40234.401
2022-02-17 09:00:00,32.1,33.8,31.6,33.5,55627.092
2022-02-17 09:30:00,33.5,33.6,31.9,32.0,16765.345
2022-02-17 10:00:00,32.0,32.3,31.6,31.7,9995.67
2022-02-17 10:30:00,31.8,31.8,30.7,30.8,19668.554
2022-02-17 11:00:00,30.9,31.4,30.8,31.4,9522.391
2022-02-17 11:30:00,31.4,31.8,31.2,31.7,5869.371
2022-02-17 12:00:00,31.8,32.6,31.7,32.0,13931.401
2022-02-17 12:30:00,32.1,33.3,31.6,32.1,19881.01
2022-02-17 13:00:00,32.1,32.7,31.5,31.7,12567.127
2022-02-17 13:30:00,31.7,32.2,31.5,32.1,8807.451
2022-02-17 14:00:00,32.0,32.3,31.7,31.9,9975.504
2022-02-17 14:30:00,31.9,31.9,30.8,30.9,11361.241
2022-02-17 15:00:00,31.0,31.6,30.8,31.2,6255.748
2022-02-17 15:30:00,31.1,31.2,30.9,31.0,3826.083
2022-02-17 16:00:00,31.1,31.7,31.0,31.4,5851.271
2022-02-17 16:30:00,31.4,32.8,31.4,31.8,12146.224
2022-02-17 17:00:00,31.7,31.7,31.2,31.5,4889.287
2022-02-17 17:30:00,31.4,31.6,30.7,31.1,6256.442
2022-02-17 18:00:00,31.1,31.1,29.5,29.9,22330.259
2022-02-17 18:30:00,29.9,30.8,29.9,30.7,10283.701
2022-02-17 19:00:00,30.7,31.0,30.3,30.6,5266.032
2022-02-17 19:30:00,30.6,30.7,30.2,30.3,3271.302
2022-02-17 20:00:00,30.4,30.4,30.3,30.3,1157.788
2022-02-17 20:30:00,30.4,30.4,30.0,30.0,2187.717
2022-02-17 21:00:00,30.0,30.2,29.6,29.6,3824.07
2022-02-17 21:30:00,29.7,30.3,29.6,30.2,2881.054
2022-02-17 22:00:00,30.2,30.2,29.6,29.6,1686.735
2022-02-17 22:30:00,29.8,30.0,29.7,30.0,808.904
2022-02-17 23:00:00,29.8,30.5,29.8,30.4,2634.003
2022-02-17 23:30:00,30.5,30.5,29.9,30.5,4532.045
2022-02-18 00:00:00,30.5,30.5,29.8,30.0,4053.41
2022-02-18 00:30:00,30.0,30.1,29.9,30.1,846.45
2022-02-18 01:00:00,30.1,30.1,29.9,30.0,1449.972
2022-02-18 01:30:00,30.0,30.4,30.0,30.4,2495.087
2022-02-18 02:00:00,30.4,30.4,30.1,30.2,1753.133
2022-02-18 02:30:00,30.2,30.3,29.9,30.1,4341.632
2022-02-18 03:00:00,30.0,30.1,29.9,30.0,856.218
2022-02-18 03:30:00,30.1,30.1,29.5,29.6,7101.747
2022-02-18 04:00:00,29.5,29.8,29.5,29.6,4090.909
2022-02-18 04:30:00,29.6,30.0,29.6,29.8,3646.774
2022-02-18 05:00:00,29.7,29.7,29.2,29.2,4709.506
2022-02-18 05:30:00,29.3,29.4,29.0,29.0,5064.722
2022-02-18 06:00:00,29.0,29.5,29.0,29.5,6901.933
2022-02-18 06:30:00,29.5,29.6,29.4,29.6,1670.696
2022-02-18 07:00:00,29.6,29.7,29.4,29.4,2808.476
2022-02-18 07:30:00,29.5,29.5,29.0,29.2,5461.292
2022-02-18 08:00:00,29.3,29.5,29.2,29.4,2175.99
2022-02-18 08:30:00,29.4,29.7,29.3,29.6,3924.849
2022-02-18 09:00:00,29.6,29.8,29.5,29.6,4853.509
2022-02-18 09:30:00,29.6,29.8,29.5,29.7,1979.548
2022-02-18 10:00:00,29.7,29.7,29.4,29.6,1780.783
2022-02-18 10:30:00,29.6,29.6,29.2,29.5,3395.253
2022-02-18 11:00:00,29.5,29.5,29.1,29.1,3754.526
2022-02-18 11:30:00,29.1,29.1,28.2,28.4,12544.465
2022-02-18 12:00:00,28.3,28.6,28.2,28.6,4317.64
2022-02-18 12:30:00,28.6,28.6,28.4,28.6,1565.083
2022-02-18 13:00:00,28.5,28.7,28.4,28.5,4443.81
2022-02-18 13:30:00,28.5,28.5,28.3,28.3,881.875
2022-02-18 14:00:00,28.3,28.5,28.3,28.3,1658.576
2022-02-18 14:30:00,28.4,28.4,26.2,27.2,36791.511
2022-02-18 15:00:00,27.2,27.6,27.1,27.1,7833.379
2022-02-18 15:30:00,27.1,27.2,26.4,26.5,13867.311
2022-02-18 16:00:00,26.6,27.2,26.4,26.9,15422.118
2022-02-18 16:30:00,26.9,27.0,26.5,26.6,5240.984
2022-02-18 17:00:00,26.5,26.8,26.4,26.8,2400.978
2022-02-18 17:30:00,26.7,26.8,26.6,26.7,1691.398
2022-02-18 18:00:00,26.7,26.7,26.1,26.5,4876.552
2022-02-18 18:30:00,26.5,26.8,26.4,26.6,2019.058
2022-02-18 19:00:00,26.6,26.8,26.6,26.8,1831.265
2022-02-18 19:30:00,26.8,26.9,26.7,26.8,3273.677
2022-02-18 20:00:00,26.8,27.0,26.7,26.7,2245.017
2022-02-18 20:30:00,26.8,26.8,26.5,26.5,1143.179
2022-02-18 21:00:00,26.6,26.7,26.5,26.7,1042.922
2022-02-18 21:30:00,26.7,26.8,26.6,26.7,737.484
2022-02-18 22:00:00,26.7,26.8,26.4,26.4,1866.961
2022-02-18 22:30:00,26.4,26.6,26.4,26.4,464.457
2022-02-18 23:00:00,26.4,26.7,26.4,26.5,687.373
2022-02-18 23:30:00,26.7,26.7,26.5,26.6,879.737
2022-02-19 00:00:00,26.5,26.7,26.5,26.7,1723.069
2022-02-19 00:30:00,26.6,26.7,26.6,26.7,678.591
2022-02-19 01:00:00,26.6,26.8,26.6,26.8,3177.89
2022-02-19 01:30:00,26.8,26.9,26.6,26.9,2944.553
2022-02-19 02:00:00,26.8,27.0,26.7,26.7,1972.308
2022-02-19 02:30:00,26.8,27.1,26.7,27.0,2886.851
2022-02-19 03:00:00,27.0,27.0,26.9,26.9,578.521
2022-02-19 03:30:00,26.9,27.0,26.9,27.0,752.126
2022-02-19 04:00:00,27.0,27.0,26.0,26.1,18822.669
2022-02-19 04:30:00,26.1,26.1,25.5,26.0,14614.459
2022-02-19 05:00:00,26.1,26.2,26.0,26.1,2352.807
2022-02-19 05:30:00,26.1,26.1,25.9,26.1,1281.21
2022-02-19 06:00:00,26.1,26.1,25.9,25.9,1778.514
2022-02-19 06:30:00,25.9,26.1,25.9,26.1,1832.429
2022-02-19 07:00:00,26.1,26.1,26.0,26.0,1297.95
2022-02-19 07:30:00,26.1,26.2,26.0,26.1,4393.616
2022-02-19 08:00:00,26.2,26.2,26.1,26.1,1527.817
2022-02-19 08:30:00,26.2,26.2,25.4,25.5,11944.687
2022-02-19 09:00:00,25.4,25.4,24.8,25.2,23087.388
2022-02-19 09:30:00,25.3,25.3,25.0,25.2,2579.907
2022-02-19 10:00:00,25.2,25.2,25.1,25.2,3943.019
2022-02-19 10:30:00,25.1,25.2,24.8,24.9,3957.442
2022-02-19 11:00:00,25.0,25.0,24.7,24.8,3026.547
2022-02-19 11:30:00,24.8,24.8,24.2,24.3,5545.0
2022-02-19 12:00:00,24.3,24.5,24.2,24.4,5389.983
2022-02-19 12:30:00,24.3,24.4,24.3,24.4,750.84
2022-02-19 13:00:00,24.4,24.6,24.1,24.4,9542.931
2022-02-19 13:30:00,24.4,24.9,24.4,24.9,3549.003
2022-02-19 14:00:00,24.8,24.9,24.7,24.8,2183.548
2022-02-19 14:30:00,24.8,25.2,24.7,25.1,5599.233
2022-02-19 15:00:00,25.1,25.3,24.4,24.8,12199.662
2022-02-19 15:30:00,24.8,25.1,24.7,25.1,2934.312
2022-02-19 16:00:00,25.0,25.4,25.0,25.4,3998.822
2022-02-19 16:30:00,25.4,25.5,25.1,25.1,2576.534
2022-02-19 17:00:00,25.1,25.2,25.0,25.1,1746.791
2022-02-19 17:30:00,25.1,25.1,25.0,25.1,548.777
2022-02-19 18:00:00,25.1,25.1,25.0,25.1,1397.263
2022-02-19 18:30:00,25.0,25.1,24.7,24.8,3808.235
2022-02-19 19:00:00,24.8,24.8,24.6,24.6,1056.556
2022-02-19 19:30:00,24.6,24.7,24.6,24.6,1032.109
2022-02-19 20:00:00,24.6,24.7,24.4,24.5,3719.376
2022-02-19 20:30:00,24.5,24.5,24.4,24.4,597.313
2022-02-19 21:00:00,24.5,24.5,24.3,24.3,1060.373
2022-02-19 21:30:00,24.3,24.4,24.3,24.3,1198.243
2022-02-19 22:00:00,24.4,24.5,24.4,24.5,799.293
2022-02-19 22:30:00,24.5,24.7,24.4,24.6,981.459
2022-02-19 23:00:00,24.6,24.7,24.5,24.5,249.328
2022-02-19 23:30:00,24.5,24.6,24.4,24.6,503.107
2022-02-20 00:00:00,24.6,24.7,24.5,24.5,1324.484
2022-02-20 00:30:00,24.5,24.6,24.4,24.5,435.537
2022-02-20 01:00:00,24.5,24.5,24.3,24.4,723.524
2022-02-20 01:30:00,24.4,24.8,24.3,24.7,3110.963
2022-02-20 02:00:00,24.6,24.6,24.5,24.5,435.98
2022-02-20 02:30:00,24.5,24.6,24.4,24.5,1344.553
2022-02-20 03:00:00,24.5,24.6,24.2,24.2,1840.833
2022-02-20 03:30:00,24.2,24.4,24.2,24.3,625.138
2022-02-20 04:00:00,24.3,24.4,24.3,24.3,267.894
2022-02-20 04:30:00,24.2,24.2,23.6,23.6,13595.645
2022-02-20 05:00:00,23.6,23.7,23.5,23.5,1794.689
2022-02-20 05:30:00,23.5,23.6,23.1,23.2,4525.026
2022-02-20 06:00:00,23.2,23.3,22.6,22.8,7593.341
2022-02-20 06:30:00,22.8,22.8,22.6,22.7,2573.714
2022-02-20 07:00:00,22.7,22.7,22.5,22.7,3613.885
2022-02-20 07:30:00,22.7,22.7,22.5,22.6,1890.394
2022-02-20 08:00:00,22.6,22.6,21.9,21.9,6865.827
2022-02-20 08:30:00,21.9,22.0,21.8,21.9,3695.96
2022-02-20 09:00:00,21.9,22.4,21.8,22.2,6370.408
2022-02-20 09:30:00,22.3,22.3,22.1,22.3,2284.151
2022-02-20 10:00:00,22.3,22.4,22.2,22.3,1339.132
2022-02-20 10:30:00,22.3,22.4,22.1,22.2,3021.104
2022-02-20 11:00:00,22.1,22.3,22.1,22.2,1339.062
2022-02-20 11:30:00,22.2,22.4,22.2,22.4,1238.322
2022-02-20 12:00:00,22.3,23.0,22.3,22.5,6865.926
2022-02-20 12:30:00,22.5,22.6,22.4,22.5,2376.916
2022-02-20 13:00:00,22.5,22.5,22.1,22.3,3426.705
2022-02-20 13:30:00,22.2,22.7,22.2,22.4,7561.787
2022-02-20 14:00:00,22.4,22.6,22.1,22.2,6126.434
2022-02-20 14:30:00,22.2,22.4,22.2,22.4,1163.428
2022-02-20 15:00:00,22.4,22.8,22.3,22.8,3629.709
2022-02-20 15:30:00,22.8,23.7,22.7,23.6,13899.749
2022-02-20 16:00:00,23.6,26.8,23.6,24.7,74560.682
2022-02-20 16:30:00,24.7,25.6,24.0,24.9,38241.216
2022-02-20 17:00:00,24.9,25.0,23.9,24.0,9677.165
2022-02-20 17:30:00,24.1,24.1,24.0,24.1,2015.69
2022-02-20 18:00:00,24.1,24.2,23.6,24.0,4604.479
2022-02-20 18:30:00,24.0,24.1,23.8,24.0,1009.831
2022-02-20 19:00:00,24.0,24.1,23.9,24.1,990.919
2022-02-20 19:30:00,24.1,24.1,24.0,24.0,204.703
2022-02-20 20:00:00,24.1,24.2,24.0,24.1,1329.379
2022-02-20 20:30:00,24.2,24.3,24.1,24.3,1844.129
2022-02-20 21:00:00,24.3,24.5,24.2,24.4,2277.44
2022-02-20 21:30:00,24.4,25.8,24.3,25.0,30598.076
2022-02-20 22:00:00,25.1,25.2,24.4,24.5,7928.292
2022-02-20 22:30:00,24.5,25.7,24.5,25.2,8549.238
2022-02-20 23:00:00,25.3,26.0,25.1,25.4,14004.744
2022-02-20 23:30:00,25.5,25.9,25.3,25.3,3806.477
2022-02-21 00:00:00,25.3,25.9,24.9,25.0,6884.912
2022-02-21 00:30:00,25.1,25.3,24.8,25.1,5687.423
2022-02-21 01:00:00,25.1,25.3,25.0,25.2,4634.636
2022-02-21 01:30:00,25.2,25.4,25.2,25.3,1992.389
2022-02-21 02:00:00,25.2,25.3,25.1,25.1,1204.256
2022-02-21 02:30:00,25.2,25.3,25.0,25.3,3291.67
2022-02-21 03:00:00,25.2,25.3,25.0,25.1,1063.124
2022-02-21 03:30:00,25.1,25.1,24.6,24.7,6527.874
2022-02-21 04:00:00,24.8,24.9,24.7,24.9,1545.361
2022-02-21 04:30:00,24.9,25.0,24.8,25.0,3098.197
2022-02-21 05:00:00,24.9,25.1,24.8,25.0,3378.863
2022-02-21 05:30:00,25.0,25.5,25.0,25.5,5310.186
2022-02-21 06:00:00,25.5,25.9,25.4,25.9,8533.804
2022-02-21 06:30:00,25.8,26.5,25.8,25.8,10701.436
2022-02-21 07:00:00,25.8,27.0,25.6,26.8,15821.8
2022-02-21 07:30:00,26.8,26.8,26.2,26.4,6734.288
2022-02-21 08:00:00,26.3,26.5,26.0,26.0,5846.518
2022-02-21 08:30:00,26.0,26.1,25.7,25.9,5324.037
2022-02-21 09:00:00,25.9,27.8,25.8,27.3,33056.692
2022-02-21 09:30:00,27.4,27.4,26.2,26.4,18161.162
2022-02-21 10:00:00,26.3,27.4,26.3,26.9,25744.544
2022-02-21 10:30:00,26.9,27.1,25.8,25.9,25128.511
2022-02-21 11:00:00,25.9,26.1,25.4,25.5,14068.689
2022-02-21 11:30:00,25.5,25.6,24.4,24.6,17932.142
2022-02-21 12:00:00,24.7,24.7,24.2,24.2,10618.872
2022-02-21 12:30:00,24.2,24.6,24.0,24.1,7444.466
2022-02-21 13:00:00,24.1,24.3,23.5,23.6,10622.946
2022-02-21 13:30:00,23.5,23.9,23.5,23.9,7218.791
2022-02-21 14:00:00,23.9,25.1,23.8,25.1,16061.853
2022-02-21 14:30:00,25.1,25.4,24.9,25.2,8186.045
2022-02-21 15:00:00,25.3,26.5,25.2,25.2,11397.662
2022-02-21 15:30:00,25.2,25.5,24.8,24.9,9528.437
2022-02-21 16:00:00,25.0,25.4,24.9,25.0,6672.466
2022-02-21 16:30:00,25.0,25.1,24.9,24.9,1651.18
2022-02-21 17:00:00,24.9,25.1,24.9,25.1,1783.964
2022-02-21 17:30:00,25.0,25.1,24.9,24.9,3163.517
2022-02-21 18:00:00,24.8,24.9,23.9,24.1,9001.726
2022-02-21 18:30:00,24.1,24.6,23.9,24.1,5951.254
2022-02-21 19:00:00,24.1,24.3,24.0,24.2,2818.647
2022-02-21 19:30:00,24.3,24.6,24.1,24.5,4752.454
2022-02-21 20:00:00,24.5,24.5,24.2,24.2,1473.865
2022-02-21 20:30:00,24.2,24.5,24.2,24.4,1503.028
2022-02-21 21:00:00,24.4,24.5,24.1,24.3,2144.584
2022-02-21 21:30:00,24.1,24.3,23.5,23.6,4160.806
2022-02-21 22:00:00,23.5,24.0,23.2,23.6,5482.229
2022-02-21 22:30:00,23.6,23.9,23.6,23.7,1427.075
2022-02-21 23:00:00,23.6,23.7,23.1,23.3,3812.221
2022-02-21 23:30:00,23.3,23.5,23.1,23.1,2553.221
2022-02-22 00:00:00,23.1,23.1,22.8,23.0,2772.786
2022-02-22 00:30:00,23.0,23.4,23.0,23.3,2836.492
2022-02-22 01:00:00,23.3,23.3,22.8,22.8,2477.179
2022-02-22 01:30:00,22.8,23.2,22.8,23.0,1626.726
2022-02-22 02:00:00,22.9,23.1,22.9,23.0,951.499
2022-02-22 02:30:00,22.9,23.0,22.7,22.8,1559.963
2022-02-22 03:00:00,22.7,22.8,22.3,22.4,6939.219
2022-02-22 03:30:00,22.5,22.5,22.1,22.2,2663.774
2022-02-22 04:00:00,22.2,22.4,21.9,22.0,7070.195
2022-02-22 04:30:00,22.0,22.5,21.8,21.9,8721.862
2022-02-22 05:00:00,21.9,22.1,21.9,22.0,1277.163
2022-02-22 05:30:00,22.0,22.3,22.0,22.2,3253.313
2022-02-22 06:00:00,22.2,22.2,22.1,22.2,839.126
2022-02-22 06:30:00,22.2,22.6,22.1,22.5,5924.353
2022-02-22 07:00:00,22.6,22.7,22.0,22.4,6523.032
2022-02-22 07:30:00,22.3,22.6,22.3,22.5,2382.764
2022-02-22 08:00:00,22.5,22.6,22.4,22.5,836.579
2022-02-22 08:30:00,22.4,22.7,22.4,22.6,1535.711
2022-02-22 09:00:00,22.6,22.7,22.6,22.7,1670.891
2022-02-22 09:30:00,22.6,22.9,22.5,22.9,3535.963
2022-02-22 10:00:00,22.8,23.2,22.6,23.0,4430.411
2022-02-22 10:30:00,23.1,23.6,23.0,23.5,5259.309
2022-02-22 11:00:00,23.5,23.7,23.2,23.6,5219.741
2022-02-22 11:30:00,23.6,23.8,23.5,23.6,2926.983
2022-02-22 12:00:00,23.6,23.7,23.4,23.6,2494.995
2022-02-22 12:30:00,23.6,23.6,23.3,23.4,2958.562
2022-02-22 13:00:00,23.4,23.4,22.7,22.9,9414.082
2022-02-22 13:30:00,22.9,23.2,22.9,23.2,2260.369
2022-02-22 14:00:00,23.2,23.4,22.7,23.0,8134.411
2022-02-22 14:30:00,23.0,23.4,22.9,23.3,2230.339
2022-02-22 15:00:00,23.4,23.5,23.2,23.4,2068.126
2022-02-22 15:30:00,23.4,23.5,23.1,23.1,945.356
2022-02-22 16:00:00,23.1,23.2,22.8,23.0,2987.566
2022-02-22 16:30:00,23.0,23.0,22.8,22.9,917.46
2022-02-22 17:00:00,22.9,23.0,22.7,22.8,2891.24
2022-02-22 17:30:00,22.8,23.0,22.6,22.8,2099.008
2022-02-22 18:00:00,22.8,22.9,22.6,22.7,2415.588
2022-02-22 18:30:00,22.7,22.9,22.6,22.8,1103.938
2022-02-22 19:00:00,22.8,22.9,22.8,22.8,502.353
2022-02-22 19:30:00,22.9,23.1,22.9,23.0,2377.478
2022-02-22 20:00:00,23.1,23.2,23.0,23.0,827.019
2022-02-22 20:30:00,23.1,23.1,22.8,23.0,1117.557
2022-02-22 21:00:00,23.0,23.0,22.9,22.9,536.241
2022-02-22 21:30:00,23.0,23.0,22.9,22.9,604.761
2022-02-22 22:00:00,22.9,23.0,22.8,22.8,182.885
2022-02-22 22:30:00,22.9,23.0,22.8,23.0,374.841
2022-02-22 23:00:00,22.9,23.1,22.9,23.1,612.411
2022-02-22 23:30:00,23.1,23.4,23.1,23.2,2062.596
2022-02-23 00:00:00,23.4,23.4,23.1,23.1,1904.516
2022-02-23 00:30:00,23.1,23.3,23.0,23.1,1183.981
2022-02-23 01:00:00,23.1,23.1,23.0,23.1,553.153
2022-02-23 01:30:00,23.1,23.1,23.0,23.0,391.883
2022-02-23 02:00:00,23.0,23.3,22.9,23.0,3024.234
2022-02-23 02:30:00,23.0,23.0,22.8,22.9,842.966
2022-02-23 03:00:00,22.9,22.9,22.8,22.9,1228.511
2022-02-23 03:30:00,22.9,23.0,22.8,22.9,1321.129
2022-02-23 04:00:00,22.9,23.1,22.9,23.0,1071.888
2022-02-23 04:30:00,23.0,23.1,22.9,23.1,1029.944
2022-02-23 05:00:00,23.1,23.3,23.0,23.0,3811.04
2022-02-23 05:30:00,23.1,23.2,23.1,23.1,833.889
2022-02-23 06:00:00,23.1,23.4,23.1,23.4,3647.037
2022-02-23 06:30:00,23.3,23.5,23.2,23.3,2675.763
2022-02-23 07:00:00,23.4,23.5,23.2,23.2,1998.02
2022-02-23 07:30:00,23.2,23.4,23.2,23.3,3874.762
2022-02-23 08:00:00,23.3,23.8,23.2,23.6,10016.449
2022-02-23 08:30:00,23.6,23.9,23.5,23.6,4532.676
2022-02-23 09:00:00,23.7,24.0,23.6,23.7,4916.416
2022-02-23 09:30:00,23.6,24.2,23.6,24.1,4582.582
2022-02-23 10:00:00,24.2,24.2,23.8,24.1,2096.421
2022-02-23 10:30:00,24.1,24.3,23.9,24.0,4235.701
2022-02-23 11:00:00,24.0,24.1,23.8,24.0,1679.477
2022-02-23 11:30:00,24.0,24.1,23.8,23.8,2133.331
2022-02-23 12:00:00,23.8,23.9,23.7,23.9,1308.952
2022-02-23 12:30:00,23.8,24.1,23.8,24.1,4330.873
2022-02-23 13:00:00,24.1,24.7,24.0,24.4,11579.474
2022-02-23 13:30:00,24.4,24.4,24.1,24.3,1976.538
2022-02-23 14:00:00,24.2,24.5,24.0,24.1,3914.432
2022-02-23 14:30:00,24.1,24.2,23.6,23.6,4767.073
2022-02-23 15:00:00,23.7,23.8,23.3,23.5,4862.607
2022-02-23 15:30:00,23.4,23.5,23.1,23.2,3848.213
2022-02-23 16:00:00,23.2,23.3,23.0,23.1,6281.882
2022-02-23 16:30:00,23.1,23.4,23.1,23.3,1896.608
2022-02-23 17:00:00,23.4,23.5,23.3,23.4,921.381
2022-02-23 17:30:00,23.4,23.4,23.1,23.1,2418.837
2022-02-23 18:00:00,23.1,23.1,22.9,22.9,3189.956
2022-02-23 18:30:00,22.9,22.9,22.7,22.8,2377.924
2022-02-23 19:00:00,22.7,22.8,22.6,22.6,2618.203
2022-02-23 19:30:00,22.7,22.7,22.6,22.6,1178.446
2022-02-23 20:00:00,22.6,22.7,22.4,22.7,3806.356
2022-02-23 20:30:00,22.7,22.7,22.5,22.5,1198.812
2022-02-23 21:00:00,22.6,22.7,22.5,22.6,765.133
2022-02-23 21:30:00,22.5,22.6,22.4,22.6,612.683
2022-02-23 22:00:00,22.6,22.6,22.3,22.4,1147.977
2022-02-23 22:30:00,22.3,22.6,22.3,22.6,1185.253
2022-02-23 23:00:00,22.6,22.6,22.1,22.3,3701.059
2022-02-23 23:30:00,22.3,22.4,22.3,22.3,451.103
2022-02-24 00:00:00,22.3,22.3,22.2,22.2,1086.441
2022-02-24 00:30:00,22.3,22.3,22.0,22.2,2211.445
2022-02-24 01:00:00,22.2,22.3,22.1,22.1,325.532
2022-02-24 01:30:00,22.2,22.4,22.1,22.4,1630.61
2022-02-24 02:00:00,22.4,22.4,22.3,22.3,901.022
2022-02-24 02:30:00,22.3,22.4,21.9,22.0,2329.116
2022-02-24 03:00:00,22.0,22.1,21.0,21.2,11438.529
2022-02-24 03:30:00,21.2,21.2,19.9,20.8,16620.686
2022-02-24 04:00:00,20.8,21.6,20.4,21.0,18380.316
2022-02-24 04:30:00,21.0,22.0,21.0,21.5,6340.739
2022-02-24 05:00:00,21.6,21.6,21.1,21.1,4751.651
2022-02-24 05:30:00,21.1,21.3,21.0,21.1,5517.606
2022-02-24 06:00:00,21.1,21.6,21.0,21.1,3802.058
2022-02-24 06:30:00,21.1,21.2,21.0,21.2,3783.201
2022-02-24 07:00:00,21.2,21.2,20.6,20.8,5749.919
2022-02-24 07:30:00,20.8,21.1,20.4,21.1,5666.747
2022-02-24 08:00:00,21.0,21.3,20.9,21.3,6665.689
2022-02-24 08:30:00,21.3,21.3,21.1,21.1,2680.7
2022-02-24 09:00:00,21.1,21.3,21.1,21.2,1192.323
2022-02-24 09:30:00,21.3,21.3,21.0,21.1,4216.213
2022-02-24 10:00:00,21.2,21.9,21.1,21.7,11418.922
2022-02-24 10:30:00,21.7,23.3,21.6,23.3,25938.987
2022-02-24 11:00:00,23.2,23.8,22.5,22.5,15336.9
2022-02-24 11:30:00,22.6,22.9,22.3,22.5,5296.502
2022-02-24 12:00:00,22.5,23.2,22.5,23.1,6294.333
2022-02-24 12:30:00,23.1,23.8,22.9,23.3,14022.604
2022-02-24 13:00:00,23.3,23.3,22.7,22.8,8219.533
2022-02-24 13:30:00,22.8,23.1,22.8,22.9,3140.979
2022-02-24 14:00:00,22.9,23.1,22.6,22.7,2912.691
2022-02-24 14:30:00,22.7,23.0,22.5,22.8,8388.27
2022-02-24 15:00:00,22.7,22.9,22.6,22.8,4232.566
2022-02-24 15:30:00,22.8,23.0,22.8,22.8,2318.719
2022-02-24 16:00:00,22.9,23.8,22.8,23.3,11952.818
2022-02-24 16:30:00,23.3,23.5,22.7,23.0,8342.136
2022-02-24 17:00:00,23.0,23.0,22.6,22.6,3035.066
2022-02-24 17:30:00,22.6,22.9,22.6,22.7,1894.56
2022-02-24 18:00:00,22.7,22.9,22.6,22.7,2391.95
2022-02-24 18:30:00,22.7,23.7,22.7,23.2,11685.137
2022-02-24 19:00:00,23.2,23.6,23.2,23.6,4345.025
2022-02-24 19:30:00,23.6,24.4,23.6,23.8,19659.273
2022-02-24 20:00:00,23.9,24.5,23.6,23.8,17915.725
2022-02-24 20:30:00,23.7,23.9,23.5,23.7,4495.0
2022-02-24 21:00:00,23.7,23.8,23.5,23.5,2079.306
2022-02-24 21:30:00,23.5,23.6,23.5,23.5,1150.485
2022-02-24 22:00:00,23.5,23.7,23.5,23.5,1461.016
2022-02-24 22:30:00,23.5,23.7,23.3,23.4,3987.253
2022-02-24 23:00:00,23.5,25.6,23.5,24.4,27464.945
2022-02-24 23:30:00,24.4,24.5,24.1,24.2,3915.328
2022-02-25 00:00:00,24.2,24.8,24.2,24.5,2426.484
2022-02-25 00:30:00,24.5,25.5,24.4,24.4,6938.044
2022-02-25 01:00:00,24.4,24.7,24.4,24.6,2612.785
2022-02-25 01:30:00,24.6,24.7,24.5,24.6,1291.618
2022-02-25 02:00:00,24.6,24.6,24.3,24.4,2238.604
2022-02-25 02:30:00,24.4,24.5,24.4,24.5,1303.483
2022-02-25 03:00:00,24.4,24.4,24.2,24.2,1371.265
2022-02-25 03:30:00,24.2,24.2,23.9,24.1,5739.47
2022-02-25 04:00:00,24.0,24.1,23.8,23.9,1997.406
2022-02-25 04:30:00,23.9,24.0,23.8,23.9,1304.358
2022-02-25 05:00:00,24.0,24.0,23.7,23.8,1989.163
2022-02-25 05:30:00,23.7,23.9,23.7,23.8,868.687
2022-02-25 06:00:00,23.8,23.9,23.6,23.6,2602.532
2022-02-25 06:30:00,23.7,23.7,23.6,23.6,928.392
2022-02-25 07:00:00,23.6,24.0,23.6,23.8,3846.646
2022-02-25 07:30:00,23.8,24.0,23.7,23.7,1639.222
2022-02-25 08:00:00,23.7,23.9,23.6,23.7,3851.211
2022-02-25 08:30:00,23.7,23.8,23.6,23.6,1880.895
2022-02-25 09:00:00,23.6,23.7,23.4,23.4,3034.462
2022-02-25 09:30:00,23.5,23.7,23.4,23.6,1949.415
2022-02-25 10:00:00,23.8,23.9,23.6,23.7,2387.755
2022-02-25 10:30:00,23.7,23.7,23.6,23.7,1080.178
2022-02-25 11:00:00,23.7,23.7,23.5,23.6,2626.224
2022-02-25 11:30:00,23.7,24.0,23.7,23.9,3619.553
2022-02-25 12:00:00,23.9,24.1,23.9,23.9,3545.826
2022-02-25 12:30:00,24.0,24.8,24.0,24.4,10758.398
2022-02-25 13:00:00,24.5,25.0,24.2,24.8,10872.447
2022-02-25 13:30:00,24.8,25.0,24.4,24.6,6631.096
2022-02-25 14:00:00,24.5,24.5,24.2,24.5,3185.897
2022-02-25 14:30:00,24.4,24.5,24.3,24.3,1934.416
2022-02-25 15:00:00,24.3,24.3,24.0,24.3,2906.592
2022-02-25 15:30:00,24.2,24.4,24.0,24.2,3702.06
2022-02-25 16:00:00,24.3,24.3,23.9,24.0,2900.091
2022-02-25 16:30:00,24.0,24.1,23.9,24.1,1799.222
2022-02-25 17:00:00,24.1,24.2,24.0,24.1,3110.447
2022-02-25 17:30:00,24.2,24.3,24.0,24.1,808.388
2022-02-25 18:00:00,24.1,24.1,23.8,23.9,1271.927
2022-02-25 18:30:00,24.0,24.0,23.8,23.8,1183.53
2022-02-25 19:00:00,23.8,23.9,23.5,23.9,5387.724
2022-02-25 19:30:00,23.9,23.9,23.7,23.9,2225.048
2022-02-25 20:00:00,23.8,23.9,23.7,23.8,1310.253
2022-02-25 20:30:00,23.8,24.0,23.7,23.9,1685.03
2022-02-25 21:00:00,24.0,24.1,23.8,23.8,1278.294
2022-02-25 21:30:00,24.0,24.0,23.8,23.8,706.184
2022-02-25 22:00:00,23.8,23.9,23.8,23.8,404.449
2022-02-25 22:30:00,23.8,24.3,23.8,24.2,1716.248
2022-02-25 23:00:00,24.3,24.4,24.0,24.3,989.707
2022-02-25 23:30:00,24.3,24.4,23.9,24.0,5555.767
2022-02-26 00:00:00,24.0,24.1,23.9,24.1,1822.33
2022-02-26 00:30:00,24.1,24.6,24.1,24.5,5709.179
2022-02-26 01:00:00,24.4,24.8,24.3,24.6,6187.898
2022-02-26 01:30:00,24.5,24.6,24.4,24.5,1422.534
2022-02-26 02:00:00,24.5,24.7,24.4,24.7,2977.955
2022-02-26 02:30:00,24.7,24.8,24.5,24.7,1527.648
2022-02-26 03:00:00,24.7,24.8,24.6,24.6,1053.891
2022-02-26 03:30:00,24.6,24.7,24.5,24.6,1181.32
2022-02-26 04:00:00,24.6,24.6,24.3,24.4,2332.698
2022-02-26 04:30:00,24.4,24.7,24.4,24.5,1451.005
2022-02-26 05:00:00,24.5,24.5,24.4,24.4,861.757
2022-02-26 05:30:00,24.4,25.0,24.3,24.5,4547.493
2022-02-26 06:00:00,24.5,24.6,24.4,24.5,972.101
2022-02-26 06:30:00,24.6,24.6,24.4,24.6,986.505
2022-02-26 07:00:00,24.6,24.6,24.4,24.5,1024.029
2022-02-26 07:30:00,24.6,24.6,24.3,24.5,890.931
2022-02-26 08:00:00,24.4,24.6,24.4,24.6,1239.663
2022-02-26 08:30:00,24.6,24.6,24.2,24.3,1524.048
2022-02-26 09:00:00,24.3,24.3,24.0,24.2,4262.455
2022-02-26 09:30:00,24.1,24.2,24.0,24.1,1468.224
2022-02-26 10:00:00,24.1,24.3,24.1,24.3,1919.916
2022-02-26 10:30:00,24.2,24.3,24.1,24.2,2556.315
2022-02-26 11:00:00,24.3,24.3,24.1,24.3,1252.409
2022-02-26 11:30:00,24.3,24.3,24.1,24.1,921.924
2022-02-26 12:00:00,24.1,24.3,24.0,24.0,3156.28
2022-02-26 12:30:00,24.0,24.1,23.7,23.8,8218.305
2022-02-26 13:00:00,23.8,24.0,23.6,23.7,8122.198
2022-02-26 13:30:00,23.7,23.8,23.1,23.2,15167.079
2022-02-26 14:00:00,23.2,23.5,23.0,23.3,7241.683
2022-02-26 14:30:00,23.4,23.5,23.3,23.5,2628.916
2022-02-26 15:00:00,23.5,23.5,23.4,23.5,967.88
2022-02-26 15:30:00,23.5,23.6,23.3,23.4,5187.567
2022-02-26 16:00:00,23.3,23.6,23.3,23.5,3434.238
2022-02-26 16:30:00,23.5,23.6,23.3,23.4,3652.397
2022-02-26 17:00:00,23.4,23.5,23.4,23.5,1413.784
2022-02-26 17:30:00,23.6,23.7,23.5,23.7,621.332
2022-02-26 18:00:00,23.6,23.7,23.4,23.5,1971.631
2022-02-26 18:30:00,23.5,23.5,23.3,23.4,1599.821
2022-02-26 19:00:00,23.4,23.6,23.4,23.5,1372.98
2022-02-26 19:30:00,23.5,23.7,23.5,23.7,1281.282
2022-02-26 20:00:00,23.7,23.7,23.5,23.6,1404.667
2022-02-26 20:30:00,23.6,23.9,23.6,23.7,1992.31
2022-02-26 21:00:00,23.7,23.9,23.7,23.8,1566.28
2022-02-26 21:30:00,23.8,23.9,23.7,23.7,2148.946
2022-02-26 22:00:00,23.8,23.9,23.5,23.5,1942.495
2022-02-26 22:30:00,23.6,23.6,23.5,23.5,317.179
2022-02-26 23:00:00,23.5,23.7,23.5,23.6,859.895
2022-02-26 23:30:00,23.6,23.6,23.4,23.5,1369.556
2022-02-27 00:00:00,23.5,23.7,23.4,23.4,718.771
2022-02-27 00:30:00,23.4,23.4,23.0,23.1,5356.537
2022-02-27 01:00:00,23.1,23.1,22.6,22.8,7032.41
2022-02-27 01:30:00,22.9,22.9,22.6,22.6,722.577
2022-02-27 02:00:00,22.6,22.8,22.6,22.8,1930.793
2022-02-27 02:30:00,22.8,22.8,22.7,22.7,190.176
2022-02-27 03:00:00,22.7,23.1,22.7,22.8,3145.401
2022-02-27 03:30:00,22.9,22.9,22.8,22.8,170.966
2022-02-27 04:00:00,22.8,22.9,22.8,22.9,609.688
2022-02-27 04:30:00,22.9,23.0,22.8,23.0,991.541
2022-02-27 05:00:00,23.0,23.2,22.9,23.1,1617.545
2022-02-27 05:30:00,23.0,23.4,23.0,23.2,2471.69
2022-02-27 06:00:00,23.2,23.2,23.2,23.2,114.194
2022-02-27 06:30:00,23.2,23.5,23.2,23.5,1882.104
2022-02-27 07:00:00,23.4,23.5,23.2,23.4,850.676
2022-02-27 07:30:00,23.3,23.4,23.2,23.4,1241.274
2022-02-27 08:00:00,23.3,23.4,23.1,23.1,1166.563
2022-02-27 08:30:00,23.1,23.3,23.1,23.3,1646.402
2022-02-27 09:00:00,23.3,23.4,23.2,23.3,858.909
2022-02-27 09:30:00,23.4,23.7,23.3,23.7,3628.12
2022-02-27 10:00:00,23.6,23.7,23.4,23.5,1186.435
2022-02-27 10:30:00,23.5,23.8,23.5,23.7,1540.692
2022-02-27 11:00:00,23.7,23.9,23.7,23.9,2676.221
2022-02-27 11:30:00,24.0,24.0,23.8,23.9,911.01
2022-02-27 12:00:00,23.9,24.0,23.8,24.0,3054.967
2022-02-27 12:30:00,24.0,24.1,23.8,23.9,2624.593
2022-02-27 13:00:00,23.9,23.9,23.7,23.7,2700.878
2022-02-27 13:30:00,23.8,23.8,23.1,23.6,7743.538
2022-02-27 14:00:00,23.6,23.6,23.4,23.4,3042.224
2022-02-27 14:30:00,23.4,23.5,23.3,23.5,1095.079
2022-02-27 15:00:00,23.3,23.7,23.3,23.6,2369.815
2022-02-27 15:30:00,23.6,23.6,23.5,23.5,962.44
2022-02-27 16:00:00,23.6,23.7,23.4,23.4,1022.682
2022-02-27 16:30:00,23.5,23.5,23.2,23.4,2536.443
2022-02-27 17:00:00,23.3,23.4,23.2,23.3,1277.807
2022-02-27 17:30:00,23.3,23.4,23.2,23.2,770.61
2022-02-27 18:00:00,23.3,23.4,23.1,23.3,1864.348
2022-02-27 18:30:00,23.3,23.4,23.1,23.1,759.54
2022-02-27 19:00:00,23.2,23.2,22.7,22.8,5891.492
2022-02-27 19:30:00,22.8,22.9,22.5,22.6,4667.391
2022-02-27 20:00:00,22.5,22.7,22.4,22.4,3848.29
2022-02-27 20:30:00,22.5,22.9,22.4,22.7,2915.237
2022-02-27 21:00:00,22.7,22.8,22.0,22.6,8161.668
2022-02-27 21:30:00,22.6,22.6,22.3,22.5,3281.077
2022-02-27 22:00:00,22.5,22.9,22.4,22.7,826.378
2022-02-27 22:30:00,22.8,22.9,22.6,22.8,217.429
2022-02-27 23:00:00,22.7,22.8,22.5,22.6,593.286
2022-02-27 23:30:00,22.6,22.6,22.5,22.5,246.459
2022-02-28 00:00:00,22.5,22.5,22.3,22.4,1679.689
2022-02-28 00:30:00,22.4,22.5,22.2,22.4,1673.909
2022-02-28 01:00:00,22.3,22.6,22.2,22.5,2168.229
2022-02-28 01:30:00,22.6,22.7,22.5,22.5,1226.834
2022-02-28 02:00:00,22.4,22.5,22.3,22.5,594.847
2022-02-28 02:30:00,22.5,22.5,22.2,22.3,974.677
2022-02-28 03:00:00,22.4,22.4,22.3,22.3,247.696
2022-02-28 03:30:00,22.4,22.4,22.3,22.3,327.347
2022-02-28 04:00:00,22.4,22.5,22.3,22.5,629.305
2022-02-28 04:30:00,22.5,22.7,22.4,22.6,1143.188
2022-02-28 05:00:00,22.6,22.6,22.4,22.5,1583.575
2022-02-28 05:30:00,22.5,22.7,22.5,22.5,592.87
2022-02-28 06:00:00,22.6,22.6,22.4,22.5,1501.145
2022-02-28 06:30:00,22.5,22.9,22.4,22.8,3977.01
2022-02-28 07:00:00,22.8,23.1,22.8,23.1,1577.472
2022-02-28 07:30:00,23.1,23.2,22.9,22.9,1197.238
2022-02-28 08:00:00,22.9,23.2,22.9,23.1,1917.478
2022-02-28 08:30:00,23.1,23.1,22.7,23.0,1727.613
2022-02-28 09:00:00,23.0,23.2,23.0,23.1,2402.735
2022-02-28 09:30:00,23.2,23.2,22.9,22.9,1417.213
2022-02-28 10:00:00,22.9,23.1,22.9,23.0,1311.723
2022-02-28 10:30:00,23.0,23.2,22.8,22.9,1588.551
2022-02-28 11:00:00,23.0,23.0,22.7,22.8,634.392
2022-02-28 11:30:00,22.8,22.9,22.7,22.8,905.203
2022-02-28 12:00:00,22.8,23.0,22.6,22.8,2713.346
2022-02-28 12:30:00,22.8,23.1,22.8,23.0,2967.735
2022-02-28 13:00:00,22.9,22.9,22.7,22.7,1359.855
2022-02-28 13:30:00,22.8,22.9,22.7,22.7,1220.254
2022-02-28 14:00:00,22.6,23.2,22.6,23.2,3185.585
2022-02-28 14:30:00,23.1,23.3,23.0,23.2,2531.722
2022-02-28 15:00:00,23.3,23.5,23.0,23.5,7820.798
2022-02-28 15:30:00,23.4,23.5,23.3,23.5,2857.234
2022-02-28 16:00:00,23.5,23.7,23.3,23.7,5266.939
2022-02-28 16:30:00,23.7,23.7,23.2,23.5,4018.05
2022-02-28 17:00:00,23.5,23.5,23.2,23.4,4539.891
2022-02-28 17:30:00,23.4,23.5,23.3,23.4,814.281
2022-02-28 18:00:00,23.5,23.6,23.4,23.5,1994.672
2022-02-28 18:30:00,23.5,23.7,23.4,23.7,3208.335
2022-02-28 19:00:00,23.6,23.7,23.5,23.5,1146.129
2022-02-28 19:30:00,23.5,23.6,23.4,23.6,748.915
2022-02-28 20:00:00,23.5,23.7,23.5,23.7,4182.02
2022-02-28 20:30:00,23.6,23.7,23.5,23.6,2430.495
2022-02-28 21:00:00,23.6,23.8,23.6,23.8,2589.898
2022-02-28 21:30:00,23.7,23.8,23.6,23.6,1671.961
2022-02-28 22:00:00,23.7,24.4,23.6,24.1,7295.246
2022-02-28 22:30:00,24.1,24.6,23.8,24.0,8745.908
2022-02-28 23:00:00,24.0,24.3,24.0,24.1,2971.885
2022-02-28 23:30:00,24.1,24.4,24.0,24.3,2839.424
2022-03-01 00:00:00,24.3,24.5,24.3,24.4,2821.231
2022-03-01 00:30:00,24.4,24.7,24.4,24.7,2388.144
2022-03-01 01:00:00,24.7,24.7,24.2,24.2,2700.061
2022-03-01 01:30:00,24.2,24.4,24.2,24.3,1271.804
2022-03-01 02:00:00,24.2,24.2,24.0,24.2,1364.869
2022-03-01 02:30:00,24.1,24.5,24.0,24.3,6229.081
2022-03-01 03:00:00,24.4,24.4,24.2,24.3,615.484
2022-03-01 03:30:00,24.3,24.3,24.2,24.2,868.82
2022-03-01 04:00:00,24.2,24.4,24.2,24.4,1638.801
2022-03-01 04:30:00,24.4,24.7,24.3,24.6,2949.044
2022-03-01 05:00:00,24.6,25.1,24.6,24.8,9077.192
2022-03-01 05:30:00,24.8,24.8,24.5,24.6,1634.069
2022-03-01 06:00:00,24.7,24.7,24.5,24.6,1833.951
2022-03-01 06:30:00,24.6,25.2,24.6,25.0,3298.904
2022-03-01 07:00:00,24.9,25.1,24.9,25.0,1513.393
2022-03-01 07:30:00,25.0,25.0,24.7,24.8,2899.373
2022-03-01 08:00:00,24.7,25.0,24.7,24.9,2812.459
2022-03-01 08:30:00,24.9,25.6,24.7,25.4,12026.372
2022-03-01 09:00:00,25.4,25.5,24.9,25.2,6211.662
2022-03-01 09:30:00,25.2,25.3,24.9,25.2,6044.305
2022-03-01 10:00:00,25.2,25.2,24.8,24.9,3429.217
2022-03-01 10:30:00,24.9,25.0,24.8,25.0,1946.963
2022-03-01 11:00:00,25.0,25.0,24.6,24.8,8835.568
2022-03-01 11:30:00,24.9,25.0,24.7,24.8,1204.73
2022-03-01 12:00:00,24.8,25.2,24.7,25.1,11262.343
2022-03-01 12:30:00,25.1,25.2,25.0,25.2,4173.399
2022-03-01 13:00:00,25.1,25.2,24.7,24.8,13272.186
2022-03-01 13:30:00,24.9,25.1,24.8,25.1,2862.834
2022-03-01 14:00:00,25.0,25.2,24.9,24.9,6290.762
2022-03-01 14:30:00,25.0,25.0,24.5,24.7,7469.059
2022-03-01 15:00:00,24.7,25.0,24.6,24.8,6216.59
2022-03-01 15:30:00,24.7,24.9,24.5,24.7,2105.22
2022-03-01 16:00:00,24.8,24.8,24.7,24.7,1317.311
2022-03-01 16:30:00,24.6,24.7,24.4,24.5,2503.609
2022-03-01 17:00:00,24.6,24.7,24.5,24.6,866.046
2022-03-01 17:30:00,24.7,24.7,24.4,24.6,2881.706
2022-03-01 18:00:00,24.5,24.6,24.4,24.5,301.327
2022-03-01 18:30:00,24.5,24.8,24.4,24.8,2461.055
2022-03-01 19:00:00,24.8,24.8,24.7,24.7,1058.855
2022-03-01 19:30:00,24.7,24.9,24.7,24.7,922.153
2022-03-01 20:00:00,24.6,24.7,24.6,24.7,344.323
2022-03-01 20:30:00,24.6,24.8,24.6,24.7,911.458
2022-03-01 21:00:00,24.8,24.8,24.6,24.7,781.224
2022-03-01 21:30:00,24.7,24.7,24.5,24.5,795.779
2022-03-01 22:00:00,24.6,24.7,24.5,24.7,842.976
2022-03-01 22:30:00,24.7,25.2,24.6,25.0,2912.037
2022-03-01 23:00:00,25.1,25.2,24.9,25.0,1066.733
2022-03-01 23:30:00,25.0,25.2,24.8,25.0,3563.603
2022-03-02 00:00:00,24.9,25.1,24.4,24.5,6471.808
2022-03-02 00:30:00,24.5,24.5,24.3,24.4,1297.343
2022-03-02 01:00:00,24.4,24.6,24.3,24.4,1564.249
2022-03-02 01:30:00,24.4,24.4,24.2,24.3,1099.217
2022-03-02 02:00:00,24.3,24.4,24.3,24.3,372.979
2022-03-02 02:30:00,24.3,24.4,24.3,24.4,468.924
2022-03-02 03:00:00,24.5,24.5,24.4,24.5,135.743
2022-03-02 03:30:00,24.5,24.9,24.4,24.8,3824.026
2022-03-02 04:00:00,24.8,24.9,24.6,24.7,3787.663
2022-03-02 04:30:00,24.8,25.0,24.7,24.8,2426.388
2022-03-02 05:00:00,24.8,25.0,24.7,24.8,1344.896
2022-03-02 05:30:00,24.8,25.3,24.8,25.0,4765.45
2022-03-02 06:00:00,25.0,26.7,25.0,26.7,17685.193
2022-03-02 06:30:00,26.7,28.0,26.4,27.5,24398.457
2022-03-02 07:00:00,27.4,30.3,27.4,30.3,58988.237
2022-03-02 07:30:00,30.3,30.4,28.3,28.7,31085.02
2022-03-02 08:00:00,28.7,29.2,28.2,28.8,16998.443
2022-03-02 08:30:00,28.7,28.9,27.7,28.1,13271.668
2022-03-02 09:00:00,28.1,28.4,28.0,28.4,6860.221
2022-03-02 09:30:00,28.3,31.5,28.3,29.9,64061.183
2022-03-02 10:00:00,29.6,30.4,29.2,29.6,33490.374
2022-03-02 10:30:00,29.5,30.4,29.0,30.4,30282.567
2022-03-02 11:00:00,30.2,32.0,29.9,30.3,51156.254
2022-03-02 11:30:00,30.3,31.3,30.0,30.3,19178.561
2022-03-02 12:00:00,30.2,31.0,29.6,29.8,21383.565
2022-03-02 12:30:00,29.9,30.0,29.6,29.7,7321.635
2022-03-02 13:00:00,29.8,29.8,29.3,29.3,12403.972
2022-03-02 13:30:00,29.4,29.5,28.5,28.6,19546.244
2022-03-02 14:00:00,28.7,28.8,28.6,28.7,5480.418
2022-03-02 14:30:00,28.7,29.7,28.6,29.4,9284.243
2022-03-02 15:00:00,29.4,29.7,28.9,29.2,7817.376
2022-03-02 15:30:00,29.3,30.4,29.2,29.4,9113.5
2022-03-02 16:00:00,29.5,29.8,29.3,29.7,4613.001
2022-03-02 16:30:00,29.7,32.0,29.6,30.5,49153.643
2022-03-02 17:00:00,30.5,31.2,30.2,30.3,16985.777
2022-03-02 17:30:00,30.3,33.1,30.2,30.9,66100.724
2022-03-02 18:00:00,30.8,33.3,30.8,31.9,39397.666
2022-03-02 18:30:00,31.9,32.2,30.7,30.8,18581.983
2022-03-02 19:00:00,30.8,31.5,30.2,30.4,12067.122
2022-03-02 19:30:00,30.3,30.7,30.2,30.6,6872.775
2022-03-02 20:00:00,30.6,31.6,30.1,31.5,15256.585
2022-03-02 20:30:00,31.5,31.7,30.9,31.0,5545.388
2022-03-02 21:00:00,31.1,31.1,30.4,30.4,6450.945
2022-03-02 21:30:00,30.5,31.3,30.4,31.3,8130.345
2022-03-02 22:00:00,31.3,32.8,31.0,32.0,25570.695
2022-03-02 22:30:00,32.0,32.2,31.2,31.3,7668.856
2022-03-02 23:00:00,31.4,32.4,31.3,32.3,6521.543
2022-03-02 23:30:00,32.3,33.0,32.0,32.3,17982.641
2022-03-03 00:00:00,32.3,36.3,32.3,35.2,77600.782
2022-03-03 00:30:00,35.2,35.4,33.5,34.2,34289.074
2022-03-03 01:00:00,34.2,34.2,32.3,33.3,27883.808
2022-03-03 01:30:00,33.2,33.5,32.8,33.5,9516.135
2022-03-03 02:00:00,33.4,33.7,32.7,32.9,8348.287
2022-03-03 02:30:00,33.0,33.0,32.3,32.9,9052.539
2022-03-03 03:00:00,33.0,33.0,32.6,32.7,3601.113
2022-03-03 03:30:00,32.7,32.9,31.7,32.1,12598.623
2022-03-03 04:00:00,32.1,32.6,32.0,32.6,7249.005
2022-03-03 04:30:00,32.5,32.5,32.0,32.2,3985.456
2022-03-03 05:00:00,32.1,32.2,31.1,31.1,13933.384
2022-03-03 05:30:00,31.1,31.2,30.7,30.8,7277.766
2022-03-03 06:00:00,30.8,30.8,29.4,29.7,31613.754
2022-03-03 06:30:00,29.8,30.4,29.7,30.1,16642.208
2022-03-03 07:00:00,30.0,30.2,29.7,29.9,5567.616
2022-03-03 07:30:00,29.8,29.8,29.2,29.4,5825.453
2022-03-03 08:00:00,29.4,29.7,29.2,29.3,7834.674
2022-03-03 08:30:00,29.4,29.4,29.0,29.0,4379.453
2022-03-03 09:00:00,29.1,29.1,28.6,28.7,6707.802
2022-03-03 09:30:00,28.7,30.1,28.7,29.6,17326.176
2022-03-03 10:00:00,29.5,30.1,29.2,30.0,6493.956
2022-03-03 10:30:00,30.0,32.0,29.9,31.1,35991.427
2022-03-03 11:00:00,31.1,31.4,30.5,30.7,9075.326
2022-03-03 11:30:00,30.7,30.7,30.0,30.1,10128.038
2022-03-03 12:00:00,30.1,30.6,30.1,30.4,4312.61
2022-03-03 12:30:00,30.4,30.8,30.0,30.2,7258.461
2022-03-03 13:00:00,30.2,30.4,30.0,30.1,3632.791
2022-03-03 13:30:00,30.1,30.4,30.1,30.2,2159.663
2022-03-03 14:00:00,30.2,30.3,29.9,30.0,3651.026
2022-03-03 14:30:00,30.0,30.0,29.7,29.7,3735.717
2022-03-03 15:00:00,29.7,29.7,29.0,29.2,9190.12
2022-03-03 15:30:00,29.2,29.2,28.5,29.0,15191.826
2022-03-03 16:00:00,28.9,29.9,28.6,29.5,11164.594
2022-03-03 16:30:00,29.5,30.2,29.1,29.9,13456.044
2022-03-03 17:00:00,29.9,29.9,29.1,29.2,4273.474
2022-03-03 17:30:00,29.1,29.6,29.1,29.5,3343.517
2022-03-03 18:00:00,29.4,29.5,29.2,29.4,2478.989
2022-03-03 18:30:00,29.4,29.5,29.0,29.1,3059.808
2022-03-03 19:00:00,29.1,29.3,29.0,29.2,1877.085
2022-03-03 19:30:00,29.2,29.3,28.8,28.8,3418.072
2022-03-03 20:00:00,28.9,28.9,28.7,28.9,1460.829
2022-03-03 20:30:00,28.9,28.9,28.7,28.8,2225.387
2022-03-03 21:00:00,28.8,28.9,28.7,28.9,448.769
2022-03-03 21:30:00,28.9,28.9,28.8,28.8,415.193
2022-03-03 22:00:00,28.8,29.4,28.8,29.2,2013.478
2022-03-03 22:30:00,29.4,29.4,29.1,29.2,467.634
2022-03-03 23:00:00,29.1,29.4,29.1,29.3,1289.718
2022-03-03 23:30:00,29.4,29.4,29.0,29.1,1612.495
2022-03-04 00:00:00,29.1,29.3,29.1,29.2,1089.118
2022-03-04 00:30:00,29.2,29.5,28.7,28.7,4737.952
2022-03-04 01:00:00,28.8,29.3,27.7,28.5,16844.806
2022-03-04 01:30:00,28.5,28.7,28.5,28.6,1563.082
2022-03-04 02:00:00,28.6,28.6,28.4,28.5,1684.769
2022-03-04 02:30:00,28.6,28.7,28.4,28.7,1882.401
2022-03-04 03:00:00,28.7,29.5,28.6,29.4,10357.433
2022-03-04 03:30:00,29.3,29.6,29.0,29.1,2674.838
2022-03-04 04:00:00,29.1,29.2,28.0,28.6,7026.168
2022-03-04 04:30:00,28.6,28.6,28.4,28.6,1374.306
2022-03-04 05:00:00,28.6,28.9,28.6,28.8,1579.729
2022-03-04 05:30:00,28.8,28.8,28.7,28.7,411.438
2022-03-04 06:00:00,28.7,29.2,28.7,29.2,3639.905
2022-03-04 06:30:00,29.2,29.5,29.1,29.2,1829.166
2022-03-04 07:00:00,29.2,31.1,29.2,31.0,15031.777
2022-03-04 07:30:00,31.0,31.9,30.5,30.7,26150.223
2022-03-04 08:00:00,30.6,31.9,30.5,31.9,15612.171
2022-03-04 08:30:00,31.9,32.0,30.8,31.5,14742.81
2022-03-04 09:00:00,31.5,33.0,31.5,32.4,23521.637
2022-03-04 09:30:00,32.4,32.9,32.1,32.3,7729.724
2022-03-04 10:00:00,32.3,32.4,31.7,31.8,6287.131
2022-03-04 10:30:00,31.8,32.0,31.6,31.6,3010.004
2022-03-04 11:00:00,31.6,31.8,31.1,31.4,7736.115
2022-03-04 11:30:00,31.4,32.5,31.2,32.3,6658.292
2022-03-04 12:00:00,32.4,32.8,31.4,31.4,5694.924
2022-03-04 12:30:00,31.5,31.7,31.2,31.6,3171.564
2022-03-04 13:00:00,31.6,31.8,31.4,31.5,2136.492
2022-03-04 13:30:00,31.6,31.6,31.3,31.3,2421.767
2022-03-04 14:00:00,31.4,31.7,31.0,31.1,5730.123
2022-03-04 14:30:00,31.2,31.2,30.5,30.7,16588.321
2022-03-04 15:00:00,30.7,31.0,30.6,30.7,5926.946
2022-03-04 15:30:00,30.7,32.4,30.7,31.4,15444.903
2022-03-04 16:00:00,31.5,31.9,31.2,31.4,5012.383
2022-03-04 16:30:00,31.4,31.5,31.2,31.2,2109.999
2022-03-04 17:00:00,31.4,32.1,31.2,31.9,3863.476
2022-03-04 17:30:00,31.8,33.9,31.8,32.9,23355.269
2022-03-04 18:00:00,32.8,33.8,31.9,32.8,20690.575
2022-03-04 18:30:00,32.6,33.1,32.5,32.8,3694.293
2022-03-04 19:00:00,32.7,33.1,31.9,32.4,7553.346
2022-03-04 19:30:00,32.3,32.4,31.8,31.8,4665.958
2022-03-04 20:00:00,31.8,33.2,31.5,31.8,16735.56
2022-03-04 20:30:00,31.8,32.4,31.7,32.2,5815.719
2022-03-04 21:00:00,32.2,33.0,32.0,32.6,10543.076
2022-03-04 21:30:00,32.6,32.9,32.2,32.7,5906.465
2022-03-04 22:00:00,32.6,32.6,31.3,31.3,8756.74
2022-03-04 22:30:00,31.3,32.1,31.3,31.7,3427.012
2022-03-04 23:00:00,31.7,31.9,31.4,31.6,1701.711
2022-03-04 23:30:00,31.6,31.8,31.5,31.7,1454.473
2022-03-05 00:00:00,31.7,31.7,31.3,31.4,1567.454
2022-03-05 00:30:00,31.3,31.4,31.1,31.1,1775.801
2022-03-05 01:00:00,31.1,31.5,30.9,31.3,5219.315
2022-03-05 01:30:00,31.2,31.4,31.1,31.1,1453.842
2022-03-05 02:00:00,31.2,31.4,31.2,31.3,498.181
2022-03-05 02:30:00,31.2,31.3,31.2,31.2,838.942
2022-03-05 03:00:00,31.2,31.4,31.2,31.3,1278.082
2022-03-05 03:30:00,31.4,31.9,31.3,31.8,4836.348
2022-03-05 04:00:00,31.8,32.9,31.7,32.8,7917.202
2022-03-05 04:30:00,32.8,35.0,32.6,34.8,35555.553
2022-03-05 05:00:00,34.7,35.9,34.4,34.8,34657.302
2022-03-05 05:30:00,34.7,34.9,33.5,33.8,13402.491
2022-03-05 06:00:00,33.8,34.6,33.8,34.5,7314.366
2022-03-05 06:30:00,34.6,34.7,33.9,34.3,9214.196
2022-03-05 07:00:00,34.3,34.3,33.7,33.9,6655.828
2022-03-05 07:30:00,33.9,34.0,33.7,33.9,2604.897
2022-03-05 08:00:00,33.9,33.9,33.3,33.3,5042.73
2022-03-05 08:30:00,33.4,33.7,33.0,33.4,7514.864
2022-03-05 09:00:00,33.4,33.5,33.1,33.4,2919.564
2022-03-05 09:30:00,33.4,33.5,33.2,33.3,2002.17
2022-03-05 10:00:00,33.3,33.5,33.1,33.3,2547.462
2022-03-05 10:30:00,33.3,33.7,33.3,33.7,2618.813
2022-03-05 11:00:00,33.6,34.9,33.6,34.7,12765.191
2022-03-05 11:30:00,34.8,35.2,34.0,34.0,10946.281
2022-03-05 12:00:00,33.9,34.5,33.8,34.3,5165.5
2022-03-05 12:30:00,34.3,35.2,34.1,34.8,8135.769
2022-03-05 13:00:00,34.8,36.0,34.8,35.0,16090.478
2022-03-05 13:30:00,35.0,35.2,34.4,34.8,8377.403
2022-03-05 14:00:00,34.9,35.1,34.3,34.5,4454.862
2022-03-05 14:30:00,34.5,35.0,34.3,35.0,4320.298
2022-03-05 15:00:00,35.0,36.8,34.5,36.2,22032.146
2022-03-05 15:30:00,36.3,36.6,35.4,35.7,13972.651
2022-03-05 16:00:00,35.6,37.5,35.5,37.4,13344.345
2022-03-05 16:30:00,37.5,38.6,35.4,36.6,45944.897
2022-03-05 17:00:00,36.6,36.8,35.6,35.7,10496.114
2022-03-05 17:30:00,35.7,36.0,35.0,35.4,9516.126
2022-03-05 18:00:00,35.5,36.7,35.2,36.2,8641.506
2022-03-05 18:30:00,36.2,36.9,35.9,35.9,5187.582
2022-03-05 19:00:00,36.0,36.2,35.6,35.7,2160.884
2022-03-05 19:30:00,35.7,35.9,35.6,35.9,2301.734
2022-03-05 20:00:00,36.0,36.0,35.5,35.7,2812.27
2022-03-05 20:30:00,35.7,35.7,35.5,35.5,846.074
2022-03-05 21:00:00,35.6,35.7,35.4,35.6,2000.593
2022-03-05 21:30:00,35.6,35.7,35.6,35.6,480.474
2022-03-05 22:00:00,35.7,35.8,35.5,35.8,1335.972
2022-03-05 22:30:00,35.8,36.4,35.6,36.3,3111.589
2022-03-05 23:00:00,36.3,36.9,35.8,36.6,4573.883
2022-03-05 23:30:00,36.7,37.4,36.3,37.0,5858.043
2022-03-06 00:00:00,37.0,37.0,36.0,36.6,6049.712
2022-03-06 00:30:00,36.7,36.7,36.1,36.2,3217.031
2022-03-06 01:00:00,36.2,36.2,35.7,36.1,5383.348
2022-03-06 01:30:00,36.1,36.1,35.8,35.8,1502.869
2022-03-06 02:00:00,36.0,36.0,35.6,35.6,2131.733
2022-03-06 02:30:00,35.6,36.0,35.6,35.6,3132.768
2022-03-06 03:00:00,35.6,35.7,34.8,34.9,14585.972
2022-03-06 03:30:00,35.0,35.0,34.4,34.4,6912.2
2022-03-06 04:00:00,34.5,35.1,34.1,35.0,15009.115
2022-03-06 04:30:00,35.0,36.0,35.0,35.9,8855.954
2022-03-06 05:00:00,35.8,36.5,35.6,36.0,6604.512
2022-03-06 05:30:00,35.9,37.4,35.8,36.7,12748.61
2022-03-06 06:00:00,36.7,38.2,36.5,38.1,11642.67
2022-03-06 06:30:00,38.0,38.1,36.7,37.2,10712.553
2022-03-06 07:00:00,37.2,38.0,36.6,37.5,10878.5
2022-03-06 07:30:00,37.5,38.1,37.3,37.9,4787.237
2022-03-06 08:00:00,37.9,39.7,37.9,39.3,26642.876
2022-03-06 08:30:00,39.3,42.9,39.1,40.9,78370.423
2022-03-06 09:00:00,40.9,41.4,39.8,39.8,18546.49
2022-03-06 09:30:00,39.8,41.9,39.6,40.3,26445.499
2022-03-06 10:00:00,40.2,40.8,38.3,39.6,37737.273
2022-03-06 10:30:00,39.5,41.5,38.8,40.8,27485.33
2022-03-06 11:00:00,40.8,41.2,39.7,40.1,13902.553
2022-03-06 11:30:00,40.0,41.2,39.6,40.9,13012.137
2022-03-06 12:00:00,41.0,43.9,40.9,43.4,49416.65
2022-03-06 12:30:00,43.4,43.4,41.2,41.6,19885.047
2022-03-06 13:00:00,41.6,42.5,40.6,41.5,21868.505
2022-03-06 13:30:00,41.6,43.9,41.1,43.3,29187.635
2022-03-06 14:00:00,43.4,45.4,42.1,42.9,73082.91
2022-03-06 14:30:00,42.9,43.8,42.3,42.7,17774.146
2022-03-06 15:00:00,42.7,43.0,41.0,41.4,22365.756
2022-03-06 15:30:00,41.4,42.6,40.6,41.3,23895.45
2022-03-06 16:00:00,41.3,42.7,41.2,41.4,12799.174
2022-03-06 16:30:00,41.5,42.0,41.0,41.4,9681.949
2022-03-06 17:00:00,41.5,41.6,39.8,40.7,34830.29
2022-03-06 17:30:00,40.6,40.7,39.8,40.0,6549.027
2022-03-06 18:00:00,39.9,40.4,39.3,39.4,10569.81
2022-03-06 18:30:00,39.4,40.5,39.3,39.8,10042.714
2022-03-06 19:00:00,39.9,40.5,39.7,39.7,5614.44
2022-03-06 19:30:00,39.7,40.0,39.1,39.1,7615.506
2022-03-06 20:00:00,39.2,39.5,38.8,38.9,4421.196
2022-03-06 20:30:00,38.9,39.3,38.8,39.2,3765.199
2022-03-06 21:00:00,39.2,40.1,39.1,40.1,6544.068
2022-03-06 21:30:00,40.2,41.7,40.1,41.5,12033.346
2022-03-06 22:00:00,41.6,41.6,39.8,39.8,8780.815
2022-03-06 22:30:00,39.9,40.1,39.4,39.4,3656.133
2022-03-06 23:00:00,39.4,39.5,38.9,39.1,5760.171
2022-03-06 23:30:00,39.1,39.7,38.7,39.0,4690.408
2022-03-07 00:00:00,39.0,39.6,38.8,39.3,3671.423
2022-03-07 00:30:00,39.4,41.0,39.3,40.8,11699.044
2022-03-07 01:00:00,40.9,41.0,40.4,40.8,6525.72
2022-03-07 01:30:00,40.8,42.5,40.7,41.4,16723.312
2022-03-07 02:00:00,41.4,43.3,41.4,42.8,24156.917
2022-03-07 02:30:00,42.7,43.5,41.8,42.6,15427.533
2022-03-07 03:00:00,42.6,42.7,41.7,42.3,11067.399
2022-03-07 03:30:00,42.4,44.2,42.3,42.7,20107.683
2022-03-07 04:00:00,42.7,43.8,42.7,43.5,10192.741
2022-03-07 04:30:00,43.6,43.7,41.5,42.1,16147.589
2022-03-07 05:00:00,42.1,42.2,41.5,41.5,8678.941
2022-03-07 05:30:00,41.6,42.5,40.8,42.2,15137.364
2022-03-07 06:00:00,42.2,42.5,41.5,41.6,8931.983
2022-03-07 06:30:00,41.5,41.5,39.7,40.4,17176.779
2022-03-07 07:00:00,40.4,41.2,39.7,41.0,14258.145
2022-03-07 07:30:00,41.0,43.3,40.7,41.7,21160.204
2022-03-07 08:00:00,41.7,42.1,40.7,41.5,12787.098
2022-03-07 08:30:00,41.6,41.8,40.6,40.7,8775.043
2022-03-07 09:00:00,40.7,41.7,40.7,41.1,6178.35
2022-03-07 09:30:00,41.1,41.5,41.0,41.2,3763.76
2022-03-07 10:00:00,41.2,41.2,40.7,40.9,3997.553
2022-03-07 10:30:00,40.9,41.2,40.1,40.2,7098.287
2022-03-07 11:00:00,40.2,40.5,39.9,40.3,6738.401
2022-03-07 11:30:00,40.3,40.6,39.4,40.0,13937.003
2022-03-07 12:00:00,39.9,40.1,38.4,38.7,18920.249
2022-03-07 12:30:00,38.7,38.8,37.6,38.0,18328.029
2022-03-07 13:00:00,38.0,39.0,37.9,38.3,12506.279
2022-03-07 13:30:00,38.3,39.5,38.2,39.0,10539.865
2022-03-07 14:00:00,39.0,39.4,38.8,39.2,5533.933
2022-03-07 14:30:00,39.2,39.3,38.6,38.8,5619.01
2022-03-07 15:00:00,38.8,38.8,38.2,38.4,6005.408
2022-03-07 15:30:00,38.4,38.7,38.2,38.5,2164.235
2022-03-07 16:00:00,38.4,39.1,38.3,39.0,6017.715
2022-03-07 16:30:00,39.0,39.8,39.0,39.3,7601.036
2022-03-07 17:00:00,39.2,39.4,39.0,39.1,2872.179
2022-03-07 17:30:00,39.0,39.1,38.6,38.6,3547.285
2022-03-07 18:00:00,38.6,38.7,38.3,38.5,4563.765
2022-03-07 18:30:00,38.6,38.6,38.2,38.2,1399.77
2022-03-07 19:00:00,38.2,38.3,37.7,38.0,2962.775
2022-03-07 19:30:00,38.0,38.2,37.5,37.8,3820.807
2022-03-07 20:00:00,37.8,37.8,36.8,37.6,10304.917
2022-03-07 20:30:00,37.6,37.7,37.5,37.6,686.83
2022-03-07 21:00:00,37.6,37.9,37.3,37.3,2184.835
2022-03-07 21:30:00,37.4,37.6,37.2,37.2,2555.583
2022-03-07 22:00:00,37.3,37.8,37.3,37.7,2598.684
2022-03-07 22:30:00,37.7,37.7,37.3,37.4,896.237
2022-03-07 23:00:00,37.5,37.8,37.5,37.7,1052.742
2022-03-07 23:30:00,37.7,38.0,37.1,37.4,3418.634
2022-03-08 00:00:00,37.4,38.8,37.1,38.8,8107.692
2022-03-08 00:30:00,38.8,39.2,38.7,38.8,3037.075
2022-03-08 01:00:00,38.9,39.4,38.4,38.7,5099.795
2022-03-08 01:30:00,38.8,38.9,38.6,38.6,1489.191
2022-03-08 02:00:00,38.6,39.0,38.4,39.0,2415.446
2022-03-08 02:30:00,38.9,39.1,38.7,38.9,2226.637
2022-03-08 03:00:00,38.9,39.0,38.7,38.7,897.956
2022-03-08 03:30:00,38.8,38.8,38.4,38.6,1652.462
2022-03-08 04:00:00,38.6,39.3,38.5,39.0,3142.835
2022-03-08 04:30:00,39.1,39.3,38.7,39.3,3867.505
2022-03-08 05:00:00,39.3,39.7,38.8,39.0,6713.63
2022-03-08 05:30:00,39.0,39.1,38.6,38.6,2983.532
2022-03-08 06:00:00,38.7,38.7,37.9,38.1,5076.218
2022-03-08 06:30:00,38.1,38.3,37.8,37.9,4758.022
2022-03-08 07:00:00,37.9,38.2,37.8,37.9,3145.248
2022-03-08 07:30:00,37.9,38.2,37.6,37.8,2957.92
2022-03-08 08:00:00,37.9,38.0,37.7,37.9,1239.464
2022-03-08 08:30:00,37.9,38.1,37.7,37.8,3002.885
2022-03-08 09:00:00,37.8,37.9,37.5,37.8,4841.43
2022-03-08 09:30:00,37.9,38.1,37.8,38.0,2068.81
2022-03-08 10:00:00,38.1,38.1,37.8,37.9,2299.34
2022-03-08 10:30:00,37.9,38.2,37.9,38.0,1809.734
2022-03-08 11:00:00,38.0,38.1,37.8,38.0,972.54
2022-03-08 11:30:00,38.0,38.0,37.7,37.9,1574.515
2022-03-08 12:00:00,37.8,38.1,37.7,37.7,1525.677
2022-03-08 12:30:00,37.7,37.9,37.7,37.9,828.46
2022-03-08 13:00:00,38.0,38.4,37.7,38.4,2822.638
2022-03-08 13:30:00,38.4,38.6,38.1,38.2,3810.283
2022-03-08 14:00:00,38.2,38.3,37.8,37.8,2430.693
2022-03-08 14:30:00,37.9,38.5,37.7,38.4,3901.441
2022-03-08 15:00:00,38.3,38.7,38.2,38.5,2918.183
2022-03-08 15:30:00,38.5,41.5,38.5,40.9,28146.278
2022-03-08 16:00:00,40.8,42.5,40.5,41.1,24246.164
2022-03-08 16:30:00,41.2,41.2,40.2,40.4,8739.79
2022-03-08 17:00:00,40.4,41.6,40.4,41.2,7007.259
2022-03-08 17:30:00,41.2,41.9,40.8,41.5,6484.963
2022-03-08 18:00:00,41.4,42.0,41.1,41.2,4573.617
2022-03-08 18:30:00,41.2,41.2,40.0,40.3,5997.336
2022-03-08 19:00:00,40.2,40.5,40.1,40.4,2594.125
2022-03-08 19:30:00,40.3,40.5,40.1,40.1,1943.996
2022-03-08 20:00:00,40.1,41.3,40.1,41.0,4341.314
2022-03-08 20:30:00,41.0,41.0,40.5,40.9,2664.935
2022-03-08 21:00:00,40.8,40.8,40.4,40.5,1136.465
2022-03-08 21:30:00,40.5,40.6,39.9,40.2,2283.123
2022-03-08 22:00:00,40.3,40.4,40.0,40.0,925.892
2022-03-08 22:30:00,40.1,40.6,40.0,40.5,1246.097
2022-03-08 23:00:00,40.5,40.9,40.3,40.4,1537.506
2022-03-08 23:30:00,40.4,40.5,40.2,40.3,772.176
2022-03-09 00:00:00,40.3,40.6,40.1,40.4,813.328
2022-03-09 00:30:00,40.4,40.4,39.9,40.1,1935.298
2022-03-09 01:00:00,40.2,40.2,39.9,40.0,929.333
2022-03-09 01:30:00,40.1,40.5,40.0,40.3,950.307
2022-03-09 02:00:00,40.4,41.1,40.3,41.1,5810.4
2022-03-09 02:30:00,41.1,43.0,41.1,42.5,16513.919
2022-03-09 03:00:00,42.5,43.1,40.9,41.6,16533.627
2022-03-09 03:30:00,41.6,44.2,41.4,43.2,17666.833
2022-03-09 04:00:00,43.2,44.3,42.9,43.5,9326.79
2022-03-09 04:30:00,43.5,44.7,43.2,43.5,11252.568
2022-03-09 05:00:00,43.5,43.5,42.7,42.9,4182.699
2022-03-09 05:30:00,42.9,43.4,42.7,43.2,3424.632
2022-03-09 06:00:00,43.2,43.2,42.5,42.7,3490.322
2022-03-09 06:30:00,42.7,42.9,42.2,42.5,2539.502
2022-03-09 07:00:00,42.5,42.5,41.9,42.0,5778.334
2022-03-09 07:30:00,42.0,42.5,41.9,42.2,2962.387
2022-03-09 08:00:00,42.3,42.4,42.1,42.1,2189.651
2022-03-09 08:30:00,42.2,42.5,41.8,41.9,5651.656
2022-03-09 09:00:00,41.9,42.1,41.5,41.5,3646.569
2022-03-09 09:30:00,41.5,41.9,41.4,41.6,1472.857
2022-03-09 10:00:00,41.6,41.9,41.5,41.7,2580.995
2022-03-09 10:30:00,41.7,41.8,41.1,41.4,4118.36
2022-03-09 11:00:00,41.3,41.6,40.8,41.1,5287.057
2022-03-09 11:30:00,41.1,41.2,40.6,40.7,3355.89
2022-03-09 12:00:00,40.8,41.1,40.5,40.8,6556.203
2022-03-09 12:30:00,40.6,40.7,40.2,40.3,6714.137
2022-03-09 13:00:00,40.4,40.6,40.3,40.5,3200.708
2022-03-09 13:30:00,40.5,40.7,40.4,40.5,1573.753
2022-03-09 14:00:00,40.5,41.5,40.5,41.3,6219.495
2022-03-09 14:30:00,41.2,41.5,40.9,41.4,6082.717
2022-03-09 15:00:00,41.3,41.5,40.9,40.9,4021.844
2022-03-09 15:30:00,40.9,41.2,40.8,41.0,2804.603
2022-03-09 16:00:00,41.0,42.0,40.9,41.5,6698.204
2022-03-09 16:30:00,41.4,41.5,40.2,40.4,11293.403
2022-03-09 17:00:00,40.4,40.7,40.4,40.4,2652.994
2022-03-09 17:30:00,40.5,42.2,40.3,42.2,14370.192
2022-03-09 18:00:00,42.2,42.2,40.9,41.4,7667.868
2022-03-09 18:30:00,41.3,41.6,41.1,41.5,3994.327
2022-03-09 19:00:00,41.5,41.6,41.1,41.2,1216.216
2022-03-09 19:30:00,41.3,41.5,41.2,41.4,412.19
2022-03-09 20:00:00,41.5,41.6,41.3,41.5,893.444
2022-03-09 20:30:00,41.3,41.5,40.9,41.0,3087.4
2022-03-09 21:00:00,41.1,41.2,40.6,40.6,1302.555
2022-03-09 21:30:00,40.6,40.8,40.3,40.7,2084.693
2022-03-09 22:00:00,40.7,40.9,40.5,40.5,1595.508
2022-03-09 22:30:00,40.5,40.8,40.3,40.6,575.839
2022-03-09 23:00:00,40.6,40.6,40.4,40.5,508.697
2022-03-09 23:30:00,40.5,41.0,40.4,40.6,688.173
2022-03-10 00:00:00,40.6,40.9,40.2,40.2,4497.637
2022-03-10 00:30:00,40.3,40.8,40.2,40.6,2108.088
2022-03-10 01:00:00,40.8,41.2,40.6,40.9,3488.702
2022-03-10 01:30:00,40.8,40.8,40.1,40.2,6504.955
2022-03-10 02:00:00,40.2,40.3,39.9,40.0,3157.424
2022-03-10 02:30:00,40.0,40.0,39.3,39.5,8132.381
2022-03-10 03:00:00,39.4,39.6,39.2,39.5,2297.987
2022-03-10 03:30:00,39.4,39.4,39.1,39.3,3009.509
2022-03-10 04:00:00,39.2,39.4,39.0,39.1,2326.33
2022-03-10 04:30:00,39.0,39.0,38.2,38.8,5967.967
2022-03-10 05:00:00,38.7,38.9,37.5,38.2,14247.479
2022-03-10 05:30:00,38.3,38.6,38.0,38.3,2770.836
2022-03-10 06:00:00,38.4,38.4,38.0,38.1,695.865
2022-03-10 06:30:00,38.1,38.5,38.1,38.4,851.328
2022-03-10 07:00:00,38.4,38.8,38.4,38.8,1272.288
2022-03-10 07:30:00,38.8,38.9,38.6,38.7,1424.916
2022-03-10 08:00:00,38.7,38.8,38.4,38.7,2427.294
2022-03-10 08:30:00,38.7,38.9,38.5,38.9,1127.217
2022-03-10 09:00:00,38.8,38.8,38.5,38.6,975.901
2022-03-10 09:30:00,38.6,38.7,38.4,38.5,1065.126
2022-03-10 10:00:00,38.5,38.9,38.3,38.7,1382.559
2022-03-10 10:30:00,38.7,38.8,38.2,38.2,2152.694
2022-03-10 11:00:00,38.2,38.4,38.1,38.2,996.414
2022-03-10 11:30:00,38.2,38.3,38.1,38.2,947.55
2022-03-10 12:00:00,38.2,38.5,38.2,38.5,1295.477
2022-03-10 12:30:00,38.5,38.5,38.3,38.4,434.031
2022-03-10 13:00:00,38.5,39.3,38.4,38.9,3814.953
2022-03-10 13:30:00,38.9,39.1,38.6,38.8,3118.267
2022-03-10 14:00:00,38.9,39.3,38.8,38.9,3049.307
2022-03-10 14:30:00,38.9,39.0,38.8,38.9,727.801
2022-03-10 15:00:00,39.0,39.3,38.8,38.8,2920.975
2022-03-10 15:30:00,38.8,39.0,38.7,39.0,869.523
2022-03-10 16:00:00,39.0,39.2,38.8,39.0,1205.211
2022-03-10 16:30:00,39.1,39.1,38.8,39.0,606.825
2022-03-10 17:00:00,38.9,39.0,38.9,38.9,341.992
2022-03-10 17:30:00,38.9,39.0,38.8,38.8,674.185
2022-03-10 18:00:00,38.8,39.0,38.6,38.6,1490.476
2022-03-10 18:30:00,38.7,38.8,38.6,38.7,985.881
2022-03-10 19:00:00,38.6,39.3,38.6,39.3,1598.093
2022-03-10 19:30:00,39.3,39.4,39.0,39.3,1328.323
2022-03-10 20:00:00,39.3,39.4,39.2,39.4,304.812
2022-03-10 20:30:00,39.3,39.5,39.2,39.2,941.247
2022-03-10 21:00:00,39.2,39.4,39.2,39.3,323.306
2022-03-10 21:30:00,39.3,39.3,39.1,39.3,331.147
2022-03-10 22:00:00,39.2,39.2,39.1,39.2,266.711
2022-03-10 22:30:00,39.2,39.3,39.1,39.3,208.974
2022-03-10 23:00:00,39.3,39.4,39.3,39.4,138.732
2022-03-10 23:30:00,39.4,39.4,39.0,39.1,441.166
2022-03-11 00:00:00,39.1,39.2,39.0,39.1,573.163
2022-03-11 00:30:00,39.2,39.3,39.1,39.1,385.833
2022-03-11 01:00:00,39.1,39.3,39.0,39.0,1041.716
2022-03-11 01:30:00,39.0,39.9,39.0,39.5,2027.375
2022-03-11 02:00:00,39.4,39.5,38.4,38.6,5189.311
2022-03-11 02:30:00,38.5,38.6,38.1,38.1,3636.472
2022-03-11 03:00:00,38.2,38.5,38.1,38.4,1113.521
2022-03-11 03:30:00,38.4,38.6,38.4,38.5,620.513
2022-03-11 04:00:00,38.5,38.5,38.2,38.2,947.303
2022-03-11 04:30:00,38.3,38.3,38.1,38.1,1020.943
2022-03-11 05:00:00,38.1,38.1,37.8,37.8,2343.716
2022-03-11 05:30:00,37.8,39.1,37.7,38.9,10249.016
2022-03-11 06:00:00,38.9,39.4,38.9,39.4,2026.252
2022-03-11 06:30:00,39.3,39.7,39.1,39.5,2646.688
2022-03-11 07:00:00,39.5,39.8,39.4,39.6,2002.474
2022-03-11 07:30:00,39.6,39.6,39.3,39.4,1626.322
2022-03-11 08:00:00,39.4,39.4,39.1,39.3,1530.421
2022-03-11 08:30:00,39.3,39.4,39.2,39.4,511.092
2022-03-11 09:00:00,39.3,39.5,39.2,39.4,773.676
2022-03-11 09:30:00,39.4,41.3,39.4,41.2,10029.715
2022-03-11 10:00:00,41.1,41.4,40.2,40.3,6087.981
2022-03-11 10:30:00,40.3,40.6,40.2,40.6,2160.167
2022-03-11 11:00:00,40.6,40.6,40.1,40.2,2794.82
2022-03-11 11:30:00,40.2,40.6,40.1,40.6,2309.646
2022-03-11 12:00:00,40.6,40.6,40.3,40.3,2693.346
2022-03-11 12:30:00,40.3,40.6,40.2,40.6,1236.48
2022-03-11 13:00:00,40.6,40.6,40.0,40.4,2173.167
2022-03-11 13:30:00,40.2,40.3,39.7,39.9,2598.188
2022-03-11 14:00:00,39.9,40.7,39.7,40.4,5793.129
2022-03-11 14:30:00,40.5,40.8,40.3,40.8,2399.613
2022-03-11 15:00:00,40.8,40.9,40.4,40.7,2388.947
2022-03-11 15:30:00,40.7,41.4,40.6,40.8,6033.83
2022-03-11 16:00:00,40.7,41.1,40.0,40.3,4453.71
2022-03-11 16:30:00,40.4,41.1,40.4,41.1,1962.297
2022-03-11 17:00:00,41.0,41.1,40.5,41.0,1678.157
2022-03-11 17:30:00,40.9,41.3,40.4,40.5,2411.462
2022-03-11 18:00:00,40.5,40.7,40.4,40.6,500.193
2022-03-11 18:30:00,40.7,40.8,40.5,40.5,512.573
2022-03-11 19:00:00,40.5,40.8,40.5,40.8,258.258
2022-03-11 19:30:00,40.8,40.8,40.7,40.7,338.028
2022-03-11 20:00:00,40.7,40.8,40.5,40.6,394.531
2022-03-11 20:30:00,40.6,40.7,40.4,40.5,298.32
2022-03-11 21:00:00,40.4,40.7,40.3,40.5,1532.188
2022-03-11 21:30:00,40.4,40.5,40.3,40.3,94.344
2022-03-11 22:00:00,40.3,40.5,40.3,40.3,308.71
2022-03-11 22:30:00,40.3,40.5,40.2,40.2,428.049
2022-03-11 23:00:00,40.3,40.4,40.0,40.2,454.053
2022-03-11 23:30:00,40.2,40.2,40.0,40.1,277.917
2022-03-12 00:00:00,40.0,40.5,40.0,40.2,564.978
2022-03-12 00:30:00,40.3,40.9,40.2,40.8,3221.76
2022-03-12 01:00:00,40.8,41.1,40.7,40.9,1579.439
2022-03-12 01:30:00,41.0,42.0,40.9,42.0,5181.142
2022-03-12 02:00:00,42.0,43.5,41.9,43.1,12422.424
2022-03-12 02:30:00,43.0,43.7,42.0,43.4,12422.142
2022-03-12 03:00:00,43.4,43.7,42.6,42.7,4665.706
2022-03-12 03:30:00,42.7,43.3,41.9,43.3,7888.255
2022-03-12 04:00:00,43.3,43.3,42.0,42.0,6594.341
2022-03-12 04:30:00,42.0,42.2,41.8,42.0,1929.132
2022-03-12 05:00:00,42.1,42.1,41.7,41.7,1925.753
2022-03-12 05:30:00,41.7,42.0,41.7,41.9,451.684
2022-03-12 06:00:00,42.0,42.1,41.4,41.5,2431.065
2022-03-12 06:30:00,41.5,41.7,41.5,41.6,1053.621
2022-03-12 07:00:00,41.6,41.8,41.3,41.8,1690.844
2022-03-12 07:30:00,41.7,41.8,41.5,41.8,1288.526
2022-03-12 08:00:00,41.8,41.8,41.6,41.6,846.065
2022-03-12 08:30:00,41.6,41.7,41.3,41.4,1125.962
2022-03-12 09:00:00,41.4,41.6,41.2,41.2,1277.231
2022-03-12 09:30:00,41.2,41.4,41.0,41.1,2577.31
2022-03-12 10:00:00,41.0,41.1,40.4,40.6,2659.932
2022-03-12 10:30:00,40.6,40.8,40.5,40.8,714.44
2022-03-12 11:00:00,40.8,40.9,40.4,40.7,1883.753
2022-03-12 11:30:00,40.8,40.8,40.2,40.2,3034.096
2022-03-12 12:00:00,40.3,40.4,40.2,40.2,649.6
2022-03-12 12:30:00,40.2,40.4,40.2,40.3,1536.306
2022-03-12 13:00:00,40.3,41.1,40.2,40.7,4522.091
2022-03-12 13:30:00,40.8,40.8,40.4,40.6,1527.175
2022-03-12 14:00:00,40.6,40.8,40.3,40.3,1843.868
2022-03-12 14:30:00,40.4,40.6,40.2,40.5,2267.396
2022-03-12 15:00:00,40.5,40.5,40.0,40.3,1172.881
2022-03-12 15:30:00,40.3,40.5,40.2,40.4,1127.679
2022-03-12 16:00:00,40.4,41.1,40.3,40.7,3343.869
2022-03-12 16:30:00,40.7,41.1,40.6,41.0,2012.545
2022-03-12 17:00:00,40.9,41.1,40.8,40.8,1189.088
2022-03-12 17:30:00,40.8,40.9,40.7,40.8,765.175
2022-03-12 18:00:00,40.7,40.9,40.6,40.7,854.771
2022-03-12 18:30:00,40.6,40.6,40.4,40.5,561.559
2022-03-12 19:00:00,40.5,40.6,40.4,40.6,652.216
2022-03-12 19:30:00,40.4,40.5,40.3,40.5,748.254
2022-03-12 20:00:00,40.5,40.6,40.4,40.6,460.485
2022-03-12 20:30:00,40.6,40.9,40.5,40.5,857.521
2022-03-12 21:00:00,40.5,40.6,40.4,40.6,182.371
2022-03-12 21:30:00,40.6,40.7,40.5,40.5,114.122
2022-03-12 22:00:00,40.5,40.6,40.3,40.4,362.298
2022-03-12 22:30:00,40.4,40.7,40.4,40.5,98.549
2022-03-12 23:00:00,40.6,41.0,40.3,40.9,529.816
2022-03-12 23:30:00,40.9,40.9,40.7,40.7,205.597
2022-03-13 00:00:00,40.8,41.0,40.6,41.0,785.324
2022-03-13 00:30:00,41.0,41.6,40.8,41.3,5101.114
2022-03-13 01:00:00,41.3,41.7,40.9,41.6,1942.05
2022-03-13 01:30:00,41.6,41.6,41.2,41.4,1063.561
2022-03-13 02:00:00,41.4,41.4,41.2,41.3,219.542
2022-03-13 02:30:00,41.3,41.3,41.0,41.1,718.393
2022-03-13 03:00:00,41.0,41.0,40.9,40.9,638.372
2022-03-13 03:30:00,40.8,41.0,40.8,41.0,425.614
2022-03-13 04:00:00,41.0,41.0,40.8,40.9,755.007
2022-03-13 04:30:00,40.9,40.9,40.7,40.8,866.043
2022-03-13 05:00:00,40.8,40.8,40.5,40.5,1319.847
2022-03-13 05:30:00,40.5,40.6,40.3,40.3,884.128
2022-03-13 06:00:00,40.4,40.4,40.1,40.3,1093.708
2022-03-13 06:30:00,40.3,40.4,40.3,40.3,334.27
2022-03-13 07:00:00,40.3,40.3,40.2,40.3,698.418
2022-03-13 07:30:00,40.3,40.4,40.1,40.4,2570.156
2022-03-13 08:00:00,40.3,40.3,39.7,39.8,3122.033
2022-03-13 08:30:00,39.9,39.9,39.4,39.5,1714.021
2022-03-13 09:00:00,39.5,39.7,39.4,39.6,3715.169
2022-03-13 09:30:00,39.5,39.5,39.0,39.2,4380.502
2022-03-13 10:00:00,39.2,39.2,38.9,39.1,1623.891
2022-03-13 10:30:00,39.1,39.4,39.0,39.3,1582.548
2022-03-13 11:00:00,39.4,39.5,39.2,39.3,1457.766
2022-03-13 11:30:00,39.4,39.4,39.1,39.3,1222.258
2022-03-13 12:00:00,39.3,39.4,38.7,38.9,1386.095
2022-03-13 12:30:00,38.9,38.9,38.4,38.7,2775.876
2022-03-13 13:00:00,38.7,39.3,38.6,39.1,3571.202
2022-03-13 13:30:00,39.0,39.1,38.8,38.9,995.143
2022-03-13 14:00:00,38.9,39.2,38.8,39.1,578.612
2022-03-13 14:30:00,39.2,39.3,39.0,39.2,802.056
2022-03-13 15:00:00,39.1,39.9,38.9,39.5,4138.807
2022-03-13 15:30:00,39.5,39.6,39.1,39.4,1013.182
2022-03-13 16:00:00,39.4,39.4,39.1,39.2,327.966
2022-03-13 16:30:00,39.2,39.7,39.1,39.4,892.129
2022-03-13 17:00:00,39.4,39.5,39.2,39.2,780.863
2022-03-13 17:30:00,39.2,39.6,39.1,39.4,788.567
2022-03-13 18:00:00,39.5,39.9,39.4,39.7,1471.157
2022-03-13 18:30:00,39.7,39.9,39.6,39.8,939.387
2022-03-13 19:00:00,39.9,40.0,39.6,39.9,1927.772
2022-03-13 19:30:00,39.9,40.1,39.7,39.8,817.341
2022-03-13 20:00:00,39.7,39.8,39.6,39.7,173.707
2022-03-13 20:30:00,39.7,39.7,39.6,39.6,252.741
2022-03-13 21:00:00,39.6,39.7,39.4,39.5,328.368
2022-03-13 21:30:00,39.4,39.5,39.3,39.3,640.926
2022-03-13 22:00:00,39.3,39.4,39.0,39.2,774.336
2022-03-13 22:30:00,39.1,39.4,38.9,38.9,1979.856
2022-03-13 23:00:00,38.9,39.5,38.9,39.1,1725.81
2022-03-13 23:30:00,39.3,39.3,38.7,39.1,1546.522
2022-03-14 00:00:00,39.1,39.3,39.1,39.1,352.844
2022-03-14 00:30:00,39.2,39.2,38.7,38.8,371.458
2022-03-14 01:00:00,39.0,39.2,39.0,39.2,359.468
2022-03-14 01:30:00,39.2,39.2,38.5,38.9,1689.936
2022-03-14 02:00:00,38.9,39.0,38.6,38.9,478.913
2022-03-14 02:30:00,38.9,39.0,38.6,38.6,659.044
2022-03-14 03:00:00,38.7,39.0,38.6,38.9,967.547
2022-03-14 03:30:00,38.8,38.8,38.5,38.7,765.54
2022-03-14 04:00:00,38.7,39.1,38.6,38.7,1222.911
2022-03-14 04:30:00,38.7,38.7,38.2,38.6,2405.69
2022-03-14 05:00:00,38.6,38.8,38.5,38.8,706.012
2022-03-14 05:30:00,38.7,38.7,38.1,38.3,2958.782
2022-03-14 06:00:00,38.2,39.2,38.2,38.9,3691.212
2022-03-14 06:30:00,38.9,39.1,38.7,38.9,472.075
2022-03-14 07:00:00,38.9,39.0,38.7,38.8,905.26
2022-03-14 07:30:00,38.8,39.3,38.7,39.0,1229.456
2022-03-14 08:00:00,39.0,41.1,39.0,40.7,20407.225
2022-03-14 08:30:00,40.6,40.8,40.0,40.3,2396.957
2022-03-14 09:00:00,40.3,40.3,39.7,39.9,3232.99
2022-03-14 09:30:00,39.9,40.0,39.6,39.8,1565.347
2022-03-14 10:00:00,39.8,40.0,39.8,40.0,1088.229
2022-03-14 10:30:00,40.0,40.0,39.6,39.8,361.856
2022-03-14 11:00:00,39.6,39.8,39.4,39.4,1246.774
2022-03-14 11:30:00,39.4,39.8,39.4,39.4,1310.471
2022-03-14 12:00:00,39.4,39.5,39.0,39.5,1685.844
2022-03-14 12:30:00,39.3,39.5,39.1,39.3,2013.634
2022-03-14 13:00:00,39.3,39.4,39.1,39.1,570.048
2022-03-14 13:30:00,39.2,39.3,38.9,38.9,1499.482
2022-03-14 14:00:00,38.9,39.3,38.7,38.8,2399.109
2022-03-14 14:30:00,38.7,39.6,38.7,39.2,6060.338
2022-03-14 15:00:00,39.2,39.5,39.1,39.4,1070.772
2022-03-14 15:30:00,39.3,39.4,39.0,39.2,857.453
2022-03-14 16:00:00,39.3,39.4,39.2,39.3,209.978
2022-03-14 16:30:00,39.4,39.4,39.1,39.2,534.468
2022-03-14 17:00:00,39.2,39.2,38.9,38.9,509.578
2022-03-14 17:30:00,39.0,39.0,38.6,38.9,1498.699
2022-03-14 18:00:00,38.9,38.9,38.6,38.7,789.574
2022-03-14 18:30:00,38.6,38.9,38.6,38.7,558.6
2022-03-14 19:00:00,38.7,38.8,38.6,38.6,482.742
2022-03-14 19:30:00,38.6,38.8,38.6,38.6,462.705
2022-03-14 20:00:00,38.7,38.9,38.7,38.7,452.571
2022-03-14 20:30:00,38.7,38.8,38.6,38.6,210.929
2022-03-14 21:00:00,38.7,38.8,38.6,38.6,341.967
2022-03-14 21:30:00,38.7,38.8,38.6,38.8,71.253
2022-03-14 22:00:00,38.7,39.0,38.5,38.9,518.538
2022-03-14 22:30:00,38.9,39.0,38.8,38.9,1171.308
2022-03-14 23:00:00,39.0,39.2,38.9,39.0,1086.533
2022-03-14 23:30:00,39.1,39.2,39.0,39.0,359.691
2022-03-15 00:00:00,39.1,39.2,38.8,38.9,416.176
2022-03-15 00:30:00,38.9,39.3,38.8,39.1,1109.167
2022-03-15 01:00:00,39.0,39.0,38.5,38.5,962.271
2022-03-15 01:30:00,38.5,38.8,38.4,38.7,1576.696
2022-03-15 02:00:00,38.7,39.4,38.7,38.9,1005.94
2022-03-15 02:30:00,38.9,39.0,38.4,38.7,959.649
2022-03-15 03:00:00,38.8,38.8,38.6,38.6,96.042
2022-03-15 03:30:00,38.6,38.7,38.4,38.5,597.807
2022-03-15 04:00:00,38.5,38.7,38.5,38.5,378.146
2022-03-15 04:30:00,38.5,38.7,38.5,38.6,142.987
2022-03-15 05:00:00,38.5,38.7,38.5,38.5,128.026
2022-03-15 05:30:00,38.5,38.5,38.3,38.5,706.086
2022-03-15 06:00:00,38.6,38.6,38.3,38.6,844.424
2022-03-15 06:30:00,38.5,38.5,38.4,38.5,333.728
2022-03-15 07:00:00,38.4,38.4,36.9,38.0,12793.314
2022-03-15 07:30:00,38.0,38.3,37.9,37.9,514.127
2022-03-15 08:00:00,37.9,38.2,37.6,37.7,1338.565
2022-03-15 08:30:00,37.6,37.8,37.5,37.5,5281.589
2022-03-15 09:00:00,37.5,38.0,37.5,37.9,1070.114
2022-03-15 09:30:00,37.8,37.9,37.6,37.6,459.33
2022-03-15 10:00:00,37.6,38.0,37.5,37.6,3066.541
2022-03-15 10:30:00,37.6,37.7,37.3,37.7,2215.435
2022-03-15 11:00:00,37.5,37.6,37.4,37.4,1275.764
2022-03-15 11:30:00,37.4,37.5,37.3,37.4,990.028
2022-03-15 12:00:00,37.3,38.1,37.3,37.5,6796.135
2022-03-15 12:30:00,37.7,37.8,37.5,37.6,927.955
2022-03-15 13:00:00,37.5,37.5,37.4,37.4,928.224
2022-03-15 13:30:00,37.4,37.5,37.2,37.4,953.951
2022-03-15 14:00:00,37.4,37.6,37.3,37.4,1629.922
2022-03-15 14:30:00,37.5,37.6,37.4,37.6,866.473
2022-03-15 15:00:00,37.5,38.0,37.5,37.6,2933.004
2022-03-15 15:30:00,37.7,38.0,37.6,37.9,1411.652
2022-03-15 16:00:00,37.8,37.9,37.7,37.9,368.497
2022-03-15 16:30:00,38.0,38.3,37.9,38.2,1444.314
2022-03-15 17:00:00,38.1,38.2,37.7,37.8,859.706
2022-03-15 17:30:00,37.9,38.0,37.8,37.9,94.902
2022-03-15 18:00:00,37.9,38.0,37.9,38.0,537.913
2022-03-15 18:30:00,38.0,38.1,37.9,38.1,205.704
2022-03-15 19:00:00,38.0,38.1,38.0,38.0,809.991
2022-03-15 19:30:00,37.9,38.0,37.7,37.8,497.116
2022-03-15 20:00:00,37.8,37.9,37.7,37.9,546.593
2022-03-15 20:30:00,37.8,37.9,37.8,37.9,85.843
2022-03-15 21:00:00,37.8,37.9,37.7,37.8,137.911
2022-03-15 21:30:00,37.7,37.8,37.6,37.6,198.709
2022-03-15 22:00:00,37.6,37.9,37.6,37.7,287.459
2022-03-15 22:30:00,37.7,37.8,37.6,37.7,303.474
2022-03-15 23:00:00,37.7,37.8,37.6,37.8,442.048
2022-03-15 23:30:00,37.7,37.8,37.5,37.6,280.79
2022-03-16 00:00:00,37.7,37.7,37.6,37.6,249.349
2022-03-16 00:30:00,37.7,37.8,37.7,37.7,136.365
2022-03-16 01:00:00,37.8,37.8,37.6,37.7,322.05
2022-03-16 01:30:00,37.8,38.4,37.7,37.9,2652.989
2022-03-16 02:00:00,37.9,38.8,37.9,38.2,3797.16
2022-03-16 02:30:00,38.1,38.3,38.0,38.1,840.51
2022-03-16 03:00:00,38.2,38.2,37.6,37.6,2475.028
2022-03-16 03:30:00,37.6,38.0,37.5,37.5,2181.889
2022-03-16 04:00:00,37.5,37.7,37.5,37.6,826.587
2022-03-16 04:30:00,37.6,37.6,37.5,37.5,248.451
2022-03-16 05:00:00,37.6,37.7,37.4,37.5,1368.386
2022-03-16 05:30:00,37.5,38.3,37.5,37.7,3864.716
2022-03-16 06:00:00,37.7,37.9,37.7,37.8,409.941
2022-03-16 06:30:00,37.9,38.1,37.7,38.1,625.508
2022-03-16 07:00:00,38.1,38.2,37.9,38.0,1082.522
2022-03-16 07:30:00,38.0,38.1,38.0,38.0,295.406
2022-03-16 08:00:00,38.1,38.3,38.1,38.2,819.767
2022-03-16 08:30:00,38.1,38.4,38.1,38.3,1013.793
2022-03-16 09:00:00,38.3,38.6,38.3,38.6,1675.37
2022-03-16 09:30:00,38.6,38.6,38.4,38.4,486.2
2022-03-16 10:00:00,38.3,38.5,38.3,38.3,300.298
2022-03-16 10:30:00,38.3,38.4,38.2,38.2,559.648
2022-03-16 11:00:00,38.2,38.2,38.1,38.2,281.88
2022-03-16 11:30:00,38.1,38.2,37.9,38.0,5109.131
2022-03-16 12:00:00,38.0,38.0,37.8,37.8,386.593
2022-03-16 12:30:00,37.8,37.9,37.7,37.9,973.042
2022-03-16 13:00:00,37.9,38.0,37.5,37.6,1401.41
2022-03-16 13:30:00,37.6,38.5,37.6,38.3,6980.195
2022-03-16 14:00:00,38.4,38.8,38.4,38.7,2673.827
2022-03-16 14:30:00,38.6,38.7,38.5,38.6,316.553
2022-03-16 15:00:00,38.7,39.7,38.4,39.4,7717.936
2022-03-16 15:30:00,39.5,39.5,38.9,39.1,1273.04
2022-03-16 16:00:00,39.1,39.3,38.8,39.0,1305.741
2022-03-16 16:30:00,39.0,39.3,39.0,39.1,1023.223
2022-03-16 17:00:00,39.1,39.2,38.8,38.9,590.174
2022-03-16 17:30:00,38.9,38.9,38.7,38.8,310.185
2022-03-16 18:00:00,38.7,38.7,38.1,38.3,2886.254
2022-03-16 18:30:00,38.3,39.7,38.2,39.3,5843.953
2022-03-16 19:00:00,39.2,39.6,39.0,39.5,796.23
2022-03-16 19:30:00,39.5,39.5,39.1,39.3,1349.181
2022-03-16 20:00:00,39.3,39.8,39.2,39.3,1874.331
2022-03-16 20:30:00,39.4,39.4,39.2,39.3,948.981
2022-03-16 21:00:00,39.3,39.4,39.0,39.2,890.154
2022-03-16 21:30:00,39.2,39.2,38.9,38.9,197.828
2022-03-16 22:00:00,39.0,39.0,38.9,39.0,59.052
2022-03-16 22:30:00,38.9,39.1,38.9,38.9,209.401
2022-03-16 23:00:00,38.9,39.0,38.9,39.0,201.762
2022-03-16 23:30:00,39.0,39.3,39.0,39.3,443.572
2022-03-17 00:00:00,39.2,39.4,39.1,39.1,510.529
2022-03-17 00:30:00,39.1,39.2,39.1,39.2,35.866
2022-03-17 01:00:00,39.2,39.5,39.1,39.4,1827.501
2022-03-17 01:30:00,39.4,40.0,39.3,39.8,3157.788
2022-03-17 02:00:00,39.8,40.3,39.6,39.9,2753.552
2022-03-17 02:30:00,39.9,40.2,39.8,40.0,1222.427
2022-03-17 03:00:00,40.0,40.3,39.9,40.1,1221.655
2022-03-17 03:30:00,40.1,40.1,39.9,40.1,898.022
2022-03-17 04:00:00,40.1,40.6,40.1,40.2,1869.11
2022-03-17 04:30:00,40.2,40.3,40.0,40.1,515.824
2022-03-17 05:00:00,40.1,40.2,39.7,40.0,1778.367
2022-03-17 05:30:00,40.0,40.0,39.6,39.8,417.224
2022-03-17 06:00:00,39.9,39.9,39.5,39.6,993.89
2022-03-17 06:30:00,39.5,39.5,39.0,39.3,1997.523
2022-03-17 07:00:00,39.2,39.3,39.1,39.2,496.615
2022-03-17 07:30:00,39.2,39.2,39.1,39.1,129.948
2022-03-17 08:00:00,39.1,39.3,39.1,39.2,692.079
2022-03-17 08:30:00,39.2,39.3,39.1,39.3,265.035
2022-03-17 09:00:00,39.3,40.5,39.1,40.0,6552.131
2022-03-17 09:30:00,40.0,40.5,39.9,40.2,3776.833
2022-03-17 10:00:00,40.2,40.3,39.9,40.0,1158.13
2022-03-17 10:30:00,40.0,40.2,39.8,39.9,581.051
2022-03-17 11:00:00,40.0,40.1,39.8,40.1,478.467
2022-03-17 11:30:00,40.1,40.3,40.0,40.2,1216.768
2022-03-17 12:00:00,40.2,40.2,39.7,39.8,3063.903
2022-03-17 12:30:00,39.8,39.9,39.7,39.8,535.67
2022-03-17 13:00:00,39.9,40.0,39.5,39.6,1754.107
2022-03-17 13:30:00,39.6,39.7,39.5,39.7,564.337
2022-03-17 14:00:00,39.7,40.0,39.5,39.7,3639.529
2022-03-17 14:30:00,39.7,39.8,39.4,39.4,377.838
2022-03-17 15:00:00,39.4,39.7,39.4,39.5,877.747
2022-03-17 15:30:00,39.6,39.6,39.3,39.5,916.811
2022-03-17 16:00:00,39.4,39.7,39.4,39.5,742.632
2022-03-17 16:30:00,39.5,39.5,39.2,39.2,387.14
2022-03-17 17:00:00,39.3,39.4,39.2,39.4,189.512
2022-03-17 17:30:00,39.4,39.5,39.3,39.4,220.496
2022-03-17 18:00:00,39.5,39.5,39.4,39.4,83.999
2022-03-17 18:30:00,39.4,39.5,39.3,39.4,189.691
2022-03-17 19:00:00,39.4,39.5,39.4,39.4,55.024
2022-03-17 19:30:00,39.4,39.5,39.2,39.2,790.171
2022-03-17 20:00:00,39.3,39.4,39.2,39.2,261.425
2022-03-17 20:30:00,39.2,39.3,39.2,39.3,66.107
2022-03-17 21:00:00,39.2,39.3,39.1,39.3,352.244
2022-03-17 21:30:00,39.3,39.5,39.1,39.5,311.907
2022-03-17 22:00:00,39.5,39.5,39.3,39.3,104.565
2022-03-17 22:30:00,39.4,39.6,39.4,39.4,259.912
2022-03-17 23:00:00,39.4,39.5,39.2,39.2,297.612
2022-03-17 23:30:00,39.2,39.3,39.1,39.2,357.15
2022-03-18 00:00:00,39.2,39.2,39.1,39.1,337.231
2022-03-18 00:30:00,39.1,39.6,39.0,39.1,653.341
2022-03-18 01:00:00,39.1,39.5,38.9,39.2,889.061
2022-03-18 01:30:00,39.2,39.3,39.1,39.2,111.823
2022-03-18 02:00:00,39.2,39.4,39.2,39.2,292.166
2022-03-18 02:30:00,39.4,39.5,39.2,39.2,455.078
2022-03-18 03:00:00,39.2,39.3,39.1,39.1,421.108
2022-03-18 03:30:00,39.1,39.5,39.1,39.3,592.234
2022-03-18 04:00:00,39.4,39.6,39.3,39.4,780.063
2022-03-18 04:30:00,39.5,39.5,39.3,39.3,88.631
2022-03-18 05:00:00,39.3,39.4,39.3,39.3,187.431
2022-03-18 05:30:00,39.3,39.5,39.3,39.3,104.394
2022-03-18 06:00:00,39.4,39.6,39.3,39.4,710.459
2022-03-18 06:30:00,39.5,39.7,39.4,39.5,662.225
2022-03-18 07:00:00,39.5,39.6,39.4,39.5,635.058
2022-03-18 07:30:00,39.5,39.8,39.4,39.4,795.739
2022-03-18 08:00:00,39.5,39.6,38.7,39.0,5730.545
2022-03-18 08:30:00,39.0,39.1,38.7,38.9,1910.128
2022-03-18 09:00:00,38.8,39.1,38.7,38.8,2596.902
2022-03-18 09:30:00,38.9,39.1,38.7,38.7,752.126
2022-03-18 10:00:00,38.7,39.0,38.7,39.0,643.222
2022-03-18 10:30:00,38.9,39.1,38.5,38.7,2661.339
2022-03-18 11:00:00,38.7,38.8,38.6,38.6,102.125
2022-03-18 11:30:00,38.6,38.7,38.5,38.6,341.359
2022-03-18 12:00:00,38.6,38.7,38.6,38.6,190.221
2022-03-18 12:30:00,38.6,38.7,38.4,38.6,1133.449
2022-03-18 13:00:00,38.5,38.6,38.5,38.6,247.174
2022-03-18 13:30:00,38.7,38.7,38.4,38.6,413.883
2022-03-18 14:00:00,38.6,38.8,38.6,38.7,353.321
2022-03-18 14:30:00,38.7,38.7,38.5,38.6,354.907
2022-03-18 15:00:00,38.6,38.8,38.6,38.6,463.691
2022-03-18 15:30:00,38.6,38.9,38.6,38.8,1279.806
2022-03-18 16:00:00,38.9,39.0,38.8,39.0,500.703
2022-03-18 16:30:00,38.9,39.1,38.9,39.1,490.221
2022-03-18 17:00:00,39.0,39.1,38.9,39.1,537.888
2022-03-18 17:30:00,39.1,39.1,39.0,39.1,601.493
2022-03-18 18:00:00,39.1,39.2,39.0,39.2,469.758
2022-03-18 18:30:00,39.2,39.2,39.1,39.1,218.945
2022-03-18 19:00:00,39.1,39.2,39.1,39.1,110.877
2022-03-18 19:30:00,39.2,39.2,39.1,39.2,116.983
2022-03-18 20:00:00,39.2,39.6,39.1,39.6,2908.489
2022-03-18 20:30:00,39.6,39.6,39.3,39.5,816.616
2022-03-18 21:00:00,39.4,39.5,39.3,39.3,185.345
2022-03-18 21:30:00,39.3,39.4,39.3,39.3,204.698
2022-03-18 22:00:00,39.3,40.0,39.3,39.9,2369.42
2022-03-18 22:30:00,39.9,39.9,39.4,39.7,563.399
2022-03-18 23:00:00,39.7,39.8,39.6,39.7,447.435
2022-03-18 23:30:00,39.8,39.8,39.6,39.7,312.581
2022-03-19 00:00:00,39.8,39.8,39.6,39.6,405.897
2022-03-19 00:30:00,39.7,39.7,39.5,39.5,699.533
2022-03-19 01:00:00,39.5,40.3,39.5,39.9,2394.173
2022-03-19 01:30:00,39.9,40.2,39.8,40.1,2404.585
2022-03-19 02:00:00,40.0,40.3,40.0,40.3,1249.173
2022-03-19 02:30:00,40.3,40.8,40.2,40.5,4885.645
2022-03-19 03:00:00,40.4,40.5,40.3,40.5,491.354
2022-03-19 03:30:00,40.5,42.9,40.5,42.5,9937.445
2022-03-19 04:00:00,42.5,43.6,41.7,42.1,9698.884
2022-03-19 04:30:00,42.1,42.7,41.6,42.5,2579.959
2022-03-19 05:00:00,42.4,42.6,41.8,42.4,3409.864
2022-03-19 05:30:00,42.4,42.6,42.3,42.6,1580.486
2022-03-19 06:00:00,42.6,43.2,42.6,43.2,1953.822
2022-03-19 06:30:00,43.2,43.3,42.4,42.4,2364.364
2022-03-19 07:00:00,42.4,42.6,42.4,42.6,881.246
2022-03-19 07:30:00,42.5,42.8,42.1,42.2,1436.969
2022-03-19 08:00:00,42.2,42.4,41.1,41.4,6131.4
2022-03-19 08:30:00,41.4,41.5,41.3,41.5,957.849
2022-03-19 09:00:00,41.6,41.8,41.5,41.8,1279.514
2022-03-19 09:30:00,41.7,41.9,41.6,41.6,1329.495
2022-03-19 10:00:00,41.6,41.8,41.4,41.7,575.419
2022-03-19 10:30:00,41.8,41.8,41.7,41.8,234.826
2022-03-19 11:00:00,41.8,41.9,41.7,41.9,663.563
2022-03-19 11:30:00,41.8,43.2,41.8,42.8,4895.242
2022-03-19 12:00:00,42.8,43.0,42.2,42.5,2866.42
2022-03-19 12:30:00,42.4,42.5,42.3,42.4,651.44
2022-03-19 13:00:00,42.5,42.5,41.7,41.7,2873.548
2022-03-19 13:30:00,41.7,41.8,41.4,41.7,2298.731
2022-03-19 14:00:00,41.7,41.7,41.5,41.5,914.9
2022-03-19 14:30:00,41.5,41.9,41.3,41.4,3009.669
2022-03-19 15:00:00,41.5,41.6,41.0,41.1,2999.667
2022-03-19 15:30:00,41.2,41.8,41.1,41.1,1541.704
2022-03-19 16:00:00,41.1,41.5,40.8,41.2,3221.836
2022-03-19 16:30:00,41.3,41.4,41.0,41.3,1129.082
2022-03-19 17:00:00,41.4,41.4,41.0,41.3,621.671
2022-03-19 17:30:00,41.2,41.3,41.1,41.1,473.742
2022-03-19 18:00:00,41.2,41.4,41.1,41.3,614.052
2022-03-19 18:30:00,41.4,42.3,41.4,41.8,2889.07
2022-03-19 19:00:00,41.8,41.8,41.3,41.4,1975.273
2022-03-19 19:30:00,41.5,41.5,41.1,41.3,2223.027
2022-03-19 20:00:00,41.3,41.4,41.1,41.2,739.155
2022-03-19 20:30:00,41.2,41.6,41.2,41.3,725.982
2022-03-19 21:00:00,41.4,41.8,41.3,41.4,254.156
2022-03-19 21:30:00,41.3,41.7,41.1,41.4,725.707
2022-03-19 22:00:00,41.2,41.5,40.9,41.4,632.008
2022-03-19 22:30:00,41.4,41.6,41.2,41.6,472.632
2022-03-19 23:00:00,41.5,41.6,41.4,41.5,263.597
2022-03-19 23:30:00,41.6,41.7,41.0,41.0,1192.551
2022-03-20 00:00:00,41.0,41.3,41.0,41.1,1972.383
2022-03-20 00:30:00,41.1,41.4,41.0,41.2,1035.503
2022-03-20 01:00:00,41.2,41.3,40.3,40.5,2958.628
2022-03-20 01:30:00,40.5,40.7,40.4,40.6,1351.906
2022-03-20 02:00:00,40.5,41.6,40.5,41.3,3945.957
2022-03-20 02:30:00,41.2,41.2,40.9,40.9,204.303
2022-03-20 03:00:00,40.9,40.9,40.7,40.9,670.516
2022-03-20 03:30:00,40.9,41.0,40.8,40.8,212.769
2022-03-20 04:00:00,40.8,41.0,40.8,40.9,173.155
2022-03-20 04:30:00,40.9,41.0,40.2,40.6,1609.901
2022-03-20 05:00:00,40.6,40.7,40.5,40.5,831.618
2022-03-20 05:30:00,40.6,40.6,40.5,40.5,90.145
2022-03-20 06:00:00,40.6,40.7,40.5,40.7,387.492
2022-03-20 06:30:00,40.7,40.8,40.6,40.7,358.979
2022-03-20 07:00:00,40.6,40.7,40.6,40.7,104.024
2022-03-20 07:30:00,40.6,41.3,40.6,41.3,3510.386
2022-03-20 08:00:00,41.3,42.9,41.2,42.5,8147.811
2022-03-20 08:30:00,42.4,44.2,41.2,41.9,26061.022
2022-03-20 09:00:00,41.8,42.1,41.1,41.5,4305.767
2022-03-20 09:30:00,41.5,41.8,41.3,41.8,630.583
2022-03-20 10:00:00,41.8,41.9,41.6,41.6,1460.109
2022-03-20 10:30:00,41.6,44.0,41.6,43.9,18775.426
2022-03-20 11:00:00,43.9,52.5,43.4,50.7,94020.693
2022-03-20 11:30:00,50.8,51.8,48.5,49.0,30634.28
2022-03-20 12:00:00,49.0,51.2,48.5,49.3,29460.391
2022-03-20 12:30:00,49.2,49.4,48.5,48.8,8625.419
2022-03-20 13:00:00,48.8,50.8,48.5,50.5,9086.094
2022-03-20 13:30:00,50.7,50.7,48.8,49.0,9039.121
2022-03-20 14:00:00,49.0,50.0,48.6,49.5,6174.671
2022-03-20 14:30:00,49.4,50.0,48.7,49.9,6769.482
2022-03-20 15:00:00,50.0,57.5,48.9,53.0,116092.699
2022-03-20 15:30:00,53.1,54.3,50.2,50.7,44922.016
2022-03-20 16:00:00,50.8,52.2,50.0,50.1,20297.447
2022-03-20 16:30:00,50.1,51.0,49.6,50.2,12555.208
2022-03-20 17:00:00,50.3,55.0,50.2,50.7,85760.078
2022-03-20 17:30:00,50.7,52.7,50.5,50.7,18536.223
2022-03-20 18:00:00,50.6,51.3,49.7,50.0,15429.143
2022-03-20 18:30:00,50.1,51.5,49.9,51.5,10725.007
2022-03-20 19:00:00,51.5,52.7,50.7,51.2,11675.658
2022-03-20 19:30:00,51.2,51.9,50.9,51.8,5556.498
2022-03-20 20:00:00,51.8,51.9,50.7,50.7,4975.256
2022-03-20 20:30:00,50.7,50.9,50.0,50.5,6438.924
2022-03-20 21:00:00,50.5,50.5,50.1,50.1,2553.576
2022-03-20 21:30:00,50.2,50.3,49.7,49.9,2379.359
2022-03-20 22:00:00,49.9,50.4,49.9,50.3,2472.054
2022-03-20 22:30:00,50.2,50.5,49.9,50.3,1718.956
2022-03-20 23:00:00,50.3,50.5,49.9,50.3,3434.18
2022-03-20 23:30:00,50.3,51.3,50.1,51.2,3789.728
2022-03-21 00:00:00,51.2,52.6,50.0,50.3,16004.512
2022-03-21 00:30:00,50.3,51.0,50.1,50.8,3763.589
2022-03-21 01:00:00,50.8,50.9,50.2,50.4,3129.745
2022-03-21 01:30:00,50.3,50.6,50.1,50.1,2690.545
2022-03-21 02:00:00,50.1,50.2,49.8,49.9,2719.351
2022-03-21 02:30:00,49.9,50.2,49.7,50.1,3665.878
2022-03-21 03:00:00,50.1,50.4,50.0,50.1,1814.71
2022-03-21 03:30:00,50.1,50.3,50.0,50.1,753.71
2022-03-21 04:00:00,50.1,50.3,49.8,49.9,3612.392
2022-03-21 04:30:00,49.9,50.1,49.7,50.0,1480.848
2022-03-21 05:00:00,50.0,50.4,49.9,50.1,2304.58
2022-03-21 05:30:00,50.1,50.4,50.0,50.3,1940.937
2022-03-21 06:00:00,50.2,50.4,50.0,50.1,2519.534
2022-03-21 06:30:00,50.1,52.1,50.0,51.8,7845.012
2022-03-21 07:00:00,51.8,54.8,51.0,53.8,52418.599
2022-03-21 07:30:00,53.7,54.2,51.4,51.7,15336.11
2022-03-21 08:00:00,51.7,52.0,50.3,50.7,12196.377
2022-03-21 08:30:00,50.8,51.6,50.7,50.8,6425.16
2022-03-21 09:00:00,50.9,51.3,50.5,50.9,4559.237
2022-03-21 09:30:00,50.9,50.9,50.5,50.7,2830.644
2022-03-21 10:00:00,50.7,51.1,50.6,50.7,3831.245
2022-03-21 10:30:00,50.7,50.8,50.4,50.5,2895.648
2022-03-21 11:00:00,50.6,50.6,49.7,49.7,13801.349
2022-03-21 11:30:00,49.7,50.2,49.7,50.0,3502.95
2022-03-21 12:00:00,50.0,50.3,49.5,49.7,2819.564
2022-03-21 12:30:00,49.7,49.8,49.0,49.5,5973.717
2022-03-21 13:00:00,49.5,50.0,49.3,49.6,5934.994
2022-03-21 13:30:00,49.6,49.8,49.1,49.2,1755.839
2022-03-21 14:00:00,49.1,49.5,49.0,49.0,1399.969
2022-03-21 14:30:00,49.0,49.2,48.9,49.0,1378.135
2022-03-21 15:00:00,49.1,49.5,48.9,49.3,1584.888
2022-03-21 15:30:00,49.4,49.4,48.9,49.1,1001.357
2022-03-21 16:00:00,49.2,49.4,48.7,48.8,3116.446
2022-03-21 16:30:00,48.8,49.1,48.7,49.0,1805.102
2022-03-21 17:00:00,49.0,49.2,49.0,49.1,1342.462
2022-03-21 17:30:00,49.0,49.3,49.0,49.0,871.402
2022-03-21 18:00:00,49.1,49.3,48.9,48.9,999.422
2022-03-21 18:30:00,49.0,49.0,48.8,48.9,587.315
2022-03-21 19:00:00,48.9,49.0,48.7,48.8,1381.653
2022-03-21 19:30:00,48.9,49.4,48.9,49.3,1064.728
2022-03-21 20:00:00,49.3,49.4,49.1,49.3,455.243
2022-03-21 20:30:00,49.2,49.4,48.9,49.1,887.403
2022-03-21 21:00:00,49.2,49.5,49.1,49.3,1371.078
2022-03-21 21:30:00,49.3,49.3,48.9,48.9,661.978
2022-03-21 22:00:00,48.9,49.4,48.9,49.0,869.781
2022-03-21 22:30:00,49.0,49.4,48.9,49.0,382.966
2022-03-21 23:00:00,49.0,49.0,48.8,49.0,834.371
2022-03-21 23:30:00,48.9,49.1,48.9,49.0,328.737
2022-03-22 00:00:00,49.0,49.4,48.9,49.4,741.828
2022-03-22 00:30:00,49.4,49.4,49.0,49.2,400.427
2022-03-22 01:00:00,49.3,49.3,48.8,49.0,2368.89
2022-03-22 01:30:00,49.0,49.2,48.9,49.1,796.085
2022-03-22 02:00:00,49.1,49.7,49.0,49.5,1846.643
2022-03-22 02:30:00,49.5,49.5,49.0,49.3,923.657
2022-03-22 03:00:00,49.4,50.0,49.3,49.6,1993.43
2022-03-22 03:30:00,49.5,49.6,49.4,49.5,624.322
2022-03-22 04:00:00,49.4,50.6,49.4,50.5,5558.846
2022-03-22 04:30:00,50.4,50.6,49.9,50.1,2294.88
2022-03-22 05:00:00,50.1,50.3,49.7,49.8,2022.602
2022-03-22 05:30:00,50.0,50.3,49.9,50.0,1298.548
2022-03-22 06:00:00,50.0,50.1,49.5,49.6,1935.307
2022-03-22 06:30:00,49.7,50.1,49.7,49.9,1628.685
2022-03-22 07:00:00,49.9,50.1,49.7,50.1,890.019
2022-03-22 07:30:00,50.1,51.2,50.0,50.5,4809.387
2022-03-22 08:00:00,50.7,51.3,50.6,50.9,2649.214
2022-03-22 08:30:00,50.9,50.9,50.6,50.9,341.358
2022-03-22 09:00:00,50.8,50.9,50.3,50.3,1603.976
2022-03-22 09:30:00,50.3,50.6,50.3,50.6,699.108
2022-03-22 10:00:00,50.6,50.7,50.4,50.4,467.321
2022-03-22 10:30:00,50.4,50.6,50.3,50.6,610.184
2022-03-22 11:00:00,50.5,50.7,50.3,50.5,872.454
2022-03-22 11:30:00,50.5,50.5,49.7,49.9,3382.144
2022-03-22 12:00:00,49.9,50.1,49.0,49.5,2956.383
2022-03-22 12:30:00,49.5,49.5,49.0,49.2,3710.488
2022-03-22 13:00:00,49.2,49.4,49.1,49.4,1571.454
2022-03-22 13:30:00,49.4,49.4,49.2,49.2,773.251
2022-03-22 14:00:00,49.2,49.3,49.0,49.2,1185.926
2022-03-22 14:30:00,49.3,49.5,49.0,49.1,1284.787
2022-03-22 15:00:00,49.1,49.2,49.0,49.0,1492.267
2022-03-22 15:30:00,49.0,49.1,48.8,49.0,3499.17
2022-03-22 16:00:00,48.9,49.0,48.8,48.9,320.789
2022-03-22 16:30:00,49.0,49.1,48.6,48.7,2549.117
2022-03-22 17:00:00,48.8,49.1,48.7,48.9,1368.224
2022-03-22 17:30:00,48.9,49.0,48.8,48.9,280.939
2022-03-22 18:00:00,48.8,48.9,48.6,48.6,375.256
2022-03-22 18:30:00,48.6,48.8,48.6,48.8,96.495
2022-03-22 19:00:00,48.8,48.9,48.7,48.8,353.665
2022-03-22 19:30:00,48.8,48.9,48.6,48.6,1501.543
2022-03-22 20:00:00,48.6,48.7,48.6,48.7,206.645
2022-03-22 20:30:00,48.7,49.0,48.7,48.8,1100.553
2022-03-22 21:00:00,48.8,48.9,48.7,48.9,517.907
2022-03-22 21:30:00,48.9,48.9,48.7,48.8,356.974
2022-03-22 22:00:00,48.8,48.9,48.6,48.6,516.191
2022-03-22 22:30:00,48.6,48.8,48.6,48.8,213.866
2022-03-22 23:00:00,48.8,49.2,48.7,49.1,1081.751
2022-03-22 23:30:00,49.0,49.4,48.9,49.1,677.234
2022-03-23 00:00:00,49.2,49.2,49.0,49.0,371.889
2022-03-23 00:30:00,49.0,49.1,48.9,49.0,157.869
2022-03-23 01:00:00,49.0,49.0,48.6,48.8,1210.876
2022-03-23 01:30:00,48.7,50.3,48.7,49.8,8308.536
2022-03-23 02:00:00,49.8,50.5,49.7,50.2,4830.593
2022-03-23 02:30:00,50.2,50.2,49.7,49.8,1809.783
2022-03-23 03:00:00,49.8,50.5,49.8,50.2,1958.433
2022-03-23 03:30:00,50.3,50.3,49.7,49.8,1722.347
2022-03-23 04:00:00,49.8,50.0,49.6,50.0,1070.642
2022-03-23 04:30:00,50.0,50.3,49.5,50.2,2282.222
2022-03-23 05:00:00,50.2,50.5,50.0,50.4,1669.609
2022-03-23 05:30:00,50.4,51.0,50.1,50.6,4035.26
2022-03-23 06:00:00,50.7,50.8,50.2,50.7,2476.744
2022-03-23 06:30:00,50.7,50.8,50.1,50.3,1030.412
2022-03-23 07:00:00,50.3,50.5,49.9,50.3,1991.612
2022-03-23 07:30:00,50.2,50.4,50.0,50.3,565.241
2022-03-23 08:00:00,50.3,50.6,50.3,50.5,760.307
2022-03-23 08:30:00,50.4,50.4,50.1,50.3,726.737
2022-03-23 09:00:00,50.3,50.7,50.2,50.5,1822.358
2022-03-23 09:30:00,50.5,50.6,50.2,50.5,835.513
2022-03-23 10:00:00,50.5,51.5,50.5,51.1,4626.023
2022-03-23 10:30:00,51.2,54.4,51.1,53.7,22987.08
2022-03-23 11:00:00,53.7,54.8,52.8,53.4,16131.083
2022-03-23 11:30:00,53.4,56.8,53.1,55.1,19638.7
2022-03-23 12:00:00,55.0,55.7,54.1,55.1,16791.318
2022-03-23 12:30:00,55.1,59.9,55.0,56.3,40394.44
2022-03-23 13:00:00,56.4,57.2,55.3,56.3,13437.991
2022-03-23 13:30:00,56.2,58.0,54.6,54.9,27545.891
2022-03-23 14:00:00,54.9,55.6,53.8,53.9,18164.495
2022-03-23 14:30:00,53.9,54.1,53.5,53.7,5010.585
2022-03-23 15:00:00,53.7,54.4,52.7,54.2,10236.768
2022-03-23 15:30:00,54.2,54.3,53.4,53.9,5463.152
2022-03-23 16:00:00,54.0,54.0,51.2,51.9,24973.857
2022-03-23 16:30:00,51.8,51.9,51.0,51.2,6576.683
2022-03-23 17:00:00,51.2,51.2,50.2,50.5,6383.766
2022-03-23 17:30:00,50.5,50.6,49.7,50.1,6654.875
2022-03-23 18:00:00,50.1,50.7,49.9,50.4,3571.923
2022-03-23 18:30:00,50.4,50.4,50.0,50.1,1730.883
2022-03-23 19:00:00,50.2,50.4,50.0,50.3,1215.77
2022-03-23 19:30:00,50.3,50.8,50.1,50.5,2964.835
2022-03-23 20:00:00,50.5,50.9,50.5,50.9,794.314
2022-03-23 20:30:00,50.9,51.2,50.8,51.0,1745.219
2022-03-23 21:00:00,51.1,51.1,50.1,50.5,1721.833
2022-03-23 21:30:00,50.5,50.9,50.3,50.5,1232.459
2022-03-23 22:00:00,50.6,50.8,50.0,50.3,1312.314
2022-03-23 22:30:00,50.3,50.5,50.2,50.3,696.385
2022-03-23 23:00:00,50.3,50.5,50.2,50.5,332.329
2022-03-23 23:30:00,50.5,50.5,50.0,50.5,1122.104
2022-03-24 00:00:00,50.5,50.6,50.3,50.5,1157.046
2022-03-24 00:30:00,50.5,50.5,49.0,50.0,6873.53
2022-03-24 01:00:00,50.0,50.2,49.8,50.0,1648.445
2022-03-24 01:30:00,49.9,50.1,49.9,49.9,1148.152
2022-03-24 02:00:00,49.9,50.0,49.9,50.0,439.723
2022-03-24 02:30:00,50.0,50.2,49.9,50.2,837.948
2022-03-24 03:00:00,50.0,50.7,50.0,50.6,2540.552
2022-03-24 03:30:00,50.6,51.3,50.6,51.2,2149.715
2022-03-24 04:00:00,51.2,51.6,51.0,51.5,2314.759
2022-03-24 04:30:00,51.6,51.6,51.0,51.3,2002.816
2022-03-24 05:00:00,51.3,51.4,51.2,51.2,919.32
2022-03-24 05:30:00,51.3,51.4,51.1,51.3,1663.169
2022-03-24 06:00:00,51.3,51.9,51.0,51.7,3832.227
2022-03-24 06:30:00,51.7,52.0,51.4,51.7,2486.743
2022-03-24 07:00:00,51.7,51.9,51.6,51.7,1463.573
2022-03-24 07:30:00,51.7,51.8,51.5,51.6,978.215
2022-03-24 08:00:00,51.7,51.7,51.5,51.5,553.685
2022-03-24 08:30:00,51.6,51.6,51.2,51.5,1398.794
2022-03-24 09:00:00,51.5,51.5,50.9,51.0,3574.98
2022-03-24 09:30:00,51.0,51.1,50.6,51.0,1823.492
2022-03-24 10:00:00,51.0,51.0,50.7,50.8,219.945
2022-03-24 10:30:00,50.9,50.9,50.8,50.9,432.111
2022-03-24 11:00:00,50.8,51.0,50.8,50.9,767.94
2022-03-24 11:30:00,50.9,51.0,50.7,50.8,690.91
2022-03-24 12:00:00,50.8,51.3,50.8,51.1,1541.483
2022-03-24 12:30:00,51.1,51.1,50.7,50.9,1181.012
2022-03-24 13:00:00,50.8,50.9,50.4,50.6,3146.934
2022-03-24 13:30:00,50.5,50.9,50.3,50.9,1037.239
2022-03-24 14:00:00,50.8,51.0,50.7,50.8,1019.303
2022-03-24 14:30:00,50.8,51.3,50.8,51.2,1607.266
2022-03-24 15:00:00,51.2,51.3,50.7,51.0,1419.513
2022-03-24 15:30:00,51.1,51.2,50.5,51.2,2875.821
2022-03-24 16:00:00,51.2,51.2,50.6,50.9,1348.644
2022-03-24 16:30:00,50.8,51.2,50.8,51.1,1057.15
2022-03-24 17:00:00,51.1,51.6,51.0,51.2,1630.853
2022-03-24 17:30:00,51.2,51.3,50.9,50.9,1038.459
2022-03-24 18:00:00,50.9,51.2,50.8,50.9,952.255
2022-03-24 18:30:00,51.0,51.1,50.9,51.1,305.643
2022-03-24 19:00:00,51.0,51.1,50.9,51.1,79.677
2022-03-24 19:30:00,51.1,51.2,51.0,51.1,532.831
2022-03-24 20:00:00,51.0,51.0,50.4,50.7,1289.067
2022-03-24 20:30:00,50.8,50.9,50.7,50.7,312.905
2022-03-24 21:00:00,50.7,50.8,50.5,50.6,379.31
2022-03-24 21:30:00,50.6,50.8,50.4,50.7,425.269
2022-03-24 22:00:00,50.6,51.6,50.4,51.3,1543.065
2022-03-24 22:30:00,51.3,51.3,50.7,51.1,773.766
2022-03-24 23:00:00,51.0,51.2,50.7,51.1,1018.845
2022-03-24 23:30:00,51.2,51.3,50.5,51.1,1833.095
2022-03-25 00:00:00,51.1,51.1,50.8,50.9,723.011
2022-03-25 00:30:00,50.9,51.0,50.7,50.7,703.22
2022-03-25 01:00:00,50.8,51.0,50.8,51.0,401.719
2022-03-25 01:30:00,51.0,51.2,50.9,51.2,926.452
2022-03-25 02:00:00,51.2,51.3,51.1,51.3,327.379
2022-03-25 02:30:00,51.2,51.3,51.1,51.2,107.683
2022-03-25 03:00:00,51.2,51.2,51.1,51.1,129.836
2022-03-25 03:30:00,51.1,51.2,51.1,51.1,103.262
2022-03-25 04:00:00,51.1,51.2,51.0,51.1,508.656
2022-03-25 04:30:00,51.2,51.5,51.2,51.3,657.415
2022-03-25 05:00:00,51.3,51.4,51.3,51.4,256.272
2022-03-25 05:30:00,51.4,51.4,51.3,51.3,337.949
2022-03-25 06:00:00,51.3,51.4,51.3,51.4,212.948
2022-03-25 06:30:00,51.3,51.4,51.2,51.2,414.295
2022-03-25 07:00:00,51.2,51.4,51.2,51.2,365.193
2022-03-25 07:30:00,51.2,51.2,51.0,51.2,782.462
2022-03-25 08:00:00,51.2,51.3,50.9,51.3,1290.079
2022-03-25 08:30:00,51.2,51.4,51.2,51.3,811.746
2022-03-25 09:00:00,51.4,51.4,51.1,51.3,498.991
2022-03-25 09:30:00,51.2,51.3,51.2,51.2,699.044
2022-03-25 10:00:00,51.2,51.3,51.1,51.3,179.817
2022-03-25 10:30:00,51.2,51.4,51.2,51.2,580.439
2022-03-25 11:00:00,51.3,51.3,51.1,51.1,638.88
2022-03-25 11:30:00,51.0,51.8,51.0,51.5,2847.918
2022-03-25 12:00:00,51.6,52.1,51.5,51.9,4979.222
2022-03-25 12:30:00,52.0,53.1,51.9,52.9,4296.522
2022-03-25 13:00:00,53.0,53.0,52.3,52.3,2080.002
2022-03-25 13:30:00,52.3,52.4,51.7,51.7,1873.514
2022-03-25 14:00:00,51.7,51.9,51.3,51.5,1757.514
2022-03-25 14:30:00,51.5,51.5,51.2,51.3,1395.687
2022-03-25 15:00:00,51.2,51.4,51.0,51.1,1243.79
2022-03-25 15:30:00,51.1,51.3,51.0,51.2,810.187
2022-03-25 16:00:00,51.2,51.3,51.0,51.3,478.404
2022-03-25 16:30:00,51.2,51.7,50.7,50.7,1963.44
2022-03-25 17:00:00,50.6,51.3,50.5,51.3,1639.833
2022-03-25 17:30:00,51.3,51.5,51.0,51.2,1710.829
2022-03-25 18:00:00,51.2,51.3,50.9,51.1,502.748
2022-03-25 18:30:00,51.0,51.2,51.0,51.1,227.93
2022-03-25 19:00:00,51.1,51.2,50.6,50.8,1659.225
2022-03-25 19:30:00,50.7,50.9,50.7,50.8,253.967
2022-03-25 20:00:00,50.8,50.9,50.8,50.8,274.358
2022-03-25 20:30:00,50.8,50.8,50.3,50.6,614.218
2022-03-25 21:00:00,50.6,50.7,50.5,50.6,377.192
2022-03-25 21:30:00,50.6,50.7,50.4,50.7,338.825
2022-03-25 22:00:00,50.7,50.8,50.5,50.5,248.526
2022-03-25 22:30:00,50.5,50.6,50.5,50.5,46.406
2022-03-25 23:00:00,50.6,50.6,50.5,50.6,70.289
2022-03-25 23:30:00,50.5,50.5,49.8,50.4,2607.149
2022-03-26 00:00:00,50.3,50.6,50.3,50.6,313.63
2022-03-26 00:30:00,50.6,50.6,50.3,50.4,237.963
2022-03-26 01:00:00,50.3,50.3,50.2,50.2,439.535
2022-03-26 01:30:00,50.3,50.3,50.1,50.2,319.749
2022-03-26 02:00:00,50.2,50.4,50.1,50.4,733.984
2022-03-26 02:30:00,50.3,50.3,50.2,50.2,250.696
2022-03-26 03:00:00,50.2,50.4,50.2,50.3,340.927
2022-03-26 03:30:00,50.4,50.5,50.2,50.5,504.741
2022-03-26 04:00:00,50.5,50.9,50.5,50.7,1577.406
2022-03-26 04:30:00,50.7,51.0,50.6,50.8,1440.811
2022-03-26 05:00:00,50.8,50.9,50.6,50.8,248.225
2022-03-26 05:30:00,50.9,51.0,50.9,50.9,59.578
2022-03-26 06:00:00,51.0,51.1,50.8,51.0,692.528
2022-03-26 06:30:00,51.0,51.3,50.9,50.9,566.647
2022-03-26 07:00:00,51.0,51.7,50.9,51.6,1493.429
2022-03-26 07:30:00,51.6,52.1,51.4,51.9,1894.212
2022-03-26 08:00:00,51.9,53.9,51.9,53.8,12416.769
2022-03-26 08:30:00,53.9,54.2,53.2,54.2,4509.842
2022-03-26 09:00:00,54.2,54.3,53.5,53.6,2403.503
2022-03-26 09:30:00,53.6,54.0,53.3,53.6,2681.721
2022-03-26 10:00:00,53.5,53.6,53.2,53.2,954.179
2022-03-26 10:30:00,53.2,53.5,53.2,53.4,1391.745
2022-03-26 11:00:00,53.3,53.8,53.3,53.5,1707.043
2022-03-26 11:30:00,53.5,53.5,53.1,53.3,1511.699
2022-03-26 12:00:00,53.2,53.4,53.1,53.1,870.352
2022-03-26 12:30:00,53.2,53.2,53.0,53.1,3175.638
2022-03-26 13:00:00,53.0,53.4,53.0,53.4,1229.692
2022-03-26 13:30:00,53.4,53.4,53.2,53.2,514.336
2022-03-26 14:00:00,53.3,53.4,51.6,51.7,5885.334
2022-03-26 14:30:00,51.7,52.0,51.7,52.0,534.961
2022-03-26 15:00:00,52.0,52.2,51.9,52.1,759.499
2022-03-26 15:30:00,52.0,52.1,51.8,51.9,985.437
2022-03-26 16:00:00,52.0,52.3,51.9,52.2,1206.856
2022-03-26 16:30:00,52.3,52.3,52.0,52.1,340.007
2022-03-26 17:00:00,52.1,52.3,52.0,52.1,641.934
2022-03-26 17:30:00,52.1,52.3,51.9,52.0,3482.838
2022-03-26 18:00:00,51.9,52.0,51.8,52.0,686.834
2022-03-26 18:30:00,51.9,52.1,51.8,51.9,897.029
2022-03-26 19:00:00,51.8,52.1,51.7,51.8,687.818
2022-03-26 19:30:00,51.9,52.3,51.8,52.0,1017.303
2022-03-26 20:00:00,52.1,52.6,52.1,52.5,1761.094
2022-03-26 20:30:00,52.4,53.0,52.3,52.8,3196.887
2022-03-26 21:00:00,52.9,53.5,52.4,52.6,1943.478
2022-03-26 21:30:00,52.6,52.9,52.5,52.7,68.197
2022-03-26 22:00:00,52.7,53.1,52.2,52.7,561.404
2022-03-26 22:30:00,52.7,52.7,52.4,52.5,171.245
2022-03-26 23:00:00,52.4,52.6,52.4,52.6,100.304
2022-03-26 23:30:00,52.6,52.7,52.4,52.7,536.917
2022-03-27 00:00:00,52.6,52.7,52.6,52.7,74.309
2022-03-27 00:30:00,52.7,52.8,52.7,52.8,97.701
2022-03-27 01:00:00,52.7,52.8,52.4,52.4,1096.542
2022-03-27 01:30:00,52.5,52.6,52.4,52.5,294.923
2022-03-27 02:00:00,52.5,52.8,52.5,52.6,249.364
2022-03-27 02:30:00,52.6,52.6,52.0,52.3,937.035
2022-03-27 03:00:00,52.3,52.4,52.2,52.4,490.837
2022-03-27 03:30:00,52.5,52.8,52.3,52.6,784.808
2022-03-27 04:00:00,52.6,53.0,52.6,52.7,991.792
2022-03-27 04:30:00,52.7,52.8,52.6,52.6,203.41
2022-03-27 05:00:00,52.7,53.1,52.7,53.0,478.344
2022-03-27 05:30:00,53.0,53.4,53.0,53.3,964.391
2022-03-27 06:00:00,53.3,53.3,52.8,52.9,1260.61
2022-03-27 06:30:00,52.9,53.0,52.9,52.9,326.734
2022-03-27 07:00:00,52.9,53.0,52.9,52.9,103.822
2022-03-27 07:30:00,52.9,53.1,52.9,53.0,351.282
2022-03-27 08:00:00,53.1,53.2,53.0,53.1,516.457
2022-03-27 08:30:00,53.1,53.2,52.3,52.5,3227.671
2022-03-27 09:00:00,52.5,52.7,52.4,52.6,753.664
2022-03-27 09:30:00,52.5,52.7,52.5,52.7,527.804
2022-03-27 10:00:00,52.6,52.7,52.5,52.6,216.655
2022-03-27 10:30:00,52.6,52.8,52.6,52.7,359.971
2022-03-27 11:00:00,52.7,53.1,52.6,52.9,764.652
2022-03-27 11:30:00,53.0,53.1,52.7,53.1,1140.682
2022-03-27 12:00:00,53.0,53.0,52.8,52.8,208.136
2022-03-27 12:30:00,52.8,52.8,52.6,52.6,266.951
2022-03-27 13:00:00,52.6,52.6,52.5,52.5,1350.439
2022-03-27 13:30:00,52.6,52.8,52.3,52.7,877.504
2022-03-27 14:00:00,52.8,53.0,52.7,52.8,623.912
2022-03-27 14:30:00,52.8,53.0,52.4,52.5,2860.635
2022-03-27 15:00:00,52.5,52.9,52.4,52.9,961.693
2022-03-27 15:30:00,52.8,52.9,52.6,52.7,1094.795
2022-03-27 16:00:00,52.7,52.8,52.1,52.3,1936.54
2022-03-27 16:30:00,52.3,52.6,52.3,52.5,508.861
2022-03-27 17:00:00,52.5,52.6,52.1,52.2,488.554
2022-03-27 17:30:00,52.2,52.3,51.8,52.2,930.127
2022-03-27 18:00:00,52.2,52.3,52.1,52.1,436.39
2022-03-27 18:30:00,52.1,52.2,52.1,52.1,89.163
2022-03-27 19:00:00,52.1,52.2,52.0,52.1,279.591
2022-03-27 19:30:00,52.1,52.2,52.1,52.2,67.265
2022-03-27 20:00:00,52.2,52.2,52.0,52.0,191.528
2022-03-27 20:30:00,52.0,52.8,52.0,52.7,2260.001
2022-03-27 21:00:00,52.7,52.9,52.5,52.9,555.174
2022-03-27 21:30:00,52.8,53.0,52.6,52.9,925.489
2022-03-27 22:00:00,52.9,53.1,52.7,53.0,291.862
2022-03-27 22:30:00,52.9,53.9,52.8,53.2,1909.17
2022-03-27 23:00:00,53.2,53.4,53.0,53.3,838.782
2022-03-27 23:30:00,53.3,53.4,53.1,53.2,483.871
2022-03-28 00:00:00,53.2,53.2,52.7,53.0,1243.922
2022-03-28 00:30:00,52.9,53.3,52.5,53.1,3298.246
2022-03-28 01:00:00,53.0,53.1,52.8,52.9,672.793
2022-03-28 01:30:00,52.9,52.9,52.6,52.6,428.612
2022-03-28 02:00:00,52.6,52.9,52.6,52.9,603.45
2022-03-28 02:30:00,52.9,52.9,52.7,52.7,241.602
2022-03-28 03:00:00,52.7,52.9,52.7,52.9,256.567
2022-03-28 03:30:00,52.8,53.0,52.8,53.0,285.053
2022-03-28 04:00:00,52.9,53.4,52.7,53.0,2271.632
2022-03-28 04:30:00,53.0,53.4,53.0,53.3,761.934
2022-03-28 05:00:00,53.2,53.3,53.2,53.3,250.273
2022-03-28 05:30:00,53.3,53.3,52.8,53.1,2027.153
2022-03-28 06:00:00,53.1,55.5,53.1,54.7,12709.881
2022-03-28 06:30:00,54.6,54.7,53.7,53.8,3652.149
2022-03-28 07:00:00,53.8,54.4,53.8,54.4,1360.687
2022-03-28 07:30:00,54.2,54.5,54.1,54.3,1163.674
2022-03-28 08:00:00,54.3,54.3,53.9,54.2,727.175
2022-03-28 08:30:00,54.2,54.4,54.1,54.2,195.376
2022-03-28 09:00:00,54.3,54.4,54.1,54.1,647.517
2022-03-28 09:30:00,54.2,54.3,54.0,54.1,636.834
2022-03-28 10:00:00,54.2,54.3,54.0,54.1,1054.822
2022-03-28 10:30:00,54.0,54.1,53.9,54.0,821.126
2022-03-28 11:00:00,54.0,54.1,53.9,54.0,401.832
2022-03-28 11:30:00,54.0,54.0,53.8,53.9,518.688
2022-03-28 12:00:00,53.9,54.1,53.0,53.4,6867.711
2022-03-28 12:30:00,53.4,53.8,53.4,53.6,648.108
2022-03-28 13:00:00,53.6,53.8,53.6,53.7,527.577
2022-03-28 13:30:00,53.7,54.5,53.6,54.1,3408.225
2022-03-28 14:00:00,54.1,54.1,53.3,53.7,5395.938
2022-03-28 14:30:00,53.7,55.0,53.5,54.8,4210.299
2022-03-28 15:00:00,54.8,55.7,53.5,54.0,5251.622
2022-03-28 15:30:00,54.0,54.0,53.7,53.9,227.787
2022-03-28 16:00:00,53.9,54.1,53.7,54.1,1130.662
2022-03-28 16:30:00,54.0,54.9,54.0,54.3,3187.93
2022-03-28 17:00:00,54.4,55.1,54.2,55.0,1527.165
2022-03-28 17:30:00,55.1,55.6,54.9,55.3,1962.88
2022-03-28 18:00:00,55.3,56.2,54.9,55.9,4192.204
2022-03-28 18:30:00,55.9,57.8,55.8,56.2,6270.995
2022-03-28 19:00:00,56.0,56.3,56.0,56.3,783.847
2022-03-28 19:30:00,56.3,56.3,55.2,55.4,2676.879
2022-03-28 20:00:00,55.4,55.9,55.4,55.7,1931.72
2022-03-28 20:30:00,55.8,56.1,55.6,56.0,1573.329
2022-03-28 21:00:00,56.0,56.3,55.3,55.7,1272.142
2022-03-28 21:30:00,55.6,55.6,55.4,55.6,404.698
2022-03-28 22:00:00,55.5,55.6,55.3,55.3,799.571
2022-03-28 22:30:00,55.5,55.5,55.3,55.3,226.855
2022-03-28 23:00:00,55.4,55.6,54.1,54.8,2143.066
2022-03-28 23:30:00,54.8,55.6,54.5,55.0,802.509
2022-03-29 00:00:00,54.9,55.9,54.8,55.7,1445.298
2022-03-29 00:30:00,55.8,56.3,55.6,56.1,1597.607
2022-03-29 01:00:00,56.1,56.4,55.9,56.2,970.553
2022-03-29 01:30:00,56.1,57.0,56.1,56.5,1926.943
2022-03-29 02:00:00,56.5,56.8,56.1,56.2,1450.425
2022-03-29 02:30:00,56.1,56.1,54.8,55.2,2794.674
2022-03-29 03:00:00,55.2,55.4,54.9,55.2,807.853
2022-03-29 03:30:00,55.2,55.4,55.1,55.1,404.946
2022-03-29 04:00:00,55.2,55.5,55.0,55.5,703.105
2022-03-29 04:30:00,55.5,55.7,55.4,55.5,1031.656
2022-03-29 05:00:00,55.5,55.7,55.4,55.6,743.874
2022-03-29 05:30:00,55.6,55.6,55.4,55.5,345.545
2022-03-29 06:00:00,55.5,55.7,55.4,55.7,762.782
2022-03-29 06:30:00,55.7,55.7,55.3,55.4,820.234
2022-03-29 07:00:00,55.4,55.4,54.9,55.1,1896.304
2022-03-29 07:30:00,55.1,55.1,54.7,55.0,1188.362
2022-03-29 08:00:00,55.0,55.0,54.7,54.9,795.085
2022-03-29 08:30:00,54.9,55.0,54.7,54.9,704.719
2022-03-29 09:00:00,54.9,55.1,54.9,55.0,699.818
2022-03-29 09:30:00,55.1,55.2,55.0,55.0,226.821
2022-03-29 10:00:00,55.0,55.1,54.3,54.5,3206.435
2022-03-29 10:30:00,54.5,54.7,54.5,54.7,492.984
2022-03-29 11:00:00,54.6,54.8,54.6,54.7,465.338
2022-03-29 11:30:00,54.8,54.9,54.6,54.6,1170.287
2022-03-29 12:00:00,54.6,54.8,54.3,54.4,1059.771
2022-03-29 12:30:00,54.5,54.7,54.3,54.6,649.309
2022-03-29 13:00:00,54.5,54.5,54.3,54.3,306.727
2022-03-29 13:30:00,54.4,54.4,54.1,54.1,757.442
2022-03-29 14:00:00,54.1,54.2,53.5,54.0,3449.308
2022-03-29 14:30:00,54.0,54.0,53.7,53.9,1005.45
2022-03-29 15:00:00,53.9,53.9,53.7,53.9,331.731
2022-03-29 15:30:00,53.8,53.9,52.5,52.8,4417.538
2022-03-29 16:00:00,52.8,53.0,51.8,52.8,3117.349
2022-03-29 16:30:00,52.8,53.3,52.6,53.2,1066.255
2022-03-29 17:00:00,53.1,53.1,52.6,52.7,1037.791
2022-03-29 17:30:00,52.7,52.8,52.4,52.6,964.035
2022-03-29 18:00:00,52.5,52.7,52.2,52.5,1756.922
2022-03-29 18:30:00,52.5,52.5,52.4,52.4,217.567
2022-03-29 19:00:00,52.4,52.8,52.4,52.7,853.32
2022-03-29 19:30:00,52.7,52.9,52.4,52.6,915.956
2022-03-29 20:00:00,52.6,52.6,52.4,52.5,313.245
2022-03-29 20:30:00,52.5,52.5,52.1,52.2,936.086
2022-03-29 21:00:00,52.1,52.6,52.1,52.5,420.751
2022-03-29 21:30:00,52.4,52.5,52.2,52.3,156.369
2022-03-29 22:00:00,52.3,52.4,52.2,52.2,398.877
2022-03-29 22:30:00,52.2,52.6,52.2,52.6,1215.789
2022-03-29 23:00:00,52.6,52.7,52.6,52.6,363.193
2022-03-29 23:30:00,52.7,52.7,52.6,52.7,125.534
2022-03-30 00:00:00,52.6,52.7,52.6,52.7,451.428
2022-03-30 00:30:00,52.7,53.0,52.4,52.9,1520.1
2022-03-30 01:00:00,52.9,53.2,52.5,52.5,734.553
2022-03-30 01:30:00,52.5,52.5,51.7,52.0,4254.147
2022-03-30 02:00:00,52.2,52.6,51.9,52.3,2231.191
2022-03-30 02:30:00,52.2,52.6,52.2,52.6,969.575
2022-03-30 03:00:00,52.6,52.8,52.5,52.8,371.963
2022-03-30 03:30:00,52.8,52.9,52.7,52.7,689.313
2022-03-30 04:00:00,52.8,53.2,52.8,53.2,1187.106
2022-03-30 04:30:00,53.2,53.4,53.0,53.2,799.142
2022-03-30 05:00:00,53.3,53.6,53.3,53.6,1700.735
2022-03-30 05:30:00,53.6,53.7,53.3,53.5,1266.545
2022-03-30 06:00:00,53.5,54.0,53.4,53.9,1546.959
2022-03-30 06:30:00,53.9,54.0,53.6,53.9,716.832
2022-03-30 07:00:00,53.9,54.1,53.8,54.0,822.873
2022-03-30 07:30:00,54.1,55.6,54.1,55.0,6804.937
2022-03-30 08:00:00,55.0,55.1,54.1,54.1,1301.036
2022-03-30 08:30:00,54.1,54.3,54.0,54.1,365.883
2022-03-30 09:00:00,54.1,55.0,54.0,54.7,2409.029
2022-03-30 09:30:00,54.6,54.8,54.6,54.7,295.985
2022-03-30 10:00:00,54.7,54.8,54.5,54.7,361.357
2022-03-30 10:30:00,54.7,54.9,54.7,54.7,447.212
2022-03-30 11:00:00,54.7,54.9,54.6,54.8,335.61
2022-03-30 11:30:00,54.9,54.9,54.2,54.3,1442.247
2022-03-30 12:00:00,54.4,54.4,53.8,54.0,2370.189
2022-03-30 12:30:00,54.0,54.2,53.9,54.1,699.589
2022-03-30 13:00:00,54.1,54.7,54.0,54.5,2550.145
2022-03-30 13:30:00,54.5,54.8,54.5,54.6,1780.119
2022-03-30 14:00:00,54.6,54.6,54.2,54.2,502.802
2022-03-30 14:30:00,54.2,54.6,54.0,54.4,2089.986
2022-03-30 15:00:00,54.4,55.4,53.5,54.3,7692.552
2022-03-30 15:30:00,54.2,55.5,54.2,55.0,4687.314
2022-03-30 16:00:00,54.9,55.1,54.7,54.9,958.189
2022-03-30 16:30:00,54.9,55.4,54.8,55.0,1317.471
2022-03-30 17:00:00,54.9,55.0,54.5,54.5,946.3
2022-03-30 17:30:00,54.5,54.9,54.5,54.9,254.998
2022-03-30 18:00:00,54.8,55.1,54.7,54.8,811.44
2022-03-30 18:30:00,54.9,54.9,54.5,54.5,726.613
2022-03-30 19:00:00,54.5,54.7,54.4,54.6,387.31
2022-03-30 19:30:00,54.6,55.1,54.6,54.7,790.66
2022-03-30 20:00:00,54.8,55.0,54.7,54.8,505.331
2022-03-30 20:30:00,54.9,54.9,54.6,54.8,573.526
2022-03-30 21:00:00,54.9,55.0,54.6,54.9,650.213
2022-03-30 21:30:00,54.8,54.9,54.7,54.7,249.87
2022-03-30 22:00:00,54.7,54.8,54.5,54.6,123.507
2022-03-30 22:30:00,54.5,55.0,54.5,54.7,121.453
2022-03-30 23:00:00,54.8,55.0,54.8,54.9,208.721
2022-03-30 23:30:00,54.9,55.6,54.9,55.4,1870.98
2022-03-31 00:00:00,55.4,55.5,55.0,55.3,979.215
2022-03-31 00:30:00,55.3,55.5,55.3,55.3,153.287
2022-03-31 01:00:00,55.4,55.4,55.3,55.3,252.721
2022-03-31 01:30:00,55.3,55.4,55.2,55.2,905.694
2022-03-31 02:00:00,55.3,55.8,55.2,55.5,1541.689
2022-03-31 02:30:00,55.5,55.6,55.4,55.6,222.231
2022-03-31 03:00:00,55.5,55.7,55.5,55.6,880.356
2022-03-31 03:30:00,55.6,63.7,55.6,63.5,69708.859
2022-03-31 04:00:00,63.4,63.4,60.5,61.0,15050.393
2022-03-31 04:30:00,61.0,62.7,60.8,61.9,7916.102
2022-03-31 05:00:00,62.0,62.5,59.0,60.2,11456.938
2022-03-31 05:30:00,60.2,60.5,59.2,59.4,3846.975
2022-03-31 06:00:00,59.4,62.0,59.3,61.2,14174.16
2022-03-31 06:30:00,61.2,61.5,59.8,60.5,4082.725
2022-03-31 07:00:00,60.5,61.1,60.0,60.4,2459.969
2022-03-31 07:30:00,60.3,60.3,59.4,59.5,5806.971
2022-03-31 08:00:00,59.5,59.6,57.7,58.6,10802.941
2022-03-31 08:30:00,58.5,58.7,57.3,58.0,9734.246
2022-03-31 09:00:00,57.9,58.1,57.7,57.8,1646.332
2022-03-31 09:30:00,57.8,58.2,57.5,58.1,2861.192
2022-03-31 10:00:00,58.0,58.3,57.9,58.2,1816.462
2022-03-31 10:30:00,58.2,58.9,57.8,58.5,4408.7
2022-03-31 11:00:00,58.6,60.0,58.1,59.9,5887.554
2022-03-31 11:30:00,59.9,59.9,58.6,58.7,2980.189
2022-03-31 12:00:00,58.7,58.7,56.9,57.7,9069.149
2022-03-31 12:30:00,57.7,58.4,57.7,58.3,1759.681
2022-03-31 13:00:00,58.3,58.7,57.5,57.9,2411.753
2022-03-31 13:30:00,57.9,57.9,56.9,57.1,2885.033
2022-03-31 14:00:00,57.0,57.5,55.0,55.6,17222.184
2022-03-31 14:30:00,55.6,55.9,54.9,55.9,5676.134
2022-03-31 15:00:00,55.8,56.0,55.0,55.8,2748.74
2022-03-31 15:30:00,55.8,61.8,55.5,60.4,32613.304
2022-03-31 16:00:00,60.5,61.3,59.5,60.0,16046.239
2022-03-31 16:30:00,60.0,60.9,59.5,60.7,10322.496
2022-03-31 17:00:00,60.5,62.0,59.5,61.6,9904.263
2022-03-31 17:30:00,61.4,64.8,61.4,62.5,16629.676
2022-03-31 18:00:00,62.5,63.1,61.4,62.2,6349.325
2022-03-31 18:30:00,62.3,66.0,62.2,63.8,19220.915
2022-03-31 19:00:00,63.8,65.1,62.9,64.7,8876.16
2022-03-31 19:30:00,64.8,65.0,63.0,63.5,5781.573
2022-03-31 20:00:00,63.4,63.8,63.2,63.7,1580.203
2022-03-31 20:30:00,63.7,64.0,63.1,63.9,1680.359
2022-03-31 21:00:00,63.8,64.5,63.6,64.4,1732.79
2022-03-31 21:30:00,64.4,64.4,63.0,63.4,2689.326
2022-03-31 22:00:00,63.3,63.5,61.6,63.2,4859.343
2022-03-31 22:30:00,63.2,64.4,62.7,64.2,6557.432
2022-03-31 23:00:00,64.2,64.8,63.6,63.9,4104.125
2022-03-31 23:30:00,63.9,63.9,62.4,62.9,2246.025
2022-04-01 00:00:00,62.9,63.1,62.7,62.9,1909.983
2022-04-01 00:30:00,62.9,63.0,61.9,62.0,2861.703
2022-04-01 01:00:00,62.1,62.3,61.1,61.3,2474.621
2022-04-01 01:30:00,61.3,61.6,61.0,61.4,1711.657
2022-04-01 02:00:00,61.3,61.9,59.9,60.5,8238.796
2022-04-01 02:30:00,60.6,61.7,60.4,61.6,3845.196
2022-04-01 03:00:00,61.6,63.1,61.5,62.2,6973.058
2022-04-01 03:30:00,62.3,71.5,60.8,68.9,101296.821
2022-04-01 04:00:00,68.9,69.1,65.8,67.7,36373.491
2022-04-01 04:30:00,67.7,73.0,67.4,70.4,62641.911
2022-04-01 05:00:00,70.2,73.5,69.4,71.7,38008.357
2022-04-01 05:30:00,71.8,81.0,71.4,79.4,146131.019
2022-04-01 06:00:00,79.2,84.9,76.2,82.8,130231.548
2022-04-01 06:30:00,82.8,85.5,81.0,84.5,85240.636
2022-04-01 07:00:00,84.5,85.2,78.2,78.7,60406.188
2022-04-01 07:30:00,78.7,83.2,78.4,82.2,44020.087
2022-04-01 08:00:00,82.4,89.5,81.4,89.0,61904.377
2022-04-01 08:30:00,89.2,93.2,88.3,88.8,224009.862
2022-04-01 09:00:00,88.8,92.0,87.6,88.5,81355.031
2022-04-01 09:30:00,88.5,90.8,75.6,77.3,203494.733
2022-04-01 10:00:00,77.3,80.4,76.3,77.7,76446.052
2022-04-01 10:30:00,77.6,78.3,69.3,72.3,122128.453
2022-04-01 11:00:00,72.3,75.8,70.6,73.5,86680.623
2022-04-01 11:30:00,73.5,75.4,72.1,74.0,37813.176
2022-04-01 12:00:00,73.8,79.1,73.8,78.0,83189.579
2022-04-01 12:30:00,78.0,78.5,76.0,78.0,31838.337
2022-04-01 13:00:00,78.1,78.7,72.9,74.8,42571.131
2022-04-01 13:30:00,74.8,75.5,71.1,73.6,39109.233
2022-04-01 14:00:00,73.5,73.7,71.6,72.9,26915.961
2022-04-01 14:30:00,72.9,82.7,72.6,81.5,100398.746
2022-04-01 15:00:00,81.6,83.7,79.6,80.6,78944.537
2022-04-01 15:30:00,80.5,81.9,79.5,80.0,41687.24
2022-04-01 16:00:00,80.0,84.0,78.5,83.5,43777.304
2022-04-01 16:30:00,83.6,84.9,80.0,80.5,45602.685
2022-04-01 17:00:00,80.4,82.3,79.7,80.4,16712.99
2022-04-01 17:30:00,80.5,80.7,79.4,79.8,12657.228
2022-04-01 18:00:00,79.9,81.3,79.3,80.3,17238.488
2022-04-01 18:30:00,80.2,82.0,80.0,81.3,11977.155
2022-04-01 19:00:00,81.2,82.3,80.5,81.2,10698.817
2022-04-01 19:30:00,81.3,81.7,80.1,81.0,6950.57
2022-04-01 20:00:00,81.0,81.8,80.4,81.4,9577.802
2022-04-01 20:30:00,81.4,83.8,81.2,82.8,14439.108
2022-04-01 21:00:00,82.7,83.2,81.7,82.3,7532.715
2022-04-01 21:30:00,82.3,83.8,82.2,83.5,5244.694
2022-04-01 22:00:00,83.5,84.0,81.2,82.0,7663.382
2022-04-01 22:30:00,82.0,82.0,79.1,79.7,19687.236
2022-04-01 23:00:00,79.6,81.2,79.3,79.5,14658.619
2022-04-01 23:30:00,79.6,79.8,75.0,78.5,50422.592
2022-04-02 00:00:00,78.4,80.8,77.4,78.8,36856.013
2022-04-02 00:30:00,78.7,84.0,78.1,80.6,34848.051
2022-04-02 01:00:00,80.6,80.9,78.4,78.6,20298.349
2022-04-02 01:30:00,78.6,80.0,78.0,79.3,14253.112
2022-04-02 02:00:00,79.4,81.0,78.4,80.9,7770.157
2022-04-02 02:30:00,80.8,81.0,79.2,79.9,9882.611
2022-04-02 03:00:00,80.0,80.8,78.1,78.7,11452.611
2022-04-02 03:30:00,78.7,79.9,78.4,79.2,7015.395
2022-04-02 04:00:00,79.2,79.4,77.1,78.2,10497.259
2022-04-02 04:30:00,78.3,78.6,76.0,76.4,15102.027
2022-04-02 05:00:00,76.3,77.8,76.2,77.5,8228.123
2022-04-02 05:30:00,77.5,77.9,76.0,77.1,10175.719
2022-04-02 06:00:00,77.0,77.1,75.0,75.8,15433.118
2022-04-02 06:30:00,75.8,76.5,75.3,75.4,9208.42
2022-04-02 07:00:00,75.4,77.3,75.3,77.0,9956.576
2022-04-02 07:30:00,76.9,77.3,76.2,77.1,6480.333
2022-04-02 08:00:00,77.1,77.2,74.9,76.2,16254.105
2022-04-02 08:30:00,76.2,77.1,76.0,76.7,8441.485
2022-04-02 09:00:00,76.7,76.9,75.8,76.0,6877.839
2022-04-02 09:30:00,76.0,76.5,75.0,75.6,7547.17
2022-04-02 10:00:00,75.6,76.2,75.2,75.9,4399.106
2022-04-02 10:30:00,75.8,76.7,75.7,76.3,4063.951
2022-04-02 11:00:00,76.3,76.7,75.5,75.7,4844.193
2022-04-02 11:30:00,75.8,75.8,74.5,75.4,10316.528
2022-04-02 12:00:00,75.3,75.7,74.8,75.2,7586.991
2022-04-02 12:30:00,75.1,75.9,75.0,75.7,5299.961
2022-04-02 13:00:00,75.6,75.9,74.9,75.4,5469.947
2022-04-02 13:30:00,75.4,75.7,75.0,75.2,1582.462
2022-04-02 14:00:00,75.2,76.7,75.1,76.5,6926.755
2022-04-02 14:30:00,76.4,76.6,75.2,76.0,6720.596
2022-04-02 15:00:00,76.0,76.4,73.8,74.7,21821.921
2022-04-02 15:30:00,74.7,76.1,74.5,75.4,9381.272
2022-04-02 16:00:00,75.5,75.7,75.0,75.5,2782.481
2022-04-02 16:30:00,75.5,75.9,75.2,75.7,3356.489
2022-04-02 17:00:00,75.8,76.1,75.3,75.5,3602.463
2022-04-02 17:30:00,75.4,76.3,75.4,75.9,3403.197
2022-04-02 18:00:00,75.9,77.2,75.0,76.2,9766.864
2022-04-02 18:30:00,76.0,77.1,75.7,76.6,3958.95
2022-04-02 19:00:00,76.5,76.9,76.2,76.4,1000.294
2022-04-02 19:30:00,76.3,78.9,76.3,78.2,10451.62
2022-04-02 20:00:00,78.2,78.6,77.5,78.0,4958.772
2022-04-02 20:30:00,78.0,78.4,77.4,77.9,1897.666
2022-04-02 21:00:00,77.8,77.8,76.6,76.7,4268.011
2022-04-02 21:30:00,76.8,77.4,76.5,76.6,1492.777
2022-04-02 22:00:00,76.6,76.9,75.2,75.4,4161.362
2022-04-02 22:30:00,75.3,75.6,75.1,75.3,1158.281
2022-04-02 23:00:00,75.3,75.5,75.0,75.1,2437.754
2022-04-02 23:30:00,75.1,75.2,74.0,75.0,10979.736
2022-04-03 00:00:00,75.0,76.7,74.6,75.9,7832.984
2022-04-03 00:30:00,75.9,76.4,75.5,76.2,3688.578
2022-04-03 01:00:00,76.2,76.5,74.0,74.1,7908.662
2022-04-03 01:30:00,74.2,74.5,71.7,72.5,23244.61
2022-04-03 02:00:00,72.5,73.2,70.7,72.5,21642.226
2022-04-03 02:30:00,72.5,76.0,72.1,75.2,37148.308
2022-04-03 03:00:00,75.3,76.6,75.0,76.3,5315.194
2022-04-03 03:30:00,76.4,77.5,75.6,77.0,5012.224
2022-04-03 04:00:00,77.1,81.6,76.8,81.4,17653.771
2022-04-03 04:30:00,81.3,82.0,79.0,80.6,23109.638
2022-04-03 05:00:00,80.5,81.2,78.4,79.7,21040.045
2022-04-03 05:30:00,79.7,80.9,79.2,80.6,8349.38
2022-04-03 06:00:00,80.6,80.9,79.2,79.8,5351.981
2022-04-03 06:30:00,79.8,80.0,79.3,79.8,3151.054
2022-04-03 07:00:00,79.8,79.9,78.1,79.1,6991.865
2022-04-03 07:30:00,79.1,83.9,78.9,83.4,24321.703
2022-04-03 08:00:00,83.5,83.8,82.0,82.4,18804.789
2022-04-03 08:30:00,82.3,83.0,81.2,81.8,10766.099
2022-04-03 09:00:00,81.8,85.6,81.7,84.6,21113.837
2022-04-03 09:30:00,84.6,92.0,83.0,91.2,73196.435
2022-04-03 10:00:00,91.2,94.4,90.0,93.1,73193.197
2022-04-03 10:30:00,93.1,95.0,91.0,94.4,104258.61
2022-04-03 11:00:00,94.3,95.1,92.4,93.1,65249.701
2022-04-03 11:30:00,93.2,93.8,92.3,93.5,21906.194
2022-04-03 12:00:00,93.3,99.0,92.9,95.5,68028.362
2022-04-03 12:30:00,95.5,97.8,94.5,96.5,41180.481
2022-04-03 13:00:00,96.4,97.6,94.5,97.1,33745.246
2022-04-03 13:30:00,97.0,97.3,95.5,96.9,21070.425
2022-04-03 14:00:00,96.9,97.9,95.4,95.9,25406.301
2022-04-03 14:30:00,95.8,96.0,91.2,92.3,33311.723
2022-04-03 15:00:00,92.3,93.3,91.8,92.8,18379.107
2022-04-03 15:30:00,92.8,93.2,91.8,92.3,13795.929
2022-04-03 16:00:00,92.3,94.5,92.0,93.6,21087.355
2022-04-03 16:30:00,93.5,93.7,92.0,92.1,11512.14
2022-04-03 17:00:00,92.3,92.7,91.5,92.0,12076.461
2022-04-03 17:30:00,92.0,92.5,90.5,92.5,15242.215
2022-04-03 18:00:00,92.5,92.8,90.8,91.2,8523.794
2022-04-03 18:30:00,91.2,92.7,90.5,91.9,9702.013
2022-04-03 19:00:00,92.0,92.1,90.8,91.0,4865.008
2022-04-03 19:30:00,91.1,91.8,90.5,90.9,4249.417
2022-04-03 20:00:00,90.9,91.5,88.9,89.5,15849.065
2022-04-03 20:30:00,89.7,89.7,88.2,88.4,4696.282
2022-04-03 21:00:00,88.4,88.8,87.0,88.6,8800.387
2022-04-03 21:30:00,88.6,89.8,87.8,89.5,9890.357
2022-04-03 22:00:00,89.5,89.6,88.1,88.8,6399.308
2022-04-03 22:30:00,88.9,94.3,88.5,92.0,28479.778
2022-04-03 23:00:00,92.0,94.9,91.0,93.6,19487.22
2022-04-03 23:30:00,93.5,94.5,92.1,93.5,22255.292
2022-04-04 00:00:00,93.5,99.0,93.2,97.3,66599.656
2022-04-04 00:30:00,97.3,98.9,96.3,97.3,42951.194
2022-04-04 01:00:00,97.4,104.4,97.4,103.7,99346.756
2022-04-04 01:30:00,103.5,104.2,98.6,100.1,48801.101
2022-04-04 02:00:00,100.1,100.6,96.7,97.7,44972.1
2022-04-04 02:30:00,97.6,98.9,96.3,96.7,29381.471
2022-04-04 03:00:00,96.7,97.0,93.7,95.2,30844.974
2022-04-04 03:30:00,95.3,97.6,94.1,95.1,23162.977
2022-04-04 04:00:00,95.2,97.0,94.2,96.5,28092.952
2022-04-04 04:30:00,96.4,97.7,95.6,96.4,14772.546
2022-04-04 05:00:00,96.3,97.4,95.9,96.8,13312.299
2022-04-04 05:30:00,96.8,97.1,93.0,93.0,27853.372
2022-04-04 06:00:00,93.0,94.4,92.3,94.3,15628.631
2022-04-04 06:30:00,94.4,94.9,93.5,94.2,9019.703
2022-04-04 07:00:00,94.3,94.9,93.5,94.0,7539.462
2022-04-04 07:30:00,94.0,94.3,93.4,94.0,7312.814
2022-04-04 08:00:00,93.8,94.4,92.4,94.3,13230.975
2022-04-04 08:30:00,94.4,97.0,93.5,93.7,22490.72
2022-04-04 09:00:00,93.9,95.9,93.2,94.4,18147.677
2022-04-04 09:30:00,94.4,95.2,93.5,93.9,12159.38
2022-04-04 10:00:00,93.8,94.8,93.1,94.1,15321.651
2022-04-04 10:30:00,94.0,95.1,93.6,94.9,11085.307
2022-04-04 11:00:00,94.9,96.6,94.2,96.2,17564.408
2022-04-04 11:30:00,96.1,96.1,94.2,94.6,6308.94
2022-04-04 12:00:00,94.7,94.7,90.3,91.3,22437.074
2022-04-04 12:30:00,91.4,91.4,88.1,89.1,20461.442
2022-04-04 13:00:00,89.0,90.8,88.1,88.8,19325.322
2022-04-04 13:30:00,88.7,89.6,88.0,89.1,13256.027
2022-04-04 14:00:00,89.1,91.2,89.1,90.1,12272.269
2022-04-04 14:30:00,90.0,90.2,88.6,89.1,9365.501
2022-04-04 15:00:00,89.1,89.8,87.0,88.5,17418.931
2022-04-04 15:30:00,88.5,89.3,87.5,88.7,8481.797
2022-04-04 16:00:00,88.7,89.2,87.8,88.1,8650.453
2022-04-04 16:30:00,88.3,89.0,88.1,88.7,4083.805
2022-04-04 17:00:00,88.7,91.3,88.6,90.7,18461.419
2022-04-04 17:30:00,90.5,91.2,86.0,87.3,24139.606
2022-04-04 18:00:00,87.3,88.4,86.5,87.8,10079.261
2022-04-04 18:30:00,87.8,88.3,87.4,87.4,3251.695
2022-04-04 19:00:00,87.5,88.2,87.4,87.8,2792.828
2022-04-04 19:30:00,87.8,88.2,87.5,87.9,2990.986
2022-04-04 20:00:00,87.9,88.6,86.8,88.2,4756.399
2022-04-04 20:30:00,88.1,88.9,87.5,87.8,5673.18
2022-04-04 21:00:00,87.8,89.8,87.3,89.1,8737.61
2022-04-04 21:30:00,89.2,89.8,88.5,89.0,2749.761
2022-04-04 22:00:00,89.1,89.9,88.4,89.4,2504.711
2022-04-04 22:30:00,89.2,90.8,89.1,89.8,4907.842
2022-04-04 23:00:00,89.9,90.2,88.9,89.5,3334.807
2022-04-04 23:30:00,89.5,89.5,87.1,88.0,3994.946
2022-04-05 00:00:00,88.0,88.2,87.5,87.9,1694.323
2022-04-05 00:30:00,88.0,88.0,86.8,87.3,3126.575
2022-04-05 01:00:00,87.3,87.7,86.1,86.8,6608.383
2022-04-05 01:30:00,86.8,90.0,86.8,88.4,9190.28
2022-04-05 02:00:00,88.5,89.5,88.5,88.9,6457.558
2022-04-05 02:30:00,89.0,89.6,88.8,89.3,2851.113
2022-04-05 03:00:00,89.4,90.6,89.3,89.6,3650.185
2022-04-05 03:30:00,89.7,90.0,88.8,89.3,2669.534
2022-04-05 04:00:00,89.3,90.8,88.9,90.6,4589.844
2022-04-05 04:30:00,90.8,91.9,90.5,90.8,7487.481
2022-04-05 05:00:00,90.9,91.5,90.4,90.4,2928.758
2022-04-05 05:30:00,90.4,91.0,90.0,90.3,2615.438
2022-04-05 06:00:00,90.3,92.8,88.8,91.9,14304.398
2022-04-05 06:30:00,91.9,92.6,91.2,91.3,4319.892
2022-04-05 07:00:00,91.3,105.0,91.1,103.0,86251.537
2022-04-05 07:30:00,103.0,110.0,102.0,107.1,82855.574
2022-04-05 08:00:00,107.1,110.6,105.7,108.4,56247.215
2022-04-05 08:30:00,108.4,110.8,105.9,108.1,25108.932
2022-04-05 09:00:00,108.1,110.0,106.9,107.7,22370.816
2022-04-05 09:30:00,107.7,113.0,106.4,107.7,29586.682
2022-04-05 10:00:00,107.7,108.4,104.9,105.8,15737.041
2022-04-05 10:30:00,105.5,106.9,104.3,106.3,13246.929
2022-04-05 11:00:00,106.3,107.8,105.8,106.6,6566.732
2022-04-05 11:30:00,106.6,107.8,105.7,107.2,7989.714
2022-04-05 12:00:00,107.1,108.6,105.5,106.1,17756.091
2022-04-05 12:30:00,106.1,106.4,104.1,104.1,7819.384
2022-04-05 13:00:00,104.1,106.9,104.1,105.3,11702.375
2022-04-05 13:30:00,105.4,110.5,105.2,108.3,20903.456
2022-04-05 14:00:00,108.4,110.4,106.1,109.5,27482.02
2022-04-05 14:30:00,109.8,111.0,105.3,106.0,16870.548
2022-04-05 15:00:00,105.9,107.0,104.6,105.8,12364.525
2022-04-05 15:30:00,105.8,107.5,104.9,105.7,7030.006
2022-04-05 16:00:00,105.7,108.5,105.3,106.7,11524.397
2022-04-05 16:30:00,106.7,107.9,106.5,107.0,7641.452
2022-04-05 17:00:00,107.1,108.0,105.3,107.1,8614.325
2022-04-05 17:30:00,107.2,110.3,106.6,109.0,16870.337
2022-04-05 18:00:00,109.0,111.9,107.6,109.9,15957.457
2022-04-05 18:30:00,109.9,112.0,107.8,108.0,14663.562
2022-04-05 19:00:00,108.2,109.0,106.8,108.6,7170.688
2022-04-05 19:30:00,108.5,111.0,108.0,110.7,11147.928
2022-04-05 20:00:00,110.7,113.3,108.1,109.6,26930.252
2022-04-05 20:30:00,109.4,110.3,107.7,109.8,11648.521
2022-04-05 21:00:00,109.9,110.2,108.0,108.9,5784.72
2022-04-05 21:30:00,108.8,111.0,108.7,110.6,5950.425
2022-04-05 22:00:00,110.6,114.8,110.4,112.2,25122.507
2022-04-05 22:30:00,112.2,114.9,111.3,112.2,15475.725
2022-04-05 23:00:00,112.1,113.0,111.0,111.3,10748.503
2022-04-05 23:30:00,111.3,111.7,109.7,111.1,8872.635
2022-04-06 00:00:00,111.1,111.3,105.6,108.0,21687.019
2022-04-06 00:30:00,108.0,115.0,107.8,114.1,25538.613
2022-04-06 01:00:00,114.1,115.0,110.0,110.6,19159.052
2022-04-06 01:30:00,110.4,110.8,108.0,109.5,9927.606
2022-04-06 02:00:00,109.5,109.9,107.6,108.3,9170.347
2022-04-06 02:30:00,108.2,111.5,107.8,111.0,10205.105
2022-04-06 03:00:00,110.9,112.1,108.9,109.7,8066.786
2022-04-06 03:30:00,109.6,113.0,109.3,112.6,12653.089
2022-04-06 04:00:00,112.4,116.5,111.2,115.6,44454.299
2022-04-06 04:30:00,115.7,116.8,113.1,114.5,40294.527
2022-04-06 05:00:00,114.5,117.5,113.7,115.9,27444.768
2022-04-06 05:30:00,115.9,117.5,114.0,114.1,27976.319
2022-04-06 06:00:00,114.1,114.6,112.2,113.6,27877.525
2022-04-06 06:30:00,113.5,114.0,112.2,113.1,7943.452
2022-04-06 07:00:00,113.3,113.8,112.0,112.6,6162.146
2022-04-06 07:30:00,112.6,112.7,110.9,111.4,7737.161
2022-04-06 08:00:00,111.3,111.4,109.1,110.3,15468.272
2022-04-06 08:30:00,110.3,110.8,108.1,108.2,12119.632
2022-04-06 09:00:00,108.2,109.4,107.2,108.8,13118.371
2022-04-06 09:30:00,108.7,110.8,108.4,108.9,8047.128
2022-04-06 10:00:00,108.8,108.8,106.2,108.1,11839.068
2022-04-06 10:30:00,108.4,108.8,107.4,107.8,4565.911
2022-04-06 11:00:00,107.9,108.0,105.5,106.5,18514.079
2022-04-06 11:30:00,106.4,107.6,106.0,106.4,8555.04
2022-04-06 12:00:00,106.3,107.0,105.5,106.1,8298.212
2022-04-06 12:30:00,106.2,106.4,104.9,105.3,9285.784
2022-04-06 13:00:00,105.3,105.4,101.0,101.2,19934.118
2022-04-06 13:30:00,101.3,103.0,97.6,102.2,36524.753
2022-04-06 14:00:00,102.1,102.7,99.8,100.9,16532.02
2022-04-06 14:30:00,100.8,101.7,98.6,98.9,7010.112
2022-04-06 15:00:00,98.9,101.0,98.6,100.4,9167.714
2022-04-06 15:30:00,100.4,104.9,100.1,102.2,10912.658
2022-04-06 16:00:00,102.2,103.1,98.3,98.7,17639.082
2022-04-06 16:30:00,98.7,99.4,95.8,98.4,13815.724
2022-04-06 17:00:00,98.5,101.0,97.4,100.2,18358.411
2022-04-06 17:30:00,100.2,101.2,99.4,100.4,8793.284
2022-04-06 18:00:00,100.2,102.5,99.0,100.6,10856.497
2022-04-06 18:30:00,100.6,102.2,100.5,101.6,5138.64
2022-04-06 19:00:00,101.7,102.5,100.5,100.9,3638.936
2022-04-06 19:30:00,100.9,102.9,100.5,101.9,3499.639
2022-04-06 20:00:00,102.1,102.6,100.8,101.5,2954.824
2022-04-06 20:30:00,101.6,101.8,100.7,101.1,1867.233
2022-04-06 21:00:00,101.0,101.2,97.8,98.2,8875.789
2022-04-06 21:30:00,98.2,98.9,98.0,98.8,1372.099
2022-04-06 22:00:00,98.7,99.2,98.2,98.6,1569.919
2022-04-06 22:30:00,98.7,99.5,98.5,98.7,1458.155
2022-04-06 23:00:00,98.8,101.8,98.6,101.1,8719.269
2022-04-06 23:30:00,101.1,101.6,99.8,100.3,7592.823
2022-04-07 00:00:00,100.3,102.7,100.0,101.9,6108.815
2022-04-07 00:30:00,102.0,109.0,101.7,103.4,34886.368
2022-04-07 01:00:00,103.3,106.3,101.6,105.7,15228.012
2022-04-07 01:30:00,105.6,109.0,105.1,106.9,33415.746
2022-04-07 02:00:00,106.9,108.4,106.2,106.3,14653.733
2022-04-07 02:30:00,106.3,107.2,105.0,106.2,11734.901
2022-04-07 03:00:00,106.4,109.8,106.3,107.3,25952.403
2022-04-07 03:30:00,107.4,108.7,106.3,107.7,8728.144
2022-04-07 04:00:00,107.7,108.8,106.2,106.9,11729.189
2022-04-07 04:30:00,106.9,107.4,105.1,106.0,6204.71
2022-04-07 05:00:00,106.0,106.5,104.0,104.5,6160.402
2022-04-07 05:30:00,104.5,105.7,104.1,105.6,3327.847
2022-04-07 06:00:00,105.6,107.0,105.4,105.7,4427.602
2022-04-07 06:30:00,105.8,106.2,105.2,105.3,1861.268
2022-04-07 07:00:00,105.3,106.0,104.6,105.5,2454.92
2022-04-07 07:30:00,105.5,105.6,104.1,104.1,4399.478
2022-04-07 08:00:00,104.2,104.5,101.6,101.8,10204.288
2022-04-07 08:30:00,101.8,103.4,101.7,103.1,5528.283
2022-04-07 09:00:00,103.1,103.1,101.4,102.0,3803.839
2022-04-07 09:30:00,102.0,102.9,101.7,102.5,2568.569
2022-04-07 10:00:00,102.5,102.6,101.3,101.4,2492.812
2022-04-07 10:30:00,101.4,101.4,98.7,99.4,7424.602
2022-04-07 11:00:00,99.3,100.4,98.7,99.6,6052.303
2022-04-07 11:30:00,99.6,102.0,99.5,101.8,9188.533
2022-04-07 12:00:00,101.7,103.9,101.7,102.3,6185.543
2022-04-07 12:30:00,102.4,102.8,101.6,102.2,3270.253
2022-04-07 13:00:00,102.3,102.9,100.1,100.4,3566.209
2022-04-07 13:30:00,100.3,102.9,100.1,102.8,4725.465
2022-04-07 14:00:00,102.8,103.7,101.3,102.0,5789.901
2022-04-07 14:30:00,102.0,102.8,100.6,101.6,4552.44
2022-04-07 15:00:00,101.6,102.6,100.3,100.3,6431.894
2022-04-07 15:30:00,100.5,101.8,99.7,101.7,5193.353
2022-04-07 16:00:00,101.7,105.7,101.3,104.8,9466.651
2022-04-07 16:30:00,104.6,107.8,104.4,105.9,15171.363
2022-04-07 17:00:00,106.0,107.2,105.6,106.3,5311.193
2022-04-07 17:30:00,106.1,106.8,105.2,106.6,4475.404
2022-04-07 18:00:00,106.7,107.8,106.0,106.4,3846.516
2022-04-07 18:30:00,106.3,106.7,104.0,104.1,3838.83
2022-04-07 19:00:00,104.1,104.5,103.0,103.6,3400.333
2022-04-07 19:30:00,103.6,104.1,102.5,103.2,2721.133
2022-04-07 20:00:00,103.3,104.3,103.1,104.2,2526.741
2022-04-07 20:30:00,104.2,104.8,103.5,104.0,2096.741
2022-04-07 21:00:00,103.9,104.2,103.1,103.6,2000.014
2022-04-07 21:30:00,103.6,104.6,103.4,104.1,1477.851
2022-04-07 22:00:00,104.1,104.5,103.5,103.9,1427.064
2022-04-07 22:30:00,103.9,104.2,103.5,103.8,1148.571
2022-04-07 23:00:00,103.7,104.4,102.1,102.6,3484.406
2022-04-07 23:30:00,102.6,102.7,101.8,102.0,2977.35
2022-04-08 00:00:00,101.9,103.1,101.0,101.0,4876.703
2022-04-08 00:30:00,101.0,102.2,100.0,100.5,5101.841
2022-04-08 01:00:00,100.5,102.0,99.8,100.7,5551.76
2022-04-08 01:30:00,100.7,101.5,100.1,100.2,4708.883
2022-04-08 02:00:00,100.1,101.0,99.7,100.8,3014.828
2022-04-08 02:30:00,100.8,101.6,100.7,101.1,2496.287
2022-04-08 03:00:00,101.0,102.5,101.0,101.7,3009.937
2022-04-08 03:30:00,101.7,102.2,100.8,101.0,4165.272
2022-04-08 04:00:00,100.9,101.8,100.7,101.5,3583.786
2022-04-08 04:30:00,101.4,101.6,100.6,101.0,1502.108
2022-04-08 05:00:00,101.0,101.9,101.0,101.8,1921.975
2022-04-08 05:30:00,101.6,101.7,100.8,101.0,586.938
2022-04-08 06:00:00,100.8,101.1,99.9,100.3,1964.39
2022-04-08 06:30:00,100.2,100.3,97.7,98.5,7236.036
2022-04-08 07:00:00,98.5,99.0,97.2,97.6,4598.545
2022-04-08 07:30:00,97.6,98.1,96.5,98.1,5566.027
2022-04-08 08:00:00,98.0,98.3,96.9,98.0,4481.655
2022-04-08 08:30:00,98.0,98.5,97.4,97.9,1405.378
2022-04-08 09:00:00,97.8,97.9,96.9,97.4,5182.298
2022-04-08 09:30:00,97.3,98.4,97.0,97.4,6455.473
2022-04-08 10:00:00,97.6,97.6,95.9,96.2,3794.026
2022-04-08 10:30:00,96.2,96.6,96.0,96.1,850.671
2022-04-08 11:00:00,96.1,97.5,93.1,95.8,16535.118
2022-04-08 11:30:00,95.7,95.8,94.3,94.9,3439.49
2022-04-08 12:00:00,94.9,95.6,94.8,95.2,4601.623
2022-04-08 12:30:00,95.2,95.4,93.6,93.8,57494.909
2022-04-08 13:00:00,93.8,94.4,91.8,92.2,29624.991
2022-04-08 13:30:00,92.3,94.1,92.0,92.9,5628.856
2022-04-08 14:00:00,92.8,95.6,92.7,95.4,19020.068
2022-04-08 14:30:00,95.4,106.3,95.4,104.6,60223.443
2022-04-08 15:00:00,104.6,109.5,104.1,108.0,33816.618
2022-04-08 15:30:00,108.0,111.3,107.3,111.1,32325.983
2022-04-08 16:00:00,111.2,115.6,110.0,112.6,33456.627
2022-04-08 16:30:00,112.8,116.2,112.4,112.8,35883.128
2022-04-08 17:00:00,113.0,113.6,109.9,112.3,21165.971
2022-04-08 17:30:00,112.3,114.6,110.7,114.1,9922.89
2022-04-08 18:00:00,114.1,114.3,111.4,113.1,11418.776
2022-04-08 18:30:00,113.0,114.8,112.2,114.4,9021.087
2022-04-08 19:00:00,114.4,116.0,113.8,115.1,10062.037
2022-04-08 19:30:00,115.1,117.0,113.1,116.5,15318.132
2022-04-08 20:00:00,116.5,117.0,114.7,115.4,10772.977
2022-04-08 20:30:00,115.5,116.5,114.8,115.6,4315.096
2022-04-08 21:00:00,115.6,118.0,115.1,115.6,11028.533
2022-04-08 21:30:00,115.5,116.6,113.9,116.2,7689.207
2022-04-08 22:00:00,116.1,117.8,114.9,115.9,8782.802
2022-04-08 22:30:00,115.9,116.7,114.8,115.2,5709.979
2022-04-08 23:00:00,115.2,117.0,114.4,115.3,9814.327
2022-04-08 23:30:00,115.2,115.6,112.2,114.2,13807.236
2022-04-09 00:00:00,114.3,118.0,112.6,113.3,21995.189
2022-04-09 00:30:00,113.2,115.9,112.9,115.3,10313.941
2022-04-09 01:00:00,115.2,121.5,114.6,118.2,39277.988
2022-04-09 01:30:00,118.1,120.8,116.9,119.0,28908.51
2022-04-09 02:00:00,119.2,119.5,117.4,118.6,11424.346
2022-04-09 02:30:00,118.6,120.9,117.6,117.9,19991.938
2022-04-09 03:00:00,118.1,119.0,117.0,118.4,9809.795
2022-04-09 03:30:00,118.5,119.8,115.6,116.0,15837.008
2022-04-09 04:00:00,115.8,116.0,112.8,115.1,18968.539
2022-04-09 04:30:00,115.1,116.0,114.3,115.3,9225.91
2022-04-09 05:00:00,115.2,115.5,114.2,115.5,6107.072
2022-04-09 05:30:00,115.4,115.5,114.2,114.2,2513.535
2022-04-09 06:00:00,114.2,117.5,112.6,117.0,27827.782
2022-04-09 06:30:00,117.1,120.4,116.8,118.8,41946.049
2022-04-09 07:00:00,118.8,119.5,116.8,116.8,9321.914
2022-04-09 07:30:00,116.9,119.2,116.8,118.0,9270.79
2022-04-09 08:00:00,118.1,118.5,116.9,117.8,4643.525
2022-04-09 08:30:00,117.8,117.9,115.4,115.8,7567.496
2022-04-09 09:00:00,115.7,116.6,115.0,115.6,6834.684
2022-04-09 09:30:00,115.6,117.2,115.5,116.2,3460.039
2022-04-09 10:00:00,116.2,116.3,115.0,115.1,3824.932
2022-04-09 10:30:00,115.0,115.8,114.7,115.7,3533.318
2022-04-09 11:00:00,115.7,116.5,115.2,115.3,3442.276
2022-04-09 11:30:00,115.4,116.1,114.2,115.3,4472.962
2022-04-09 12:00:00,115.3,115.5,114.7,115.0,3615.433
2022-04-09 12:30:00,115.0,117.2,114.9,116.3,6592.339
2022-04-09 13:00:00,116.3,117.8,116.0,117.3,13286.242
2022-04-09 13:30:00,117.1,117.5,114.4,114.9,10925.697
2022-04-09 14:00:00,114.7,115.8,113.2,113.9,8270.346
2022-04-09 14:30:00,113.7,115.3,113.4,114.1,6383.235
2022-04-09 15:00:00,114.1,114.3,112.5,112.8,6455.468
2022-04-09 15:30:00,112.8,114.8,112.0,114.1,10353.883
2022-04-09 16:00:00,114.2,117.0,113.6,115.1,9389.617
2022-04-09 16:30:00,115.2,115.4,114.0,114.8,2177.579
2022-04-09 17:00:00,115.0,116.1,114.3,115.4,2695.671
2022-04-09 17:30:00,115.3,116.6,115.3,116.6,3307.539
2022-04-09 18:00:00,116.6,116.9,114.8,115.8,2888.581
2022-04-09 18:30:00,115.6,116.1,114.8,115.3,2210.607
2022-04-09 19:00:00,115.4,116.7,115.4,115.6,2838.558
2022-04-09 19:30:00,115.6,116.3,115.3,115.7,1195.815
2022-04-09 20:00:00,115.8,116.6,115.6,115.9,1115.842
2022-04-09 20:30:00,115.7,116.0,115.2,115.5,1355.798
2022-04-09 21:00:00,115.4,115.8,115.0,115.1,1272.592
2022-04-09 21:30:00,115.2,116.1,114.4,115.7,1770.87
2022-04-09 22:00:00,115.7,116.5,115.7,116.0,1994.588
2022-04-09 22:30:00,116.0,116.0,115.5,115.5,602.126
2022-04-09 23:00:00,115.5,115.7,114.7,115.3,1160.882
2022-04-09 23:30:00,115.3,117.0,115.0,116.7,2899.222
2022-04-10 00:00:00,116.7,117.1,115.5,115.8,4228.304
2022-04-10 00:30:00,115.9,116.8,115.7,116.2,1367.483
2022-04-10 01:00:00,116.1,116.5,115.7,116.3,1322.517
2022-04-10 01:30:00,116.1,116.2,115.0,115.3,1535.89
2022-04-10 02:00:00,115.3,115.6,114.0,115.4,3561.618
2022-04-10 02:30:00,115.2,115.5,115.0,115.1,1689.475
2022-04-10 03:00:00,115.1,115.4,114.5,114.6,1766.466
2022-04-10 03:30:00,114.6,114.7,114.0,114.1,765.037
2022-04-10 04:00:00,114.1,114.9,113.5,114.2,2374.169
2022-04-10 04:30:00,114.3,114.6,113.7,113.8,2095.109
2022-04-10 05:00:00,113.8,113.8,112.7,112.9,1834.163
2022-04-10 05:30:00,112.9,113.7,111.9,112.1,6233.08
2022-04-10 06:00:00,112.2,112.3,111.6,112.3,2030.968
2022-04-10 06:30:00,112.4,113.1,112.3,112.9,1625.661
2022-04-10 07:00:00,113.0,113.0,112.0,112.3,1816.983
2022-04-10 07:30:00,112.3,113.4,112.0,112.6,3303.833
2022-04-10 08:00:00,112.6,112.8,112.1,112.7,1220.355
2022-04-10 08:30:00,112.7,113.0,111.9,112.1,1337.441
2022-04-10 09:00:00,112.2,112.5,111.5,112.3,4833.589
2022-04-10 09:30:00,112.3,112.7,111.8,112.2,3496.427
2022-04-10 10:00:00,112.2,112.5,111.6,112.3,1491.44
2022-04-10 10:30:00,112.3,112.8,111.8,112.6,1038.467
2022-04-10 11:00:00,112.5,115.1,112.5,114.5,4387.019
2022-04-10 11:30:00,114.5,117.0,113.9,116.5,8179.739
2022-04-10 12:00:00,116.6,119.4,115.9,117.4,14864.361
2022-04-10 12:30:00,117.5,118.4,116.0,116.8,5544.414
2022-04-10 13:00:00,116.8,117.9,116.1,116.7,2515.763
2022-04-10 13:30:00,116.7,116.7,115.0,115.5,9350.781
2022-04-10 14:00:00,115.5,117.3,115.0,116.0,7401.964
2022-04-10 14:30:00,116.1,116.7,115.8,116.4,1738.826
2022-04-10 15:00:00,116.3,118.2,116.2,117.1,7258.692
2022-04-10 15:30:00,117.1,117.1,116.4,116.8,2158.642
2022-04-10 16:00:00,116.9,117.8,116.3,117.3,2562.85
2022-04-10 16:30:00,117.2,118.4,117.1,117.1,3757.593
2022-04-10 17:00:00,117.2,118.8,117.1,118.3,3906.094
2022-04-10 17:30:00,118.4,119.1,116.8,116.8,3688.066
2022-04-10 18:00:00,116.9,117.4,116.4,116.4,2114.677
2022-04-10 18:30:00,116.4,116.4,115.7,115.8,1756.046
2022-04-10 19:00:00,115.7,116.4,115.6,115.8,1540.629
2022-04-10 19:30:00,115.8,115.8,115.2,115.3,888.653
2022-04-10 20:00:00,115.2,115.8,115.0,115.2,1295.765
2022-04-10 20:30:00,115.2,115.5,114.8,114.8,972.976
2022-04-10 21:00:00,114.8,115.5,114.8,114.9,591.917
2022-04-10 21:30:00,115.0,115.6,114.6,115.0,738.926
2022-04-10 22:00:00,115.0,118.1,114.9,117.4,4820.073
2022-04-10 22:30:00,117.4,119.0,116.5,117.6,5031.207
2022-04-10 23:00:00,117.6,118.5,116.7,117.4,3665.271
2022-04-10 23:30:00,117.3,117.9,115.3,117.0,5727.46
2022-04-11 00:00:00,116.9,125.0,115.7,123.1,40890.839
2022-04-11 00:30:00,123.2,125.2,114.0,115.2,65591.089
2022-04-11 01:00:00,115.2,124.2,112.4,112.9,42963.193
2022-04-11 01:30:00,112.9,113.5,110.2,113.3,43292.025
2022-04-11 02:00:00,113.3,118.3,112.9,117.7,22825.575
2022-04-11 02:30:00,117.5,119.3,115.5,116.7,17184.178
2022-04-11 03:00:00,116.7,116.7,115.3,116.4,5440.772
2022-04-11 03:30:00,116.3,117.5,116.1,116.9,7390.652
2022-04-11 04:00:00,116.9,117.1,115.5,116.1,4780.488
2022-04-11 04:30:00,116.1,116.8,115.2,116.6,2778.268
2022-04-11 05:00:00,116.6,117.7,116.4,116.9,4394.441
2022-04-11 05:30:00,116.9,117.2,115.8,116.8,3789.457
2022-04-11 06:00:00,116.8,118.7,115.5,116.7,12745.601
2022-04-11 06:30:00,116.8,117.2,116.0,116.6,5552.775
2022-04-11 07:00:00,116.6,117.6,116.5,117.1,4204.911
2022-04-11 07:30:00,117.2,118.5,116.4,118.1,11031.034
2022-04-11 08:00:00,118.2,118.3,116.7,117.1,5219.54
2022-04-11 08:30:00,117.1,117.7,116.4,116.6,3501.996
2022-04-11 09:00:00,116.7,116.7,115.5,116.0,4030.81
2022-04-11 09:30:00,116.0,116.3,113.6,113.6,12446.188
2022-04-11 10:00:00,113.7,116.1,113.3,115.0,10532.57
2022-04-11 10:30:00,114.9,115.4,113.6,113.9,7040.666
2022-04-11 11:00:00,113.9,114.0,108.3,111.5,55413.368
2022-04-11 11:30:00,111.4,112.8,110.1,110.1,8354.3
2022-04-11 12:00:00,110.0,112.2,109.9,111.6,7144.281
2022-04-11 12:30:00,111.6,112.8,111.1,111.8,4813.918
2022-04-11 13:00:00,111.9,112.2,110.6,110.7,4424.238
2022-04-11 13:30:00,110.7,114.8,110.0,112.7,18746.191
2022-04-11 14:00:00,112.8,113.4,111.6,111.8,4763.415
2022-04-11 14:30:00,111.8,112.6,111.3,111.5,4187.444
2022-04-11 15:00:00,111.4,112.1,110.4,110.7,4067.067
2022-04-11 15:30:00,110.6,110.6,109.2,109.2,7580.253
2022-04-11 16:00:00,109.4,110.1,109.0,109.0,4496.228
2022-04-11 16:30:00,109.0,109.7,108.1,109.1,6396.962
2022-04-11 17:00:00,109.0,109.7,108.6,109.3,3530.854
2022-04-11 17:30:00,109.2,109.8,109.1,109.2,1512.536
2022-04-11 18:00:00,109.2,109.8,108.9,109.0,2316.814
2022-04-11 18:30:00,109.0,109.3,108.7,109.1,1023.451
2022-04-11 19:00:00,109.0,109.1,106.9,107.3,4414.104
2022-04-11 19:30:00,107.3,107.8,106.3,107.4,5012.578
2022-04-11 20:00:00,107.3,107.6,106.2,107.1,5218.363
2022-04-11 20:30:00,107.2,107.6,105.9,106.3,3081.791
2022-04-11 21:00:00,106.3,106.8,106.0,106.3,1822.368
2022-04-11 21:30:00,106.3,106.3,105.0,105.4,4089.164
2022-04-11 22:00:00,105.3,107.6,105.1,107.1,4992.815
2022-04-11 22:30:00,107.1,108.8,106.8,107.7,3473.652
2022-04-11 23:00:00,107.8,108.4,106.5,107.2,3812.14
2022-04-11 23:30:00,107.3,107.7,106.6,106.8,1178.065
2022-04-12 00:00:00,106.8,107.9,106.7,107.1,3019.127
2022-04-12 00:30:00,107.0,108.3,106.8,106.9,2635.798
2022-04-12 01:00:00,107.0,107.7,106.7,107.7,1746.058
2022-04-12 01:30:00,107.7,112.5,107.6,108.1,11253.293
2022-04-12 02:00:00,108.3,109.0,107.0,107.2,4409.26
2022-04-12 02:30:00,107.2,107.6,106.1,107.3,3708.771
2022-04-12 03:00:00,107.3,107.5,104.0,105.6,12051.988
2022-04-12 03:30:00,105.6,106.5,105.4,106.3,1702.159
2022-04-12 04:00:00,106.2,107.0,105.7,106.7,1768.912
2022-04-12 04:30:00,106.8,107.6,106.0,107.1,4896.413
2022-04-12 05:00:00,107.2,108.5,106.9,107.8,2966.179
2022-04-12 05:30:00,107.9,109.9,107.9,109.7,4591.143
2022-04-12 06:00:00,109.7,109.9,108.9,109.2,1789.856
2022-04-12 06:30:00,109.1,109.3,108.4,108.5,1865.947
2022-04-12 07:00:00,108.4,109.3,108.3,108.8,1720.433
2022-04-12 07:30:00,108.9,109.0,108.2,108.5,1659.557
2022-04-12 08:00:00,108.5,108.8,108.0,108.1,1688.091
2022-04-12 08:30:00,108.2,108.3,107.4,107.8,1104.481
2022-04-12 09:00:00,107.8,107.8,107.0,107.6,1269.778
2022-04-12 09:30:00,107.5,108.2,107.4,108.2,785.986
2022-04-12 10:00:00,108.2,108.4,107.9,108.1,789.158
2022-04-12 10:30:00,108.0,109.1,108.0,108.7,1592.639
2022-04-12 11:00:00,108.7,110.8,108.3,110.5,4394.979
2022-04-12 11:30:00,110.7,110.7,109.1,109.6,3119.991
2022-04-12 12:00:00,109.6,109.9,108.2,108.3,1917.817
2022-04-12 12:30:00,108.3,110.4,107.9,110.1,7699.158
2022-04-12 13:00:00,110.1,110.3,109.0,109.1,3130.832
2022-04-12 13:30:00,109.1,109.2,108.3,108.8,2455.929
2022-04-12 14:00:00,108.9,109.3,107.1,107.2,3099.557
2022-04-12 14:30:00,107.2,107.9,107.2,107.5,1210.101
2022-04-12 15:00:00,107.5,108.4,107.4,108.3,1165.963
2022-04-12 15:30:00,108.3,108.3,107.5,107.7,2614.772
2022-04-12 16:00:00,107.7,108.1,107.3,107.3,1587.337
2022-04-12 16:30:00,107.3,107.6,107.1,107.4,665.895
2022-04-12 17:00:00,107.4,107.7,107.1,107.4,362.791
2022-04-12 17:30:00,107.4,107.4,106.3,106.7,978.36
2022-04-12 18:00:00,106.7,107.0,105.9,105.9,1561.918
2022-04-12 18:30:00,105.9,106.0,105.3,105.4,1240.384
2022-04-12 19:00:00,105.4,105.7,104.6,104.7,2489.832
2022-04-12 19:30:00,104.7,105.7,104.7,105.0,1216.633
2022-04-12 20:00:00,105.1,105.9,105.1,105.7,1097.278
2022-04-12 20:30:00,105.8,106.0,105.0,105.7,700.657
2022-04-12 21:00:00,105.7,107.0,105.6,106.5,1574.513
2022-04-12 21:30:00,106.5,106.8,105.9,106.5,694.118
2022-04-12 22:00:00,106.3,106.5,105.5,105.6,955.874
2022-04-12 22:30:00,105.6,106.6,105.5,106.2,1333.275
2022-04-12 23:00:00,106.2,107.2,106.2,106.9,1313.245
2022-04-12 23:30:00,106.9,107.2,106.4,107.1,1362.889
2022-04-13 00:00:00,107.1,108.5,106.8,107.9,3589.666
2022-04-13 00:30:00,107.7,107.7,106.8,107.4,1663.661
2022-04-13 01:00:00,107.3,107.5,106.6,107.0,1667.449
2022-04-13 01:30:00,107.0,107.4,106.5,107.1,1114.655
2022-04-13 02:00:00,107.1,107.3,106.2,106.5,650.415
2022-04-13 02:30:00,106.6,107.2,106.4,106.7,813.672
2022-04-13 03:00:00,106.8,107.4,106.8,107.2,610.178
2022-04-13 03:30:00,107.1,107.2,106.5,106.7,477.329
2022-04-13 04:00:00,106.7,106.9,106.2,106.2,397.7
2022-04-13 04:30:00,106.2,107.0,105.9,107.0,2330.108
2022-04-13 05:00:00,107.0,107.2,106.2,106.2,1602.56
2022-04-13 05:30:00,106.2,106.9,106.1,106.8,449.774
2022-04-13 06:00:00,106.6,106.8,106.5,106.6,339.45
2022-04-13 06:30:00,106.6,106.9,105.9,106.1,1229.43
2022-04-13 07:00:00,106.2,109.2,105.8,108.2,9323.948
2022-04-13 07:30:00,108.2,108.9,108.0,108.7,2987.197
2022-04-13 08:00:00,108.7,112.3,108.6,109.2,18452.908
2022-04-13 08:30:00,109.2,110.3,108.9,109.0,5469.581
2022-04-13 09:00:00,109.0,109.0,107.0,107.8,3236.726
2022-04-13 09:30:00,107.9,108.1,107.3,107.8,1389.578
2022-04-13 10:00:00,107.7,108.3,106.1,107.2,4082.748
2022-04-13 10:30:00,107.2,107.2,106.0,107.0,1433.0
2022-04-13 11:00:00,106.9,107.2,106.9,107.0,1168.387
2022-04-13 11:30:00,107.0,107.0,106.2,106.2,1983.903
2022-04-13 12:00:00,106.2,107.7,106.0,107.6,2124.734
2022-04-13 12:30:00,107.6,107.6,106.6,106.8,978.9
2022-04-13 13:00:00,106.9,107.5,106.5,107.2,1853.449
2022-04-13 13:30:00,107.3,109.2,107.2,109.0,5137.238
2022-04-13 14:00:00,109.0,110.9,108.4,108.8,12423.277
2022-04-13 14:30:00,108.8,109.6,108.5,109.0,5770.579
2022-04-13 15:00:00,109.0,110.0,108.9,109.6,3309.788
2022-04-13 15:30:00,109.6,110.0,108.8,109.3,4134.534
2022-04-13 16:00:00,109.3,109.9,108.9,109.0,1584.695
2022-04-13 16:30:00,109.0,109.1,108.4,108.7,1535.542
2022-04-13 17:00:00,108.8,109.0,108.2,108.9,1186.668
2022-04-13 17:30:00,108.9,109.0,108.3,108.9,740.204
2022-04-13 18:00:00,108.9,109.4,108.7,109.4,1260.071
2022-04-13 18:30:00,109.3,109.7,109.1,109.7,966.743
2022-04-13 19:00:00,109.6,110.0,109.1,109.6,1953.894
2022-04-13 19:30:00,109.6,109.8,108.6,108.6,1732.525
2022-04-13 20:00:00,108.6,108.8,108.4,108.7,383.721
2022-04-13 20:30:00,108.6,108.8,108.3,108.5,1065.662
2022-04-13 21:00:00,108.6,108.9,108.5,108.9,578.482
2022-04-13 21:30:00,108.9,108.9,108.4,108.7,193.317
2022-04-13 22:00:00,108.7,108.7,108.2,108.4,722.75
2022-04-13 22:30:00,108.5,109.0,108.5,109.0,838.88
2022-04-13 23:00:00,109.0,109.4,108.8,109.2,816.703
2022-04-13 23:30:00,109.3,109.7,109.2,109.4,942.596
2022-04-14 00:00:00,109.4,109.9,109.2,109.6,849.782
2022-04-14 00:30:00,109.7,109.9,109.2,109.4,360.882
2022-04-14 01:00:00,109.5,111.4,109.4,111.3,3444.96
2022-04-14 01:30:00,111.4,112.8,110.8,112.0,6669.084
2022-04-14 02:00:00,112.1,112.8,111.7,112.0,3550.431
2022-04-14 02:30:00,112.0,112.0,111.2,111.4,1255.807
2022-04-14 03:00:00,111.4,111.5,110.3,110.6,2032.867
2022-04-14 03:30:00,110.5,110.7,109.9,110.4,2148.736
2022-04-14 04:00:00,110.4,110.8,110.1,110.5,1236.015
2022-04-14 04:30:00,110.6,111.0,110.3,110.8,2424.273
2022-04-14 05:00:00,110.7,111.3,110.4,110.5,1330.312
2022-04-14 05:30:00,110.4,110.7,110.2,110.6,645.529
2022-04-14 06:00:00,110.7,111.0,110.4,110.8,1231.477
2022-04-14 06:30:00,110.7,111.1,110.5,111.0,798.452
2022-04-14 07:00:00,111.2,111.8,110.3,111.1,3213.698
2022-04-14 07:30:00,111.1,112.0,108.8,109.7,6799.724
2022-04-14 08:00:00,109.7,110.2,108.5,108.6,4257.813
2022-04-14 08:30:00,108.7,108.8,107.5,108.1,3228.916
2022-04-14 09:00:00,108.1,108.3,106.3,106.3,4964.064
2022-04-14 09:30:00,106.3,107.9,106.2,107.7,4527.773
2022-04-14 10:00:00,107.7,107.9,106.8,107.3,2419.704
2022-04-14 10:30:00,107.3,107.4,105.9,106.1,2524.958
2022-04-14 11:00:00,106.0,106.9,106.0,106.8,863.358
2022-04-14 11:30:00,106.7,106.9,106.2,106.6,721.785
2022-04-14 12:00:00,106.6,107.4,106.6,106.9,1437.515
2022-04-14 12:30:00,106.8,107.4,106.8,107.2,1046.805
2022-04-14 13:00:00,107.3,107.9,107.0,107.1,1905.671
2022-04-14 13:30:00,107.1,107.5,104.1,105.5,9486.27
2022-04-14 14:00:00,105.4,105.6,104.2,105.4,2830.792
2022-04-14 14:30:00,105.4,106.1,104.0,104.6,5622.355
2022-04-14 15:00:00,104.6,105.0,104.3,104.6,1542.367
2022-04-14 15:30:00,104.6,104.6,103.0,103.7,8683.497
2022-04-14 16:00:00,103.8,104.2,103.4,103.6,2015.067
2022-04-14 16:30:00,103.5,104.1,103.0,104.0,3893.676
2022-04-14 17:00:00,104.1,105.1,103.6,104.6,1721.411
2022-04-14 17:30:00,104.7,105.2,104.1,104.8,1913.432
2022-04-14 18:00:00,104.8,104.9,104.4,104.6,381.212
2022-04-14 18:30:00,104.5,104.6,103.4,103.6,1115.292
2022-04-14 19:00:00,103.6,104.4,103.4,104.4,511.387
2022-04-14 19:30:00,104.3,104.4,103.9,104.0,515.756
2022-04-14 20:00:00,104.1,104.2,103.8,104.2,253.338
2022-04-14 20:30:00,104.2,105.1,104.2,104.9,736.665
2022-04-14 21:00:00,104.9,105.9,104.8,105.5,2123.197
2022-04-14 21:30:00,105.5,105.9,105.4,105.7,125.266
2022-04-14 22:00:00,105.8,105.9,105.4,105.5,276.124
2022-04-14 22:30:00,105.5,105.6,104.7,105.0,859.709
2022-04-14 23:00:00,105.1,105.5,104.9,105.0,393.985
2022-04-14 23:30:00,104.9,105.0,104.7,104.8,272.355
2022-04-15 00:00:00,104.8,105.2,104.6,105.2,759.244
2022-04-15 00:30:00,105.2,105.2,103.6,103.7,1178.738
2022-04-15 01:00:00,103.7,104.0,103.4,103.9,906.304
2022-04-15 01:30:00,103.8,104.1,103.5,104.0,824.169
2022-04-15 02:00:00,104.0,104.5,104.0,104.5,795.371
2022-04-15 02:30:00,104.4,104.5,104.3,104.4,178.096
2022-04-15 03:00:00,104.4,104.7,104.4,104.6,531.657
2022-04-15 03:30:00,104.5,104.8,104.4,104.6,604.938
2022-04-15 04:00:00,104.5,104.6,104.4,104.4,566.813
2022-04-15 04:30:00,104.3,104.3,103.5,103.7,895.598
2022-04-15 05:00:00,103.7,104.3,103.5,104.3,1208.398
2022-04-15 05:30:00,104.2,104.5,103.7,103.8,371.622
2022-04-15 06:00:00,103.8,104.0,103.7,103.8,287.187
2022-04-15 06:30:00,103.7,103.7,102.6,102.8,1912.097
2022-04-15 07:00:00,102.7,103.0,101.5,101.6,2143.117
2022-04-15 07:30:00,101.6,103.9,101.6,103.3,2031.304
2022-04-15 08:00:00,103.1,103.5,102.3,102.3,749.614
2022-04-15 08:30:00,102.3,103.0,102.2,102.7,1338.545
2022-04-15 09:00:00,102.7,103.0,102.6,102.7,429.166
2022-04-15 09:30:00,102.6,102.9,102.2,102.7,745.21
2022-04-15 10:00:00,102.6,103.3,102.5,103.2,1155.481
2022-04-15 10:30:00,103.2,103.7,102.8,103.3,2004.402
2022-04-15 11:00:00,103.5,104.0,103.1,103.1,1257.394
2022-04-15 11:30:00,103.2,103.7,103.0,103.5,927.615
2022-04-15 12:00:00,103.4,103.7,103.2,103.4,597.854
2022-04-15 12:30:00,103.1,103.3,102.6,102.9,354.486
2022-04-15 13:00:00,102.9,103.2,102.5,103.0,1096.37
2022-04-15 13:30:00,102.9,103.2,102.3,102.5,1022.352
2022-04-15 14:00:00,102.5,103.3,102.2,102.2,2580.342
2022-04-15 14:30:00,102.2,104.0,102.2,103.5,2109.123
2022-04-15 15:00:00,103.4,104.3,103.3,104.2,3538.316
2022-04-15 15:30:00,104.2,104.6,103.7,104.0,1179.921
2022-04-15 16:00:00,104.0,104.2,103.6,103.9,1445.137
2022-04-15 16:30:00,103.9,104.0,103.8,103.8,239.058
2022-04-15 17:00:00,103.8,104.1,103.7,103.7,524.542
2022-04-15 17:30:00,103.7,103.9,103.2,103.2,1404.625
2022-04-15 18:00:00,103.2,103.4,102.9,103.0,721.377
2022-04-15 18:30:00,103.0,103.1,102.8,102.8,289.671
2022-04-15 19:00:00,102.8,102.9,102.6,102.7,324.284
2022-04-15 19:30:00,102.6,102.8,102.4,102.6,476.874
2022-04-15 20:00:00,102.6,103.0,102.6,102.7,267.724
2022-04-15 20:30:00,102.8,103.1,102.7,103.0,321.96
2022-04-15 21:00:00,103.0,103.3,103.0,103.2,265.009
2022-04-15 21:30:00,103.1,103.1,102.8,102.8,95.297
2022-04-15 22:00:00,102.8,102.8,102.6,102.8,104.398
2022-04-15 22:30:00,102.8,103.3,102.8,103.1,485.131
2022-04-15 23:00:00,103.3,103.3,103.1,103.3,171.492
2022-04-15 23:30:00,103.3,103.4,103.2,103.3,230.048
2022-04-16 00:00:00,103.4,105.6,103.3,103.6,3210.277
2022-04-16 00:30:00,103.6,103.8,103.4,103.7,453.17
2022-04-16 01:00:00,103.7,103.7,103.5,103.5,284.241
2022-04-16 01:30:00,103.5,103.6,103.5,103.5,73.43
2022-04-16 02:00:00,103.5,103.6,103.0,103.1,467.266
2022-04-16 02:30:00,103.1,103.1,101.8,102.0,4417.34
2022-04-16 03:00:00,102.0,102.0,101.4,101.5,1309.505
2022-04-16 03:30:00,101.6,101.7,101.2,101.2,794.163
2022-04-16 04:00:00,101.2,101.4,100.9,101.2,876.308
2022-04-16 04:30:00,101.2,101.5,101.1,101.4,485.388
2022-04-16 05:00:00,101.4,101.5,101.0,101.2,375.562
2022-04-16 05:30:00,101.2,101.7,101.1,101.1,1540.234
2022-04-16 06:00:00,101.1,101.6,101.1,101.3,1527.083
2022-04-16 06:30:00,101.3,101.6,101.3,101.6,444.383
2022-04-16 07:00:00,101.5,102.0,101.5,101.8,1221.139
2022-04-16 07:30:00,101.9,101.9,101.6,101.7,257.466
2022-04-16 08:00:00,101.7,105.0,101.6,104.3,11479.054
2022-04-16 08:30:00,104.3,104.3,103.3,104.0,1911.236
2022-04-16 09:00:00,103.8,103.9,102.9,103.0,1268.96
2022-04-16 09:30:00,102.9,103.6,102.8,103.5,978.892
2022-04-16 10:00:00,103.7,103.8,103.3,103.5,484.509
2022-04-16 10:30:00,103.4,103.5,102.9,102.9,946.738
2022-04-16 11:00:00,102.9,103.3,102.9,103.0,875.833
2022-04-16 11:30:00,103.0,103.1,102.7,103.0,572.487
2022-04-16 12:00:00,102.8,102.9,102.6,102.7,456.142
2022-04-16 12:30:00,102.7,103.0,102.5,102.6,1545.117
2022-04-16 13:00:00,102.7,102.8,102.4,102.4,653.372
2022-04-16 13:30:00,102.5,102.5,101.9,102.4,1058.514
2022-04-16 14:00:00,102.4,102.5,102.3,102.4,227.46
2022-04-16 14:30:00,102.4,102.4,101.2,102.2,2396.522
2022-04-16 15:00:00,102.2,102.4,101.5,102.1,1686.838
2022-04-16 15:30:00,102.2,102.2,101.4,101.7,494.903
2022-04-16 16:00:00,101.7,101.9,101.6,101.8,472.74
2022-04-16 16:30:00,101.9,102.0,101.8,102.0,421.966
2022-04-16 17:00:00,102.0,102.6,102.0,102.5,1120.958
2022-04-16 17:30:00,102.5,102.7,102.3,102.6,446.76
2022-04-16 18:00:00,102.6,102.8,102.6,102.7,293.421
2022-04-16 18:30:00,102.7,102.9,102.6,102.8,1062.712
2022-04-16 19:00:00,103.0,103.3,102.8,102.9,498.722
2022-04-16 19:30:00,102.9,103.0,102.7,102.7,267.325
2022-04-16 20:00:00,102.7,102.8,102.4,102.4,112.309
2022-04-16 20:30:00,102.5,103.0,102.5,102.8,246.021
2022-04-16 21:00:00,102.9,103.0,102.8,102.9,158.414
2022-04-16 21:30:00,103.0,103.1,102.9,103.0,506.979
2022-04-16 22:00:00,103.0,103.5,103.0,103.4,712.466
2022-04-16 22:30:00,103.3,103.3,102.7,103.0,1589.899
2022-04-16 23:00:00,103.0,103.1,102.8,102.9,547.911
2022-04-16 23:30:00,103.0,103.1,102.7,102.8,433.417
2022-04-17 00:00:00,102.7,102.8,102.3,102.4,685.294
2022-04-17 00:30:00,102.4,102.4,102.0,102.0,476.708
2022-04-17 01:00:00,102.0,102.3,101.8,101.9,2042.144
2022-04-17 01:30:00,101.9,101.9,101.6,101.6,294.023
2022-04-17 02:00:00,101.6,101.8,101.4,101.4,592.699
2022-04-17 02:30:00,101.4,101.5,101.2,101.2,507.525
2022-04-17 03:00:00,101.2,101.6,101.1,101.5,610.994
2022-04-17 03:30:00,101.6,101.6,101.3,101.3,464.111
2022-04-17 04:00:00,101.4,101.5,101.3,101.5,222.39
2022-04-17 04:30:00,101.5,101.7,101.5,101.6,555.013
2022-04-17 05:00:00,101.6,101.9,101.3,101.7,1126.461
2022-04-17 05:30:00,101.7,101.8,101.6,101.8,77.746
2022-04-17 06:00:00,101.8,101.9,101.5,101.7,578.756
2022-04-17 06:30:00,101.6,101.8,101.5,101.6,488.893
2022-04-17 07:00:00,101.5,101.6,101.5,101.6,215.728
2022-04-17 07:30:00,101.5,101.6,101.4,101.5,352.412
2022-04-17 08:00:00,101.5,101.5,101.2,101.4,735.694
2022-04-17 08:30:00,101.4,101.5,101.2,101.4,622.247
2022-04-17 09:00:00,101.4,101.6,101.3,101.5,798.793
2022-04-17 09:30:00,101.5,101.6,101.3,101.4,298.316
2022-04-17 10:00:00,101.4,101.9,101.4,101.8,604.507
2022-04-17 10:30:00,101.8,101.8,101.5,101.6,355.613
2022-04-17 11:00:00,101.6,101.8,101.1,101.2,1952.48
2022-04-17 11:30:00,101.2,101.5,101.1,101.5,343.921
2022-04-17 12:00:00,101.5,101.5,101.3,101.4,177.881
2022-04-17 12:30:00,101.4,101.5,101.3,101.4,198.237
2022-04-17 13:00:00,101.4,101.4,101.1,101.2,287.087
2022-04-17 13:30:00,101.2,101.5,101.2,101.3,685.443
2022-04-17 14:00:00,101.2,101.4,101.1,101.4,255.313
2022-04-17 14:30:00,101.4,101.5,101.2,101.3,305.532
2022-04-17 15:00:00,101.3,101.5,101.0,101.4,1511.878
2022-04-17 15:30:00,101.4,101.7,101.4,101.5,687.084
2022-04-17 16:00:00,101.5,101.9,101.4,101.9,667.232
2022-04-17 16:30:00,101.8,101.9,101.6,101.7,622.493
2022-04-17 17:00:00,101.6,101.9,101.3,101.8,977.793
2022-04-17 17:30:00,101.8,102.2,101.5,101.6,686.891
2022-04-17 18:00:00,101.6,101.7,101.0,101.6,2185.009
2022-04-17 18:30:00,101.4,101.5,101.3,101.3,130.48
2022-04-17 19:00:00,101.3,101.5,101.2,101.3,216.11
2022-04-17 19:30:00,101.3,101.7,101.2,101.5,381.826
2022-04-17 20:00:00,101.6,101.9,101.3,101.5,343.933
2022-04-17 20:30:00,101.4,101.7,101.4,101.5,114.848
2022-04-17 21:00:00,101.4,101.6,101.1,101.3,128.763
2022-04-17 21:30:00,101.2,101.4,101.2,101.2,92.551
2022-04-17 22:00:00,101.3,101.5,101.0,101.3,229.403
2022-04-17 22:30:00,101.3,101.3,101.0,101.1,808.866
2022-04-17 23:00:00,101.0,101.1,100.3,100.3,6645.995
2022-04-17 23:30:00,100.3,101.5,100.3,100.8,1551.712
2022-04-18 00:00:00,100.8,101.6,100.4,101.2,1157.75
2022-04-18 00:30:00,101.2,101.2,100.4,100.8,1216.557
2022-04-18 01:00:00,100.7,101.1,100.5,100.6,1346.161
2022-04-18 01:30:00,100.6,101.4,100.6,101.3,1507.087
2022-04-18 02:00:00,101.3,101.4,101.1,101.3,313.558
2022-04-18 02:30:00,101.4,101.5,100.9,101.2,395.655
2022-04-18 03:00:00,101.3,102.0,101.1,101.4,1521.426
2022-04-18 03:30:00,101.5,104.4,101.5,103.9,5229.527
2022-04-18 04:00:00,103.9,105.7,100.2,100.5,11889.273
2022-04-18 04:30:00,100.6,102.5,100.6,101.6,5170.188
2022-04-18 05:00:00,101.6,103.5,100.5,103.1,5806.438
2022-04-18 05:30:00,103.1,104.0,102.2,103.0,4005.817
2022-04-18 06:00:00,103.0,103.1,102.2,102.4,1165.189
2022-04-18 06:30:00,102.5,103.1,102.2,102.8,755.594
2022-04-18 07:00:00,102.9,103.8,101.7,102.3,2524.662
2022-04-18 07:30:00,102.2,102.6,100.9,101.2,3136.814
2022-04-18 08:00:00,101.1,101.7,100.6,100.8,938.901
2022-04-18 08:30:00,100.7,101.2,99.5,100.8,4117.456
2022-04-18 09:00:00,100.8,101.3,99.5,100.1,5345.893
2022-04-18 09:30:00,100.1,101.3,98.6,100.0,12552.959
2022-04-18 10:00:00,99.9,100.3,99.5,100.0,2594.469
2022-04-18 10:30:00,100.1,100.7,99.9,100.1,1280.377
2022-04-18 11:00:00,100.0,101.0,100.0,100.2,1667.545
2022-04-18 11:30:00,100.2,100.9,100.0,100.8,712.474
2022-04-18 12:00:00,100.8,102.2,100.6,102.2,2776.813
2022-04-18 12:30:00,102.2,105.0,102.1,103.0,8577.562
2022-04-18 13:00:00,103.1,103.1,102.1,102.2,3746.089
2022-04-18 13:30:00,102.5,103.1,102.2,102.2,1923.252
2022-04-18 14:00:00,102.3,104.0,102.2,103.2,3532.433
2022-04-18 14:30:00,103.2,109.8,103.2,109.2,23054.555
2022-04-18 15:00:00,109.3,110.5,106.6,107.0,16862.107
2022-04-18 15:30:00,107.0,107.8,106.4,107.5,4593.357
2022-04-18 16:00:00,107.5,108.8,106.1,108.5,9679.835
2022-04-18 16:30:00,108.5,109.4,107.9,108.0,8178.335
2022-04-18 17:00:00,108.1,109.3,107.7,108.0,5518.956
2022-04-18 17:30:00,108.0,108.7,107.6,108.1,2102.807
2022-04-18 18:00:00,108.1,109.8,108.1,108.5,4757.601
2022-04-18 18:30:00,108.6,109.1,108.0,108.8,1472.746
2022-04-18 19:00:00,108.9,109.1,107.7,108.0,2104.37
2022-04-18 19:30:00,108.0,109.2,108.0,108.9,4269.774
2022-04-18 20:00:00,109.0,109.0,108.3,109.0,1097.374
2022-04-18 20:30:00,109.0,109.1,108.1,108.6,1000.2
2022-04-18 21:00:00,108.7,109.6,108.6,109.0,2603.694
2022-04-18 21:30:00,108.9,109.6,108.8,109.5,1045.056
2022-04-18 22:00:00,109.6,109.7,109.0,109.2,1223.721
2022-04-18 22:30:00,109.2,113.1,108.9,111.2,14233.103
2022-04-18 23:00:00,111.2,111.6,110.4,110.6,2683.753
2022-04-18 23:30:00,110.6,111.2,108.6,109.1,3687.581
2022-04-19 00:00:00,109.1,112.6,108.9,111.0,8536.987
2022-04-19 00:30:00,111.0,111.3,110.2,110.3,2793.248
2022-04-19 01:00:00,110.3,111.2,110.3,110.4,668.463
2022-04-19 01:30:00,110.4,110.7,110.0,110.1,1022.837
2022-04-19 02:00:00,110.1,111.0,109.5,109.9,1229.081
2022-04-19 02:30:00,109.8,110.3,109.0,109.1,1613.622
2022-04-19 03:00:00,109.2,109.9,109.0,109.3,904.442
2022-04-19 03:30:00,109.4,109.9,108.6,108.7,2419.738
2022-04-19 04:00:00,108.7,110.0,108.7,109.2,2272.734
2022-04-19 04:30:00,109.2,109.4,108.7,108.9,1011.322
2022-04-19 05:00:00,109.0,109.3,107.2,107.6,3761.216
2022-04-19 05:30:00,107.5,107.8,106.8,106.8,1821.885
2022-04-19 06:00:00,106.8,107.5,106.8,106.9,1114.908
2022-04-19 06:30:00,106.9,107.2,105.6,106.6,3498.573
2022-04-19 07:00:00,106.6,106.9,106.3,106.5,744.094
2022-04-19 07:30:00,106.5,106.5,105.8,106.3,734.876
2022-04-19 08:00:00,106.3,106.4,105.9,106.4,430.553
2022-04-19 08:30:00,106.4,106.6,105.5,105.7,864.08
2022-04-19 09:00:00,105.7,106.0,105.5,105.7,512.497
2022-04-19 09:30:00,105.8,105.8,105.2,105.5,618.63
2022-04-19 10:00:00,105.6,106.2,105.6,106.0,1314.755
2022-04-19 10:30:00,106.1,106.5,106.0,106.4,867.487
2022-04-19 11:00:00,106.4,108.0,106.3,107.9,3374.908
2022-04-19 11:30:00,107.8,108.1,107.1,107.1,2320.05
2022-04-19 12:00:00,107.1,107.4,106.6,107.2,1293.912
2022-04-19 12:30:00,107.3,107.6,107.1,107.2,953.289
2022-04-19 13:00:00,107.2,107.3,106.9,107.2,481.547
2022-04-19 13:30:00,107.2,108.0,106.8,107.6,2307.301
2022-04-19 14:00:00,107.7,108.5,106.6,107.0,3646.216
2022-04-19 14:30:00,107.1,107.7,107.0,107.6,1286.985
2022-04-19 15:00:00,107.6,107.8,106.8,107.1,1395.558
2022-04-19 15:30:00,107.0,107.5,106.5,107.2,1658.657
2022-04-19 16:00:00,107.2,107.8,107.0,107.6,1232.912
2022-04-19 16:30:00,107.7,108.1,106.8,107.1,3740.742
2022-04-19 17:00:00,107.2,107.3,106.3,106.5,816.684
2022-04-19 17:30:00,106.5,107.3,106.5,106.7,1683.159
2022-04-19 18:00:00,106.8,107.0,106.4,106.7,606.173
2022-04-19 18:30:00,106.7,106.7,106.5,106.7,77.005
2022-04-19 19:00:00,106.7,107.5,106.7,106.8,865.932
2022-04-19 19:30:00,106.8,107.0,106.5,106.6,450.847
2022-04-19 20:00:00,106.7,106.7,106.1,106.2,882.888
2022-04-19 20:30:00,106.2,106.5,105.6,106.0,3150.215
2022-04-19 21:00:00,106.1,106.3,105.8,105.9,397.8
2022-04-19 21:30:00,105.8,106.3,105.8,106.3,138.784
2022-04-19 22:00:00,106.3,106.6,106.2,106.2,521.201
2022-04-19 22:30:00,106.2,107.0,106.1,106.7,812.564
2022-04-19 23:00:00,106.7,107.5,106.7,107.3,1367.585
2022-04-19 23:30:00,107.3,107.8,107.3,107.5,460.33
2022-04-20 00:00:00,107.5,107.5,105.6,105.8,1739.961
2022-04-20 00:30:00,105.8,107.0,105.8,106.6,1281.056
2022-04-20 01:00:00,106.6,107.2,106.4,107.1,1199.499
2022-04-20 01:30:00,107.0,107.2,106.5,106.5,585.177
2022-04-20 02:00:00,106.6,106.9,106.5,106.9,361.491
2022-04-20 02:30:00,106.9,108.2,106.6,108.0,2121.869
2022-04-20 03:00:00,108.0,109.4,107.8,109.1,3150.226
2022-04-20 03:30:00,109.1,109.9,108.5,109.8,2278.135
2022-04-20 04:00:00,109.8,111.2,109.6,111.1,3265.808
2022-04-20 04:30:00,111.1,111.2,110.0,110.5,2358.665
2022-04-20 05:00:00,110.5,110.6,110.2,110.6,552.235
2022-04-20 05:30:00,110.5,110.7,109.3,109.7,1679.704
2022-04-20 06:00:00,109.6,109.7,108.3,108.7,2537.33
2022-04-20 06:30:00,108.7,109.2,108.2,108.4,1740.167
2022-04-20 07:00:00,108.5,108.7,107.2,107.2,2282.131
2022-04-20 07:30:00,107.3,107.7,107.2,107.6,461.047
2022-04-20 08:00:00,107.6,107.6,106.7,106.9,1892.162
2022-04-20 08:30:00,106.8,106.9,106.6,106.9,627.807
2022-04-20 09:00:00,106.9,107.4,106.8,107.4,705.652
2022-04-20 09:30:00,107.5,107.6,107.1,107.4,499.85
2022-04-20 10:00:00,107.4,107.7,106.8,107.5,1111.02
2022-04-20 10:30:00,107.7,108.1,107.4,108.1,914.369
2022-04-20 11:00:00,108.0,108.9,107.9,108.9,1751.323
2022-04-20 11:30:00,108.8,109.3,108.2,108.9,2635.965
2022-04-20 12:00:00,109.0,109.2,107.6,108.2,2079.966
2022-04-20 12:30:00,108.2,109.1,107.7,109.0,2937.448
2022-04-20 13:00:00,109.0,109.0,107.2,107.2,2549.558
2022-04-20 13:30:00,107.2,107.4,106.1,106.9,6040.434
2022-04-20 14:00:00,106.9,107.3,106.3,106.7,1358.727
2022-04-20 14:30:00,106.7,107.0,106.4,106.5,1103.288
2022-04-20 15:00:00,106.5,106.5,105.8,106.3,1939.519
2022-04-20 15:30:00,106.2,106.5,105.8,105.9,525.291
2022-04-20 16:00:00,105.9,106.1,105.2,105.4,2312.313
2022-04-20 16:30:00,105.4,105.9,105.4,105.7,303.953
2022-04-20 17:00:00,105.6,105.8,105.4,105.4,165.162
2022-04-20 17:30:00,105.3,105.7,105.3,105.5,113.639
2022-04-20 18:00:00,105.5,105.5,104.4,104.7,1552.629
2022-04-20 18:30:00,104.6,104.6,103.3,104.0,2194.799
2022-04-20 19:00:00,104.0,104.3,103.7,104.2,1307.306
2022-04-20 19:30:00,104.2,104.4,104.1,104.4,402.557
2022-04-20 20:00:00,104.3,104.4,103.8,104.1,253.102
2022-04-20 20:30:00,104.2,104.8,104.2,104.6,519.361
2022-04-20 21:00:00,104.8,104.8,104.3,104.5,143.473
2022-04-20 21:30:00,104.6,104.9,104.6,104.9,203.459
2022-04-20 22:00:00,105.0,105.3,104.8,104.9,832.183
2022-04-20 22:30:00,104.9,105.6,104.9,105.2,1407.841
2022-04-20 23:00:00,105.2,105.6,104.7,105.1,1300.364
2022-04-20 23:30:00,105.1,105.1,104.7,104.8,821.904
2022-04-21 00:00:00,104.9,105.7,104.8,105.7,736.12
2022-04-21 00:30:00,105.7,106.1,105.5,106.0,671.991
2022-04-21 01:00:00,106.0,106.2,105.4,105.9,928.862
2022-04-21 01:30:00,105.9,105.9,105.5,105.7,501.356
2022-04-21 02:00:00,105.7,106.6,105.6,106.5,1522.731
2022-04-21 02:30:00,106.6,106.6,106.2,106.4,570.637
2022-04-21 03:00:00,106.3,106.3,105.4,105.9,1014.046
2022-04-21 03:30:00,106.0,106.0,105.7,105.9,171.872
2022-04-21 04:00:00,106.0,106.4,105.9,106.2,540.472
2022-04-21 04:30:00,106.1,106.1,105.7,106.0,164.978
2022-04-21 05:00:00,106.0,106.2,105.9,106.0,231.306
2022-04-21 05:30:00,105.9,105.9,104.7,104.9,1360.888
2022-04-21 06:00:00,104.9,105.5,104.6,105.5,727.994
2022-04-21 06:30:00,105.4,105.5,104.9,105.0,311.788
2022-04-21 07:00:00,104.9,105.3,104.6,105.2,447.69
2022-04-21 07:30:00,105.3,105.9,105.2,105.6,1195.699
2022-04-21 08:00:00,105.5,105.7,105.2,105.6,236.861
2022-04-21 08:30:00,105.5,105.8,105.4,105.6,600.644
2022-04-21 09:00:00,105.6,105.6,105.4,105.5,162.188
2022-04-21 09:30:00,105.5,105.5,104.0,104.4,1254.04
2022-04-21 10:00:00,104.4,104.5,103.4,104.1,5208.774
2022-04-21 10:30:00,104.1,104.6,104.0,104.3,391.904
2022-04-21 11:00:00,104.3,104.9,104.3,104.7,1278.637
2022-04-21 11:30:00,104.8,105.3,104.0,104.2,1638.774
2022-04-21 12:00:00,104.2,104.6,104.0,104.4,600.307
2022-04-21 12:30:00,104.4,104.8,104.1,104.3,1127.51
2022-04-21 13:00:00,104.4,104.9,104.3,104.7,470.864
2022-04-21 13:30:00,104.7,105.1,104.5,104.6,1389.287
2022-04-21 14:00:00,104.7,104.7,103.8,103.8,702.64
2022-04-21 14:30:00,103.9,104.0,103.5,103.6,930.69
2022-04-21 15:00:00,103.6,105.6,103.6,104.8,3762.865
2022-04-21 15:30:00,104.8,105.0,104.0,104.4,1294.989
2022-04-21 16:00:00,104.4,104.4,103.5,103.7,842.483
2022-04-21 16:30:00,103.6,104.2,103.6,103.6,312.18
2022-04-21 17:00:00,103.6,104.1,103.5,104.1,647.182
2022-04-21 17:30:00,104.1,104.1,103.3,103.6,422.331
2022-04-21 18:00:00,103.4,103.7,103.1,103.6,641.638
2022-04-21 18:30:00,103.6,103.6,102.5,102.9,1221.773
2022-04-21 19:00:00,102.9,103.4,102.4,103.4,1161.964
2022-04-21 19:30:00,103.4,103.6,102.6,102.9,3637.651
2022-04-21 20:00:00,102.8,103.0,102.5,102.6,984.203
2022-04-21 20:30:00,102.5,102.5,100.9,101.4,5813.283
2022-04-21 21:00:00,101.4,101.8,100.1,100.7,2453.944
2022-04-21 21:30:00,100.8,101.6,100.7,100.7,345.89
2022-04-21 22:00:00,100.7,100.9,100.2,100.2,966.572
2022-04-21 22:30:00,100.2,101.1,100.1,100.9,2682.709
2022-04-21 23:00:00,100.8,101.1,100.6,100.8,153.371
2022-04-21 23:30:00,100.7,100.9,100.4,100.7,304.153
2022-04-22 00:00:00,100.6,100.7,100.2,100.7,340.222
2022-04-22 00:30:00,100.7,101.3,100.3,101.0,2020.518
2022-04-22 01:00:00,101.0,101.3,100.9,101.0,298.646
2022-04-22 01:30:00,101.0,101.2,100.9,101.1,257.359
2022-04-22 02:00:00,101.1,101.5,101.1,101.4,771.973
2022-04-22 02:30:00,101.4,101.5,101.0,101.1,413.759
2022-04-22 03:00:00,101.1,101.2,101.0,101.2,241.055
2022-04-22 03:30:00,101.1,101.4,100.9,101.0,543.584
2022-04-22 04:00:00,101.0,101.2,101.0,101.2,83.769
2022-04-22 04:30:00,101.2,101.5,101.2,101.4,305.655
2022-04-22 05:00:00,101.4,101.8,101.4,101.5,406.997
2022-04-22 05:30:00,101.4,101.9,101.4,101.8,344.58
2022-04-22 06:00:00,101.9,102.2,101.8,101.8,1197.215
2022-04-22 06:30:00,101.7,102.2,101.7,102.0,670.356
2022-04-22 07:00:00,102.1,102.2,101.3,101.4,949.053
2022-04-22 07:30:00,101.3,102.3,101.3,101.9,964.896
2022-04-22 08:00:00,101.8,102.7,101.5,101.5,2289.349
2022-04-22 08:30:00,101.6,102.1,101.6,101.9,298.393
2022-04-22 09:00:00,101.9,102.0,101.5,101.8,414.929
2022-04-22 09:30:00,101.9,101.9,101.3,101.4,344.902
2022-04-22 10:00:00,101.5,102.0,101.3,101.9,355.499
2022-04-22 10:30:00,101.9,102.6,101.6,102.2,1160.976
2022-04-22 11:00:00,102.2,102.5,101.9,102.4,464.19
2022-04-22 11:30:00,102.4,102.4,101.9,102.0,200.478
2022-04-22 12:00:00,102.1,102.1,101.5,101.6,357.088
2022-04-22 12:30:00,101.6,101.9,101.2,101.5,820.151
2022-04-22 13:00:00,101.6,101.8,101.1,101.5,730.443
2022-04-22 13:30:00,101.5,101.8,100.5,100.8,1480.365
2022-04-22 14:00:00,100.8,101.3,99.9,100.3,2921.268
2022-04-22 14:30:00,100.3,102.5,100.1,101.4,3509.961
2022-04-22 15:00:00,101.4,102.2,100.5,101.9,3136.275
2022-04-22 15:30:00,102.0,102.2,101.1,101.6,1466.889
2022-04-22 16:00:00,101.6,101.9,101.1,101.8,738.279
2022-04-22 16:30:00,101.7,102.3,101.2,101.5,748.599
2022-04-22 17:00:00,101.5,102.9,101.4,102.2,1553.361
2022-04-22 17:30:00,102.2,102.3,101.9,102.0,204.34
2022-04-22 18:00:00,101.9,102.5,101.7,101.9,444.105
2022-04-22 18:30:00,102.0,102.0,101.8,102.0,68.696
2022-04-22 19:00:00,102.1,102.2,101.8,102.0,226.187
2022-04-22 19:30:00,102.1,102.4,101.6,101.7,456.727
2022-04-22 20:00:00,101.7,102.0,101.6,101.8,133.678
2022-04-22 20:30:00,101.7,101.9,101.6,101.9,101.276
2022-04-22 21:00:00,101.8,102.1,101.8,102.1,86.191
2022-04-22 21:30:00,101.9,102.9,101.9,102.3,350.983
2022-04-22 22:00:00,102.2,102.3,101.8,102.0,359.185
2022-04-22 22:30:00,102.0,102.4,101.9,102.2,193.932
2022-04-22 23:00:00,102.2,102.4,102.0,102.0,252.05
2022-04-22 23:30:00,102.0,102.3,101.9,101.9,158.477
2022-04-23 00:00:00,101.8,102.2,101.6,101.6,386.169
2022-04-23 00:30:00,101.6,102.2,101.5,101.9,283.802
2022-04-23 01:00:00,102.0,102.5,102.0,102.4,763.4
2022-04-23 01:30:00,102.5,102.7,102.1,102.1,368.493
2022-04-23 02:00:00,102.1,102.1,101.5,101.7,692.948
2022-04-23 02:30:00,101.7,102.0,101.5,101.6,449.749
2022-04-23 03:00:00,101.6,101.8,101.5,101.5,116.521
2022-04-23 03:30:00,101.5,101.7,101.2,101.4,513.209
2022-04-23 04:00:00,101.4,101.7,101.0,101.0,1161.583
2022-04-23 04:30:00,101.0,102.1,101.0,102.1,991.893
2022-04-23 05:00:00,102.1,102.4,101.6,101.9,535.192
2022-04-23 05:30:00,101.9,102.1,101.8,101.8,197.428
2022-04-23 06:00:00,101.7,102.2,101.3,101.6,535.763
2022-04-23 06:30:00,101.6,101.7,101.4,101.6,139.092
2022-04-23 07:00:00,101.6,101.8,101.6,101.8,118.856
2022-04-23 07:30:00,101.6,101.6,101.4,101.5,124.528
2022-04-23 08:00:00,101.5,101.6,101.1,101.6,393.18
2022-04-23 08:30:00,101.5,101.8,101.3,101.6,223.46
2022-04-23 09:00:00,101.6,101.7,101.3,101.6,140.743
2022-04-23 09:30:00,101.6,101.7,101.3,101.3,410.886
2022-04-23 10:00:00,101.4,101.5,101.2,101.4,395.675
2022-04-23 10:30:00,101.3,101.6,101.3,101.5,269.15
2022-04-23 11:00:00,101.5,102.2,101.5,102.0,4672.984
2022-04-23 11:30:00,102.0,103.0,101.8,102.6,1632.531
2022-04-23 12:00:00,102.6,102.7,101.6,102.5,1359.744
2022-04-23 12:30:00,102.5,102.7,102.1,102.1,277.938
2022-04-23 13:00:00,102.1,102.6,101.6,101.8,2569.266
2022-04-23 13:30:00,101.7,101.8,101.5,101.7,147.72
2022-04-23 14:00:00,101.8,101.9,101.5,101.5,270.581
2022-04-23 14:30:00,101.5,101.9,101.5,101.9,201.366
2022-04-23 15:00:00,101.9,102.1,101.8,102.0,850.956
2022-04-23 15:30:00,102.0,102.1,101.8,102.0,403.117
2022-04-23 16:00:00,102.0,102.4,101.8,101.9,496.951
2022-04-23 16:30:00,102.0,102.0,101.5,101.7,1884.445
2022-04-23 17:00:00,101.6,101.8,101.4,101.8,311.774
2022-04-23 17:30:00,101.8,101.8,101.7,101.8,172.847
2022-04-23 18:00:00,101.8,101.9,101.7,101.8,105.212
2022-04-23 18:30:00,101.8,101.8,101.5,101.7,298.248
2022-04-23 19:00:00,101.7,101.9,101.7,101.8,276.471
2022-04-23 19:30:00,101.7,101.9,101.7,101.8,160.228
2022-04-23 20:00:00,101.8,101.8,101.5,101.5,64.611
2022-04-23 20:30:00,101.6,103.4,101.5,102.5,1483.366
2022-04-23 21:00:00,102.5,102.7,101.5,101.5,1069.74
2022-04-23 21:30:00,101.5,101.6,101.5,101.6,122.279
2022-04-23 22:00:00,101.6,102.0,101.6,102.0,60.69
2022-04-23 22:30:00,101.9,101.9,101.5,101.5,271.866
2022-04-23 23:00:00,101.5,102.1,101.5,101.8,1149.804
2022-04-23 23:30:00,101.9,101.9,100.6,100.9,1430.927
2022-04-24 00:00:00,101.0,102.1,100.9,102.1,1367.294
2022-04-24 00:30:00,102.1,102.5,101.8,102.1,880.388
2022-04-24 01:00:00,102.1,102.6,101.9,102.6,540.319
2022-04-24 01:30:00,102.5,103.0,102.1,102.3,865.476
2022-04-24 02:00:00,102.2,102.4,102.0,102.4,218.733
2022-04-24 02:30:00,102.4,102.8,102.4,102.7,644.27
2022-04-24 03:00:00,102.7,103.2,102.6,103.0,913.714
2022-04-24 03:30:00,103.0,103.2,102.8,103.2,873.764
2022-04-24 04:00:00,103.2,104.2,103.1,103.9,1850.398
2022-04-24 04:30:00,103.9,105.1,103.8,104.6,3107.808
2022-04-24 05:00:00,104.6,106.0,104.6,105.8,2863.51
2022-04-24 05:30:00,105.8,105.9,104.8,104.9,1167.1
2022-04-24 06:00:00,104.8,105.0,103.9,104.0,2027.949
2022-04-24 06:30:00,104.1,104.1,103.6,103.8,452.953
2022-04-24 07:00:00,103.8,104.0,103.7,103.8,73.116
2022-04-24 07:30:00,103.7,104.3,103.5,103.6,683.084
2022-04-24 08:00:00,103.6,103.6,103.2,103.2,389.034
2022-04-24 08:30:00,103.2,103.5,102.8,102.9,322.566
2022-04-24 09:00:00,102.9,104.7,102.7,104.2,3466.091
2022-04-24 09:30:00,104.3,105.5,104.3,104.9,1809.336
2022-04-24 10:00:00,105.0,105.9,104.7,105.2,1817.209
2022-04-24 10:30:00,105.2,105.4,104.8,105.4,582.763
2022-04-24 11:00:00,105.4,105.9,104.6,104.6,2197.209
2022-04-24 11:30:00,104.7,105.4,104.5,105.3,928.769
2022-04-24 12:00:00,105.2,106.0,105.0,105.1,1618.155
2022-04-24 12:30:00,105.1,105.3,104.6,104.9,936.23
2022-04-24 13:00:00,104.9,105.2,104.3,104.3,1283.83
2022-04-24 13:30:00,104.3,104.5,103.8,104.2,2256.264
2022-04-24 14:00:00,104.3,104.5,103.4,103.6,1505.726
2022-04-24 14:30:00,103.5,104.1,103.2,103.4,1800.179
2022-04-24 15:00:00,103.3,103.7,103.0,103.5,882.01
2022-04-24 15:30:00,103.5,104.0,103.5,103.9,828.007
2022-04-24 16:00:00,103.9,104.5,103.6,104.3,1514.453
2022-04-24 16:30:00,104.2,104.6,103.1,104.1,2230.959
2022-04-24 17:00:00,104.1,104.1,103.0,103.1,1145.087
2022-04-24 17:30:00,103.3,103.8,103.3,103.6,447.548
2022-04-24 18:00:00,103.7,105.2,103.5,105.0,1556.201
2022-04-24 18:30:00,105.0,105.4,104.2,105.1,1637.733
2022-04-24 19:00:00,105.0,105.3,104.6,105.1,589.518
2022-04-24 19:30:00,105.0,105.6,104.8,105.5,800.424
2022-04-24 20:00:00,105.6,105.9,104.7,105.1,1628.432
2022-04-24 20:30:00,105.2,105.6,104.7,105.0,534.547
2022-04-24 21:00:00,105.0,105.1,104.5,105.0,479.79
2022-04-24 21:30:00,105.0,105.1,104.7,104.9,115.379
2022-04-24 22:00:00,105.1,107.4,104.8,105.8,2947.727
2022-04-24 22:30:00,105.7,107.0,105.0,105.9,1289.293
2022-04-24 23:00:00,105.9,106.1,104.9,105.2,955.328
2022-04-24 23:30:00,105.2,105.5,104.4,104.5,1194.322
2022-04-25 00:00:00,104.4,105.2,103.3,104.3,2361.758
2022-04-25 00:30:00,104.4,104.6,103.1,103.7,2106.028
2022-04-25 01:00:00,103.7,104.7,103.3,104.1,2110.1
2022-04-25 01:30:00,104.1,105.8,104.1,105.2,2785.934
2022-04-25 02:00:00,105.2,106.0,104.7,105.0,2527.568
2022-04-25 02:30:00,105.1,105.6,104.9,105.3,1066.774
2022-04-25 03:00:00,105.4,105.7,104.4,104.8,1871.315
2022-04-25 03:30:00,104.8,104.9,104.4,104.9,518.244
2022-04-25 04:00:00,104.9,104.9,104.0,104.2,1187.766
2022-04-25 04:30:00,104.3,104.3,103.6,104.2,524.856
2022-04-25 05:00:00,104.2,104.6,103.8,104.5,789.269
2022-04-25 05:30:00,104.5,104.8,104.3,104.6,977.478
2022-04-25 06:00:00,104.6,105.4,104.5,105.1,1852.26
2022-04-25 06:30:00,105.3,105.4,103.8,104.0,2246.236
2022-04-25 07:00:00,104.0,104.1,102.8,103.2,6691.076
2022-04-25 07:30:00,103.1,103.3,101.1,101.3,3658.715
2022-04-25 08:00:00,101.3,101.8,100.6,101.1,2926.108
2022-04-25 08:30:00,101.1,102.4,101.0,101.2,2658.394
2022-04-25 09:00:00,101.1,101.9,100.8,101.5,2607.78
2022-04-25 09:30:00,101.5,102.3,101.4,102.3,1116.865
2022-04-25 10:00:00,102.2,102.7,101.5,101.6,1630.636
2022-04-25 10:30:00,101.7,102.5,101.5,102.1,1346.216
2022-04-25 11:00:00,102.1,103.2,101.8,102.5,1878.484
2022-04-25 11:30:00,102.6,103.0,102.1,102.8,1697.768
2022-04-25 12:00:00,102.8,103.7,102.8,103.6,1306.175
2022-04-25 12:30:00,103.6,103.7,102.7,103.0,727.288
2022-04-25 13:00:00,102.9,103.1,102.7,102.8,625.24
2022-04-25 13:30:00,102.8,103.8,102.4,103.0,2637.758
2022-04-25 14:00:00,103.0,104.8,103.0,104.4,3008.521
2022-04-25 14:30:00,104.4,105.5,104.2,104.9,3359.221
2022-04-25 15:00:00,104.9,108.2,104.9,106.4,9492.65
2022-04-25 15:30:00,106.3,106.5,104.7,105.0,3621.687
2022-04-25 16:00:00,105.0,106.2,104.8,105.9,2283.367
2022-04-25 16:30:00,105.8,106.4,105.6,105.6,1260.566
2022-04-25 17:00:00,105.6,106.2,105.3,105.6,804.945
2022-04-25 17:30:00,105.7,105.7,104.7,105.2,1652.692
2022-04-25 18:00:00,105.1,105.2,104.8,105.1,276.023
2022-04-25 18:30:00,105.1,108.1,105.1,108.0,8181.756
2022-04-25 19:00:00,108.0,108.3,107.0,107.6,2292.314
2022-04-25 19:30:00,107.8,108.0,107.0,107.4,671.205
2022-04-25 20:00:00,107.4,107.7,106.9,106.9,677.335
2022-04-25 20:30:00,106.9,107.5,106.8,107.5,790.61
2022-04-25 21:00:00,107.5,108.4,107.5,107.8,1396.786
2022-04-25 21:30:00,107.7,108.8,107.7,108.7,1305.812
2022-04-25 22:00:00,108.8,109.0,108.0,108.4,815.432
2022-04-25 22:30:00,108.2,108.8,108.1,108.3,666.827
2022-04-25 23:00:00,108.3,112.5,107.9,111.4,17610.583
2022-04-25 23:30:00,111.4,114.0,111.4,113.6,9949.7
2022-04-26 00:00:00,113.6,115.0,113.2,113.9,9414.803
2022-04-26 00:30:00,113.9,115.2,113.9,114.3,6471.764
2022-04-26 01:00:00,114.2,114.4,112.3,113.8,7207.786
2022-04-26 01:30:00,113.7,113.8,112.6,112.6,1318.313
2022-04-26 02:00:00,112.6,112.7,111.8,112.6,1697.598
2022-04-26 02:30:00,112.5,112.6,112.3,112.3,828.114
2022-04-26 03:00:00,112.5,112.8,112.3,112.6,1104.441
2022-04-26 03:30:00,112.5,112.6,112.3,112.4,1525.951
2022-04-26 04:00:00,112.4,112.9,112.3,112.5,724.896
2022-04-26 04:30:00,112.5,113.0,112.5,112.5,574.509
2022-04-26 05:00:00,112.5,113.3,112.5,113.1,1315.064
2022-04-26 05:30:00,113.1,113.2,112.5,112.9,485.482
2022-04-26 06:00:00,113.0,113.2,112.7,112.8,702.4
2022-04-26 06:30:00,112.9,112.9,112.3,112.6,1567.019
2022-04-26 07:00:00,112.7,114.1,111.0,111.9,9008.712
2022-04-26 07:30:00,111.8,112.0,111.3,111.6,904.46
2022-04-26 08:00:00,111.5,112.7,111.5,111.9,2510.522
2022-04-26 08:30:00,112.0,113.2,111.7,113.1,2939.009
2022-04-26 09:00:00,113.2,113.7,112.3,112.7,3085.934
2022-04-26 09:30:00,112.7,113.2,112.3,113.0,1557.867
2022-04-26 10:00:00,113.0,113.3,112.3,112.3,1432.12
2022-04-26 10:30:00,112.4,112.4,111.5,112.3,2061.193
2022-04-26 11:00:00,112.4,112.5,111.3,112.3,2461.645
2022-04-26 11:30:00,112.2,112.3,111.3,111.9,2049.482
2022-04-26 12:00:00,111.8,112.3,110.3,111.1,3744.593
2022-04-26 12:30:00,111.0,111.4,106.1,107.8,15647.976
2022-04-26 13:00:00,107.9,108.6,104.9,105.9,20459.67
2022-04-26 13:30:00,105.9,105.9,103.1,103.2,10007.812
2022-04-26 14:00:00,103.2,104.1,102.7,103.6,4333.673
2022-04-26 14:30:00,103.5,103.8,102.0,102.1,5672.946
2022-04-26 15:00:00,102.3,103.4,101.9,102.7,3849.175
2022-04-26 15:30:00,102.6,102.7,101.7,101.7,2883.981
2022-04-26 16:00:00,101.9,103.4,101.3,102.8,4839.403
2022-04-26 16:30:00,102.7,103.8,102.3,103.7,2922.985
2022-04-26 17:00:00,103.6,103.7,102.5,103.1,2118.03
2022-04-26 17:30:00,103.2,103.3,102.3,102.8,3273.123
2022-04-26 18:00:00,102.9,102.9,102.2,102.4,1648.543
2022-04-26 18:30:00,102.3,102.9,102.1,102.6,1261.098
2022-04-26 19:00:00,102.7,102.7,101.6,101.6,3219.84
2022-04-26 19:30:00,101.7,102.7,100.9,102.5,5042.888
2022-04-26 20:00:00,102.4,102.8,102.2,102.3,2676.044
2022-04-26 20:30:00,102.4,102.8,102.2,102.8,1607.739
2022-04-26 21:00:00,102.7,105.2,102.7,104.1,2516.453
2022-04-26 21:30:00,104.1,104.1,103.1,103.8,1225.811
2022-04-26 22:00:00,103.9,104.6,103.9,104.2,1190.857
2022-04-26 22:30:00,104.2,104.6,103.5,104.0,1335.049
2022-04-26 23:00:00,103.8,104.0,102.6,103.1,2241.008
2022-04-26 23:30:00,103.0,103.4,102.9,103.1,458.997
2022-04-27 00:00:00,103.0,104.3,102.9,104.3,1281.739
2022-04-27 00:30:00,104.2,104.4,103.0,104.0,1630.796
2022-04-27 01:00:00,104.1,104.4,103.9,104.2,1241.088
2022-04-27 01:30:00,104.1,104.4,104.0,104.3,638.322
2022-04-27 02:00:00,104.4,104.4,104.1,104.3,504.53
2022-04-27 02:30:00,104.3,104.4,104.2,104.3,515.696
2022-04-27 03:00:00,104.3,104.7,104.2,104.5,1907.442
2022-04-27 03:30:00,104.5,104.5,103.3,103.5,1568.708
2022-04-27 04:00:00,103.5,103.9,103.1,103.2,804.863
2022-04-27 04:30:00,103.4,103.7,103.2,103.6,376.178
2022-04-27 05:00:00,103.6,103.7,103.4,103.6,510.944
2022-04-27 05:30:00,103.5,104.1,103.5,103.7,1041.154
2022-04-27 06:00:00,103.8,104.0,102.8,103.7,1776.519
2022-04-27 06:30:00,103.6,104.2,103.6,104.0,879.54
2022-04-27 07:00:00,104.1,104.2,103.6,103.7,571.198
2022-04-27 07:30:00,103.6,104.0,103.3,104.0,1083.453
2022-04-27 08:00:00,104.0,104.1,103.4,103.4,2190.692
2022-04-27 08:30:00,103.5,103.8,102.9,103.6,1961.873
2022-04-27 09:00:00,103.7,104.0,103.3,103.8,1192.029
2022-04-27 09:30:00,103.9,103.9,103.5,103.8,1581.817
2022-04-27 10:00:00,103.9,104.0,103.3,103.4,1132.938
2022-04-27 10:30:00,103.5,103.9,103.3,103.8,674.9
2022-04-27 11:00:00,103.7,103.8,102.5,102.9,2211.347
2022-04-27 11:30:00,103.0,103.3,102.9,103.2,835.2
2022-04-27 12:00:00,103.2,103.7,103.2,103.5,1306.934
2022-04-27 12:30:00,103.5,103.5,103.0,103.0,1199.646
2022-04-27 13:00:00,103.1,103.4,102.5,102.8,1885.86
2022-04-27 13:30:00,102.8,103.8,102.7,103.5,2198.729
2022-04-27 14:00:00,103.6,103.7,102.4,102.7,2752.308
2022-04-27 14:30:00,102.8,103.1,101.6,102.4,2339.596
2022-04-27 15:00:00,102.5,102.9,102.4,102.6,844.864
2022-04-27 15:30:00,102.7,103.0,102.5,102.8,1408.2
2022-04-27 16:00:00,102.8,103.3,102.5,103.2,2120.754
2022-04-27 16:30:00,103.2,103.4,102.7,103.3,1682.085
2022-04-27 17:00:00,103.2,104.0,102.9,103.7,1912.28
2022-04-27 17:30:00,103.7,104.5,103.6,104.2,2407.382
2022-04-27 18:00:00,104.3,105.9,104.2,105.6,5175.783
2022-04-27 18:30:00,105.7,107.0,105.3,105.6,3623.8
2022-04-27 19:00:00,105.5,106.4,105.5,106.3,1890.728
2022-04-27 19:30:00,106.4,106.4,105.6,106.1,837.308
2022-04-27 20:00:00,106.1,106.9,105.9,106.4,1754.357
2022-04-27 20:30:00,106.4,106.6,106.1,106.1,788.466
2022-04-27 21:00:00,106.2,106.4,106.0,106.2,509.215
2022-04-27 21:30:00,106.1,106.3,106.0,106.1,469.07
2022-04-27 22:00:00,106.1,106.2,105.6,105.7,576.031
2022-04-27 22:30:00,105.6,105.8,105.3,105.6,570.173
2022-04-27 23:00:00,105.5,105.9,105.5,105.7,223.808
2022-04-27 23:30:00,105.7,105.9,105.1,105.2,820.718
2022-04-28 00:00:00,105.2,105.4,105.0,105.3,904.113
2022-04-28 00:30:00,105.4,105.8,105.2,105.3,453.472
2022-04-28 01:00:00,105.2,106.0,105.1,105.9,1056.681
2022-04-28 01:30:00,105.9,106.2,105.3,106.1,1158.078
2022-04-28 02:00:00,106.1,106.7,105.9,106.7,1174.773
2022-04-28 02:30:00,106.7,107.2,105.5,105.7,2422.243
2022-04-28 03:00:00,105.6,106.3,105.6,106.2,1005.842
2022-04-28 03:30:00,106.1,108.1,106.1,108.0,4551.73
2022-04-28 04:00:00,107.9,108.5,107.3,107.8,1936.65
2022-04-28 04:30:00,107.8,109.0,107.6,108.1,3378.231
2022-04-28 05:00:00,108.0,108.2,106.9,107.0,2835.209
2022-04-28 05:30:00,107.1,107.5,106.7,107.3,1130.501
2022-04-28 06:00:00,107.4,107.4,105.9,105.9,1828.099
2022-04-28 06:30:00,106.0,106.6,105.5,106.1,1469.398
2022-04-28 07:00:00,106.2,107.1,106.1,107.1,1353.271
2022-04-28 07:30:00,107.1,107.6,106.9,106.9,1830.2
2022-04-28 08:00:00,107.0,107.7,106.6,107.6,1361.547
2022-04-28 08:30:00,107.6,107.6,106.8,106.8,1551.965
2022-04-28 09:00:00,106.8,107.2,106.6,106.7,1503.151
2022-04-28 09:30:00,106.7,106.7,106.2,106.6,1309.785
2022-04-28 10:00:00,106.5,106.8,106.2,106.7,1249.742
2022-04-28 10:30:00,106.8,106.8,106.3,106.6,571.139
2022-04-28 11:00:00,106.5,106.6,106.1,106.2,959.897
2022-04-28 11:30:00,106.3,106.8,106.1,106.7,1024.858
2022-04-28 12:00:00,106.8,107.3,106.5,107.3,1815.913
2022-04-28 12:30:00,107.1,108.1,106.7,107.0,3459.272
2022-04-28 13:00:00,106.9,109.4,106.8,108.5,7571.336
2022-04-28 13:30:00,108.6,109.0,107.0,107.8,5156.576
2022-04-28 14:00:00,107.9,107.9,105.4,106.0,4457.604
2022-04-28 14:30:00,106.0,106.2,103.8,105.4,7164.84
2022-04-28 15:00:00,105.5,107.3,105.2,106.5,6252.391
2022-04-28 15:30:00,106.4,106.7,105.1,106.2,2634.649
2022-04-28 16:00:00,106.2,108.1,106.2,107.3,6573.407
2022-04-28 16:30:00,107.4,108.3,107.0,108.0,3388.331
2022-04-28 17:00:00,108.1,108.5,107.8,108.3,1979.225
2022-04-28 17:30:00,108.2,108.5,107.9,108.2,2028.893
2022-04-28 18:00:00,108.3,109.4,107.5,109.1,6470.002
2022-04-28 18:30:00,109.1,109.4,107.8,108.5,3779.795
2022-04-28 19:00:00,108.5,108.5,107.6,107.6,1385.457
2022-04-28 19:30:00,107.7,108.0,107.1,107.9,1466.234
2022-04-28 20:00:00,107.9,108.1,107.3,107.8,934.311
2022-04-28 20:30:00,108.0,108.3,107.5,107.5,969.729
2022-04-28 21:00:00,107.6,108.9,107.3,107.5,1631.692
2022-04-28 21:30:00,107.5,108.4,107.4,108.3,796.551
2022-04-28 22:00:00,108.3,108.3,107.3,107.6,776.484
2022-04-28 22:30:00,107.7,108.0,107.5,107.8,416.656
2022-04-28 23:00:00,107.9,108.0,107.1,107.3,570.899
2022-04-28 23:30:00,107.3,107.4,106.6,106.7,866.386
2022-04-29 00:00:00,106.7,107.2,106.6,106.7,1094.127
2022-04-29 00:30:00,106.7,106.7,105.8,106.6,2067.173
2022-04-29 01:00:00,106.5,106.8,106.5,106.5,624.454
2022-04-29 01:30:00,106.5,106.6,106.1,106.2,775.052
2022-04-29 02:00:00,106.1,107.2,105.6,106.1,3117.997
2022-04-29 02:30:00,106.0,106.7,105.7,106.4,952.251
2022-04-29 03:00:00,106.5,106.9,106.0,106.8,951.476
2022-04-29 03:30:00,106.8,107.0,105.8,106.8,1349.615
2022-04-29 04:00:00,106.8,107.8,106.5,107.2,2022.923
2022-04-29 04:30:00,107.2,107.5,106.5,107.4,1840.901
2022-04-29 05:00:00,107.3,107.8,107.0,107.6,1434.814
2022-04-29 05:30:00,107.6,107.6,106.9,107.1,1079.909
2022-04-29 06:00:00,107.0,107.6,107.0,107.2,1315.492
2022-04-29 06:30:00,107.3,108.9,106.2,108.4,4861.949
2022-04-29 07:00:00,108.4,108.6,107.7,108.2,1719.04
2022-04-29 07:30:00,108.2,108.7,108.2,108.4,1285.85
2022-04-29 08:00:00,108.5,110.0,108.2,109.2,4383.97
2022-04-29 08:30:00,109.2,109.5,107.9,108.4,2965.722
2022-04-29 09:00:00,108.3,109.4,107.5,109.2,4006.623
2022-04-29 09:30:00,109.1,110.7,108.8,109.6,7128.93
2022-04-29 10:00:00,109.5,113.2,109.0,111.6,10378.837
2022-04-29 10:30:00,111.6,114.0,110.6,112.6,17360.534
2022-04-29 11:00:00,112.7,113.0,110.9,112.3,8356.277
2022-04-29 11:30:00,112.3,113.5,111.2,111.3,8458.377
2022-04-29 12:00:00,111.2,112.5,111.0,111.3,4996.403
2022-04-29 12:30:00,111.3,111.3,107.0,107.6,11723.312
2022-04-29 13:00:00,107.4,107.4,105.4,106.6,7875.324
2022-04-29 13:30:00,106.6,107.4,106.0,107.0,3665.947
2022-04-29 14:00:00,106.9,107.4,106.1,106.4,1920.169
2022-04-29 14:30:00,106.4,107.7,106.2,107.7,3008.305
2022-04-29 15:00:00,107.7,108.6,106.9,107.9,3949.212
2022-04-29 15:30:00,107.9,108.8,107.7,107.9,2414.324
2022-04-29 16:00:00,108.0,108.6,106.7,107.1,2283.924
2022-04-29 16:30:00,107.2,108.0,106.3,107.1,3299.724
2022-04-29 17:00:00,107.1,107.9,106.9,107.4,1270.099
2022-04-29 17:30:00,107.5,107.9,106.7,107.6,944.312
2022-04-29 18:00:00,107.5,107.8,106.2,107.3,3012.474
2022-04-29 18:30:00,107.4,107.5,106.4,107.3,1619.805
2022-04-29 19:00:00,107.3,107.5,106.4,106.5,973.39
2022-04-29 19:30:00,106.5,106.7,105.3,106.6,4476.052
2022-04-29 20:00:00,106.6,108.3,105.6,105.6,4534.02
2022-04-29 20:30:00,105.6,106.2,104.1,105.7,4362.231
2022-04-29 21:00:00,105.8,106.3,105.2,105.3,1405.147
2022-04-29 21:30:00,105.3,105.9,104.8,105.0,855.566
2022-04-29 22:00:00,105.0,105.0,104.1,104.4,1014.401
2022-04-29 22:30:00,104.6,104.7,103.9,104.1,631.948
2022-04-29 23:00:00,104.1,104.6,103.9,104.1,891.572
2022-04-29 23:30:00,104.1,105.0,103.9,104.9,971.239
2022-04-30 00:00:00,104.9,105.0,104.2,104.5,821.708
2022-04-30 00:30:00,104.5,105.5,104.4,105.5,986.419
2022-04-30 01:00:00,105.5,105.5,104.9,105.3,612.573
2022-04-30 01:30:00,105.5,107.5,105.3,106.9,5040.393
2022-04-30 02:00:00,107.0,108.4,106.8,107.4,3964.394
2022-04-30 02:30:00,107.5,108.0,106.7,106.8,4380.284
2022-04-30 03:00:00,106.7,107.1,106.0,106.4,2993.541
2022-04-30 03:30:00,106.5,106.5,105.5,105.6,4778.369
2022-04-30 04:00:00,105.6,106.9,105.6,106.5,1303.235
2022-04-30 04:30:00,106.5,106.5,105.6,105.8,804.602
2022-04-30 05:00:00,106.0,106.3,105.8,106.0,749.812
2022-04-30 05:30:00,106.0,106.7,105.7,106.5,1558.695
2022-04-30 06:00:00,106.5,107.7,106.1,107.2,2335.853
2022-04-30 06:30:00,107.2,107.7,106.7,107.5,2456.852
2022-04-30 07:00:00,107.5,107.9,107.0,107.4,1447.955
2022-04-30 07:30:00,107.4,107.7,106.8,107.5,1398.301
2022-04-30 08:00:00,107.4,108.1,107.0,107.2,2152.611
2022-04-30 08:30:00,107.3,108.9,107.0,108.4,2731.73
2022-04-30 09:00:00,108.5,108.8,107.5,108.2,2844.059
2022-04-30 09:30:00,108.2,108.5,107.4,107.8,2100.968
2022-04-30 10:00:00,107.9,108.1,107.0,107.7,1636.446
2022-04-30 10:30:00,107.6,107.9,106.6,106.7,1369.441
2022-04-30 11:00:00,106.8,107.9,106.7,107.7,1547.63
2022-04-30 11:30:00,107.8,109.0,107.5,108.8,2958.221
2022-04-30 12:00:00,108.8,109.4,108.3,109.1,3170.484
2022-04-30 12:30:00,109.1,109.8,109.0,109.1,3766.889
2022-04-30 13:00:00,109.1,109.7,108.7,109.3,1530.051
2022-04-30 13:30:00,109.2,113.2,108.8,113.0,8434.91
2022-04-30 14:00:00,113.0,115.0,112.0,113.9,28803.468
2022-04-30 14:30:00,114.0,122.4,113.9,122.3,60324.651
2022-04-30 15:00:00,122.4,122.6,117.1,121.6,39701.091
2022-04-30 15:30:00,121.7,129.0,120.8,124.6,76731.402
2022-04-30 16:00:00,124.6,125.8,121.7,125.2,29165.968
2022-04-30 16:30:00,125.2,128.2,124.5,125.9,21436.527
2022-04-30 17:00:00,126.1,130.8,123.1,124.5,38905.497
2022-04-30 17:30:00,124.4,125.9,123.6,124.2,11569.219
2022-04-30 18:00:00,124.2,124.5,121.0,121.6,10707.573
2022-04-30 18:30:00,121.6,121.9,121.0,121.8,5883.578
2022-04-30 19:00:00,121.8,124.8,121.4,122.7,10804.349
2022-04-30 19:30:00,122.7,123.5,121.9,122.6,5342.754
2022-04-30 20:00:00,122.6,123.9,122.4,122.9,5314.119
2022-04-30 20:30:00,123.0,124.6,123.0,124.5,4473.351
2022-04-30 21:00:00,124.5,124.6,121.7,123.8,5517.984
2022-04-30 21:30:00,124.0,124.6,123.3,123.4,2282.41
2022-04-30 22:00:00,123.4,125.7,122.6,123.7,7466.408
2022-04-30 22:30:00,123.6,125.2,121.9,122.8,6936.19
2022-04-30 23:00:00,122.7,126.0,121.0,124.8,19419.23
2022-04-30 23:30:00,124.9,126.7,121.4,123.3,40783.4
2022-05-01 00:00:00,123.3,125.7,122.3,124.1,10838.547
2022-05-01 00:30:00,124.1,129.0,123.3,125.3,24423.055
2022-05-01 01:00:00,125.4,125.5,118.5,119.2,19801.922
2022-05-01 01:30:00,119.1,124.7,118.8,121.1,15488.798
2022-05-01 02:00:00,121.2,123.1,118.2,118.8,12409.293
2022-05-01 02:30:00,118.8,118.8,112.0,112.3,33574.542
2022-05-01 03:00:00,112.3,113.0,110.4,112.9,14098.042
2022-05-01 03:30:00,113.0,115.6,112.8,114.2,12046.708
2022-05-01 04:00:00,114.3,115.3,112.2,112.8,7257.271
2022-05-01 04:30:00,112.8,114.2,111.4,114.2,6601.797
2022-05-01 05:00:00,114.2,116.6,113.9,115.3,9237.26
2022-05-01 05:30:00,115.4,115.8,114.3,115.2,3919.339
2022-05-01 06:00:00,115.3,117.6,114.9,116.9,8015.673
2022-05-01 06:30:00,116.9,117.0,115.3,115.5,3791.947
2022-05-01 07:00:00,115.6,116.6,115.3,116.2,3527.427
2022-05-01 07:30:00,116.1,116.5,114.8,115.3,2656.406
2022-05-01 08:00:00,115.2,119.5,115.0,118.2,9041.713
2022-05-01 08:30:00,118.2,118.9,116.6,118.0,8503.179
2022-05-01 09:00:00,118.0,118.6,116.5,117.2,3914.358
2022-05-01 09:30:00,117.0,117.0,115.2,115.5,3883.557
2022-05-01 10:00:00,115.7,117.1,114.5,116.6,5762.179
2022-05-01 10:30:00,116.6,117.1,115.5,116.0,5258.663
2022-05-01 11:00:00,115.9,117.5,115.2,117.4,4862.602
2022-05-01 11:30:00,117.4,117.4,115.4,116.0,3248.975
2022-05-01 12:00:00,115.9,116.6,111.7,113.8,20660.756
2022-05-01 12:30:00,113.8,114.0,112.2,113.0,6656.882
2022-05-01 13:00:00,112.9,113.7,111.6,113.4,6840.974
2022-05-01 13:30:00,113.4,114.6,113.1,114.3,4524.436
2022-05-01 14:00:00,114.3,115.8,113.1,114.3,9889.686
2022-05-01 14:30:00,114.2,116.0,114.2,115.0,10072.996
2022-05-01 15:00:00,115.0,117.0,114.1,116.3,7381.983
2022-05-01 15:30:00,116.2,118.0,115.3,117.1,6811.705
2022-05-01 16:00:00,117.2,118.5,116.5,117.7,3928.732
2022-05-01 16:30:00,117.6,118.3,117.3,118.0,1403.213
2022-05-01 17:00:00,117.9,118.7,117.5,117.6,2979.678
2022-05-01 17:30:00,117.6,117.7,116.7,117.4,3622.838
2022-05-01 18:00:00,117.4,118.3,115.2,115.5,5560.021
2022-05-01 18:30:00,115.6,116.7,113.7,114.3,5381.031
2022-05-01 19:00:00,114.3,115.5,112.0,112.3,5777.38
2022-05-01 19:30:00,112.2,112.2,111.3,111.3,3257.721
2022-05-01 20:00:00,111.3,112.7,111.2,112.3,3439.114
2022-05-01 20:30:00,112.4,114.0,112.3,113.9,3310.011
2022-05-01 21:00:00,114.0,114.7,112.8,113.3,2994.612
2022-05-01 21:30:00,113.4,114.3,112.4,114.2,1582.648
2022-05-01 22:00:00,114.2,115.0,113.7,114.2,2059.771
2022-05-01 22:30:00,114.0,114.2,113.0,113.6,595.873
2022-05-01 23:00:00,113.7,115.2,113.4,114.9,2267.272
2022-05-01 23:30:00,114.9,116.1,114.9,115.8,2341.472
2022-05-02 00:00:00,115.8,117.4,115.8,117.4,3689.231
2022-05-02 00:30:00,117.2,117.3,115.7,115.9,4823.69
2022-05-02 01:00:00,116.0,117.0,115.7,115.7,2060.712
2022-05-02 01:30:00,115.7,115.8,114.3,115.0,3390.439
2022-05-02 02:00:00,115.0,116.3,114.8,116.0,1887.303
2022-05-02 02:30:00,116.0,116.4,113.6,115.6,5834.467
2022-05-02 03:00:00,115.5,115.9,114.4,115.0,1977.714
2022-05-02 03:30:00,115.0,116.3,115.0,116.1,2404.122
2022-05-02 04:00:00,116.1,116.8,114.2,115.8,3049.628
2022-05-02 04:30:00,115.8,117.8,115.7,117.5,5349.885
2022-05-02 05:00:00,117.5,118.9,117.0,117.7,4240.35
2022-05-02 05:30:00,117.8,122.9,117.7,120.2,13334.933
2022-05-02 06:00:00,120.3,121.0,119.1,119.9,8264.168
2022-05-02 06:30:00,119.9,120.4,118.5,119.9,4311.325
2022-05-02 07:00:00,119.9,120.0,118.3,118.6,3349.421
2022-05-02 07:30:00,118.5,120.3,118.5,118.8,5067.723
2022-05-02 08:00:00,118.9,119.7,118.5,118.9,2503.884
2022-05-02 08:30:00,118.9,119.8,116.9,117.7,6328.3
2022-05-02 09:00:00,117.6,118.2,116.8,117.1,2025.701
2022-05-02 09:30:00,117.2,117.9,116.8,117.1,1986.127
2022-05-02 10:00:00,117.1,119.6,116.8,119.2,4458.376
2022-05-02 10:30:00,119.1,120.8,115.2,116.4,14290.063
2022-05-02 11:00:00,116.5,117.1,115.6,115.7,4005.361
2022-05-02 11:30:00,115.8,115.9,112.4,113.4,11900.879
2022-05-02 12:00:00,113.3,113.9,112.0,113.9,5934.152
2022-05-02 12:30:00,113.9,116.8,112.9,114.9,7765.842
2022-05-02 13:00:00,114.8,115.6,114.3,114.9,4835.736
2022-05-02 13:30:00,115.1,115.7,112.5,115.2,9555.513
2022-05-02 14:00:00,115.2,115.7,114.1,115.0,3412.387
2022-05-02 14:30:00,115.0,117.1,114.7,114.8,5142.09
2022-05-02 15:00:00,114.8,115.6,114.5,115.1,2196.192
2022-05-02 15:30:00,115.2,115.4,113.9,114.1,2915.398
2022-05-02 16:00:00,114.3,115.6,113.5,115.1,3376.411
2022-05-02 16:30:00,115.2,115.2,113.4,113.8,2402.774
2022-05-02 17:00:00,113.7,114.9,113.1,114.1,2356.243
2022-05-02 17:30:00,114.2,114.7,106.0,107.4,30642.24
2022-05-02 18:00:00,107.5,109.4,107.0,109.4,7760.386
2022-05-02 18:30:00,109.4,111.0,109.1,110.4,5691.485
2022-05-02 19:00:00,110.5,110.6,109.8,109.9,2594.668
2022-05-02 19:30:00,110.1,110.4,108.8,109.4,1826.763
2022-05-02 20:00:00,109.4,109.8,108.2,108.4,1896.2
2022-05-02 20:30:00,108.4,108.4,106.9,106.9,6258.889
2022-05-02 21:00:00,106.8,106.8,104.9,106.8,11984.828
2022-05-02 21:30:00,106.8,108.8,106.2,108.7,4339.45
2022-05-02 22:00:00,108.7,109.9,108.6,109.8,5988.767
2022-05-02 22:30:00,109.9,110.0,108.7,108.8,1077.586
2022-05-02 23:00:00,108.8,109.3,108.6,109.1,1218.735
2022-05-02 23:30:00,109.0,109.1,108.1,108.2,1004.0
2022-05-03 00:00:00,108.3,108.6,107.4,107.9,1761.147
2022-05-03 00:30:00,107.8,108.0,106.9,107.2,954.697
2022-05-03 01:00:00,107.2,108.1,106.4,107.8,3517.244
2022-05-03 01:30:00,107.8,108.4,107.8,108.1,2190.728
2022-05-03 02:00:00,108.1,108.9,107.9,108.0,3204.398
2022-05-03 02:30:00,108.1,108.3,107.1,107.4,2977.187
2022-05-03 03:00:00,107.4,108.1,107.0,107.6,2956.925
2022-05-03 03:30:00,107.7,107.9,107.0,107.1,2157.686
2022-05-03 04:00:00,107.1,107.7,106.1,106.5,3723.034
2022-05-03 04:30:00,106.6,107.3,106.2,107.1,1539.454
2022-05-03 05:00:00,107.1,107.4,105.7,107.0,3779.701
2022-05-03 05:30:00,107.0,108.0,106.9,107.6,2624.828
2022-05-03 06:00:00,107.7,109.6,107.5,109.0,5741.102
2022-05-03 06:30:00,109.1,111.6,109.1,110.3,8595.676
2022-05-03 07:00:00,110.3,110.4,109.2,109.5,3811.309
2022-05-03 07:30:00,109.4,114.5,109.2,111.8,12874.599
2022-05-03 08:00:00,111.9,112.5,111.3,111.8,6237.284
2022-05-03 08:30:00,111.6,112.5,111.4,111.6,4135.902
2022-05-03 09:00:00,111.7,111.9,110.9,111.2,5722.161
2022-05-03 09:30:00,111.3,111.3,109.7,110.2,6751.281
2022-05-03 10:00:00,110.2,110.8,110.0,110.1,3095.664
2022-05-03 10:30:00,110.2,110.8,109.9,110.4,2899.109
2022-05-03 11:00:00,110.4,110.5,109.3,110.1,3642.373
2022-05-03 11:30:00,110.2,110.9,109.6,110.7,3145.344
2022-05-03 12:00:00,110.8,111.0,110.0,110.1,1790.248
2022-05-03 12:30:00,110.2,110.6,109.8,109.8,2489.501
2022-05-03 13:00:00,109.8,110.1,108.6,108.7,3519.942
2022-05-03 13:30:00,108.8,109.8,108.1,109.7,5419.487
2022-05-03 14:00:00,109.7,110.9,109.5,109.8,4827.05
2022-05-03 14:30:00,109.9,110.0,108.7,109.1,5013.973
2022-05-03 15:00:00,109.1,109.4,108.6,109.0,1162.989
2022-05-03 15:30:00,109.0,109.3,108.1,108.5,1668.118
2022-05-03 16:00:00,108.6,108.9,107.6,107.7,3006.271
2022-05-03 16:30:00,107.8,109.0,106.9,108.9,5699.129
2022-05-03 17:00:00,109.0,109.6,107.7,108.4,3164.577
2022-05-03 17:30:00,108.3,108.9,107.7,107.9,1340.888
2022-05-03 18:00:00,107.8,108.0,107.2,107.2,1644.809
2022-05-03 18:30:00,107.2,108.1,107.1,108.1,1625.286
2022-05-03 19:00:00,108.0,108.2,107.2,107.2,995.747
2022-05-03 19:30:00,107.3,107.6,107.1,107.3,639.649
2022-05-03 20:00:00,107.2,107.6,106.8,106.9,2172.319
2022-05-03 20:30:00,106.8,107.2,106.6,107.1,894.609
2022-05-03 21:00:00,107.1,107.5,106.7,107.5,2120.214
2022-05-03 21:30:00,107.4,107.6,107.1,107.2,582.66
2022-05-03 22:00:00,107.1,107.9,107.0,107.5,1466.405
2022-05-03 22:30:00,107.5,107.6,106.8,106.9,1085.394
2022-05-03 23:00:00,107.0,107.0,105.7,105.8,3401.804
2022-05-03 23:30:00,105.8,106.1,105.7,105.9,961.78
2022-05-04 00:00:00,106.0,107.0,105.7,106.3,1780.913
2022-05-04 00:30:00,106.3,108.1,106.3,107.3,1996.826
2022-05-04 01:00:00,107.5,108.3,107.2,108.0,1313.681
2022-05-04 01:30:00,108.2,108.6,107.4,108.3,2635.938
2022-05-04 02:00:00,108.3,109.4,108.3,108.9,2138.651
2022-05-04 02:30:00,108.9,108.9,108.1,108.8,603.849
2022-05-04 03:00:00,108.9,109.5,108.6,109.4,1573.799
2022-05-04 03:30:00,109.4,109.5,108.8,109.5,1169.149
2022-05-04 04:00:00,109.5,109.5,108.4,108.9,978.939
2022-05-04 04:30:00,108.9,108.9,108.0,108.2,1084.329
2022-05-04 05:00:00,108.3,108.4,107.8,108.0,509.015
2022-05-04 05:30:00,108.1,108.7,107.4,107.6,1252.684
2022-05-04 06:00:00,107.5,109.8,107.5,109.6,3080.14
2022-05-04 06:30:00,109.6,109.9,108.2,108.4,2345.721
2022-05-04 07:00:00,108.4,108.4,106.7,107.1,3427.614
2022-05-04 07:30:00,107.1,111.7,107.1,110.0,9886.805
2022-05-04 08:00:00,109.9,115.5,109.8,113.1,20085.778
2022-05-04 08:30:00,113.1,114.2,112.7,113.8,4744.863
2022-05-04 09:00:00,113.8,114.0,113.0,113.1,2835.397
2022-05-04 09:30:00,113.1,114.2,112.9,113.2,2369.304
2022-05-04 10:00:00,113.2,113.8,112.9,113.2,1800.775
2022-05-04 10:30:00,113.3,115.0,113.1,114.2,5729.666
2022-05-04 11:00:00,114.4,115.0,112.8,113.5,6426.861
2022-05-04 11:30:00,113.5,113.6,112.1,112.9,2973.682
2022-05-04 12:00:00,112.9,113.9,112.5,112.8,2559.53
2022-05-04 12:30:00,112.9,113.0,110.0,111.9,5028.691
2022-05-04 13:00:00,111.8,116.9,111.7,114.1,11694.356
2022-05-04 13:30:00,114.1,114.1,111.9,112.2,5971.547
2022-05-04 14:00:00,112.3,113.0,112.0,112.8,2734.666
2022-05-04 14:30:00,112.8,113.0,111.2,111.4,2442.433
2022-05-04 15:00:00,111.5,112.8,111.5,112.1,3855.938
2022-05-04 15:30:00,112.0,113.0,111.8,112.2,2273.17
2022-05-04 16:00:00,112.1,113.8,111.5,113.8,3905.284
2022-05-04 16:30:00,113.7,114.3,113.1,113.8,2716.375
2022-05-04 17:00:00,113.9,114.0,112.8,113.1,1115.688
2022-05-04 17:30:00,113.0,113.8,112.7,113.0,1836.658
2022-05-04 18:00:00,113.1,114.4,112.7,113.2,4948.323
2022-05-04 18:30:00,113.3,116.1,112.6,115.2,7352.269
2022-05-04 19:00:00,115.4,116.7,114.7,115.9,4829.506
2022-05-04 19:30:00,116.0,117.3,116.0,117.0,2455.095
2022-05-04 20:00:00,116.9,117.3,115.9,116.5,2162.093
2022-05-04 20:30:00,116.6,117.2,116.6,116.8,977.14
2022-05-04 21:00:00,116.8,117.2,116.2,116.2,966.665
2022-05-04 21:30:00,116.4,116.4,115.2,115.7,1854.725
2022-05-04 22:00:00,115.7,116.1,114.8,116.0,1923.128
2022-05-04 22:30:00,116.0,116.1,115.2,115.3,685.2
2022-05-04 23:00:00,115.2,116.0,115.2,115.9,661.781
2022-05-04 23:30:00,115.9,116.2,115.7,116.1,880.963
2022-05-05 00:00:00,116.1,116.4,115.8,116.3,961.168
2022-05-05 00:30:00,116.3,116.6,115.8,116.2,973.328
2022-05-05 01:00:00,116.3,116.5,115.3,115.7,1891.44
2022-05-05 01:30:00,115.7,115.8,113.5,114.3,2703.363
2022-05-05 02:00:00,114.3,115.5,114.0,115.4,2017.216
2022-05-05 02:30:00,115.5,115.7,115.1,115.4,776.81
2022-05-05 03:00:00,115.4,115.6,115.1,115.4,661.597
2022-05-05 03:30:00,115.3,115.3,114.4,114.9,1496.452
2022-05-05 04:00:00,114.9,115.1,114.3,115.1,558.748
2022-05-05 04:30:00,115.1,115.6,114.9,115.2,1217.97
2022-05-05 05:00:00,115.1,115.4,114.7,114.8,885.397
2022-05-05 05:30:00,114.8,114.8,113.9,114.0,2285.779
2022-05-05 06:00:00,114.0,114.7,114.0,114.3,420.866
2022-05-05 06:30:00,114.4,114.5,113.8,113.9,1195.475
2022-05-05 07:00:00,113.9,114.0,113.2,113.9,1691.763
2022-05-05 07:30:00,113.8,114.2,112.9,113.4,5350.336
2022-05-05 08:00:00,113.3,113.4,112.4,112.5,2147.347
2022-05-05 08:30:00,112.5,113.2,112.2,112.8,1723.971
2022-05-05 09:00:00,112.7,113.3,112.2,112.3,1289.474
2022-05-05 09:30:00,112.2,112.4,112.0,112.1,1021.5
2022-05-05 10:00:00,112.1,113.3,112.0,113.2,1142.735
2022-05-05 10:30:00,113.3,113.9,113.2,113.4,1737.07
2022-05-05 11:00:00,113.3,115.1,113.3,113.8,2086.893
2022-05-05 11:30:00,113.8,114.2,112.8,112.8,1410.385
2022-05-05 12:00:00,112.9,113.3,112.5,113.0,705.491
2022-05-05 12:30:00,113.1,113.3,112.5,112.6,884.984
2022-05-05 13:00:00,112.6,113.0,112.2,112.7,922.846
2022-05-05 13:30:00,112.7,112.7,111.2,111.5,3051.072
2022-05-05 14:00:00,111.3,112.0,110.6,111.7,6292.731
2022-05-05 14:30:00,111.7,111.8,109.4,110.2,6783.088
2022-05-05 15:00:00,110.1,110.4,107.2,108.2,13005.537
2022-05-05 15:30:00,108.1,108.4,106.0,106.4,8408.307
2022-05-05 16:00:00,106.4,108.4,105.9,107.9,5867.939
2022-05-05 16:30:00,107.9,108.7,107.4,108.4,2726.023
2022-05-05 17:00:00,108.5,109.3,108.3,108.9,2552.243
2022-05-05 17:30:00,108.8,109.3,108.7,108.9,2535.046
2022-05-05 18:00:00,108.9,110.3,107.8,108.0,8208.733
2022-05-05 18:30:00,107.9,108.5,107.0,108.5,5344.658
2022-05-05 19:00:00,108.5,108.5,106.0,107.8,3823.754
2022-05-05 19:30:00,107.8,109.4,107.8,109.3,2775.196
2022-05-05 20:00:00,109.1,109.1,107.7,108.1,1341.752
2022-05-05 20:30:00,108.1,108.8,108.0,108.6,525.445
2022-05-05 21:00:00,108.6,109.7,108.4,109.7,1496.341
2022-05-05 21:30:00,109.6,109.6,108.8,109.2,221.436
2022-05-05 22:00:00,109.2,109.4,108.6,109.1,425.381
2022-05-05 22:30:00,109.0,109.0,108.5,108.9,438.038
2022-05-05 23:00:00,108.9,110.8,108.9,110.7,2898.59
2022-05-05 23:30:00,110.7,111.1,110.0,110.1,936.815
2022-05-06 00:00:00,110.2,110.8,109.9,110.1,1698.38
2022-05-06 00:30:00,110.1,110.8,108.1,110.2,4580.834
2022-05-06 01:00:00,110.3,110.3,108.2,108.9,2565.464
2022-05-06 01:30:00,108.6,112.9,108.6,111.1,8904.677
2022-05-06 02:00:00,111.1,113.2,111.1,113.0,8311.795
2022-05-06 02:30:00,113.1,113.4,110.2,110.9,8120.943
2022-05-06 03:00:00,110.9,111.3,110.3,110.8,2490.979
2022-05-06 03:30:00,110.7,112.1,110.6,112.0,3030.808
2022-05-06 04:00:00,112.0,112.2,111.1,111.8,2295.251
2022-05-06 04:30:00,111.8,113.0,111.3,112.3,2543.28
2022-05-06 05:00:00,112.3,112.4,111.3,112.2,1444.8
2022-05-06 05:30:00,112.2,113.1,112.0,112.9,3235.32
2022-05-06 06:00:00,112.9,114.7,111.7,111.8,4493.757
2022-05-06 06:30:00,111.8,112.7,111.8,112.3,1859.331
2022-05-06 07:00:00,112.4,112.5,111.2,111.8,2654.2
2022-05-06 07:30:00,111.8,113.6,108.8,112.4,8984.929
2022-05-06 08:00:00,112.5,115.1,111.6,114.2,23577.924
2022-05-06 08:30:00,114.2,114.8,112.2,113.0,6666.348
2022-05-06 09:00:00,113.0,113.5,111.8,113.3,4353.475
2022-05-06 09:30:00,113.4,114.1,112.9,113.9,3314.844
2022-05-06 10:00:00,113.8,116.3,113.8,114.9,9424.015
2022-05-06 10:30:00,114.9,115.0,111.8,113.5,7406.636
2022-05-06 11:00:00,113.4,114.1,111.3,112.4,5753.78
2022-05-06 11:30:00,112.4,114.6,111.6,113.2,5383.047
2022-05-06 12:00:00,113.2,115.1,112.6,114.5,6079.938
2022-05-06 12:30:00,114.5,115.6,114.2,114.5,4369.147
2022-05-06 13:00:00,114.4,114.9,113.5,114.3,2475.532
2022-05-06 13:30:00,114.4,114.4,112.0,113.4,7151.329
2022-05-06 14:00:00,113.5,114.7,113.0,113.7,4923.373
2022-05-06 14:30:00,113.6,114.5,113.3,114.2,3409.422
2022-05-06 15:00:00,114.1,114.9,113.4,114.6,2740.377
2022-05-06 15:30:00,114.6,114.9,113.8,114.7,2897.079
2022-05-06 16:00:00,114.7,116.2,114.1,115.1,5929.0
2022-05-06 16:30:00,115.1,116.3,114.8,115.8,4646.257
2022-05-06 17:00:00,115.8,116.1,114.9,115.7,2182.953
2022-05-06 17:30:00,115.6,115.9,114.7,115.0,1991.364
2022-05-06 18:00:00,115.0,115.8,114.5,115.6,1316.835
2022-05-06 18:30:00,115.7,115.8,114.1,114.2,3378.754
2022-05-06 19:00:00,114.3,115.5,114.0,115.4,1700.585
2022-05-06 19:30:00,115.3,115.6,114.3,114.8,857.241
2022-05-06 20:00:00,114.8,115.2,114.4,115.2,978.935
2022-05-06 20:30:00,115.2,115.7,114.7,115.3,878.928
2022-05-06 21:00:00,115.4,115.6,114.7,115.1,387.466
2022-05-06 21:30:00,115.0,115.1,113.6,114.5,1539.114
2022-05-06 22:00:00,114.6,114.6,113.5,114.3,953.448
2022-05-06 22:30:00,114.4,115.4,114.3,114.8,943.618
2022-05-06 23:00:00,115.0,115.7,114.7,115.7,901.539
2022-05-06 23:30:00,115.6,116.8,115.3,115.5,5665.325
2022-05-07 00:00:00,115.6,116.3,114.9,115.2,2538.32
2022-05-07 00:30:00,115.2,115.6,113.9,114.1,3445.916
2022-05-07 01:00:00,114.1,114.6,113.6,114.3,3075.413
2022-05-07 01:30:00,114.2,114.5,113.7,113.9,1510.931
2022-05-07 02:00:00,113.8,113.9,112.8,113.1,2589.559
2022-05-07 02:30:00,113.1,113.3,112.6,112.6,2474.643
2022-05-07 03:00:00,112.6,113.2,112.5,112.7,2147.979
2022-05-07 03:30:00,112.8,113.3,112.5,112.9,1175.711
2022-05-07 04:00:00,112.9,113.1,109.7,111.5,6655.512
2022-05-07 04:30:00,111.5,112.9,110.9,111.3,5298.605
2022-05-07 05:00:00,111.5,111.8,110.7,111.6,2343.37
2022-05-07 05:30:00,111.6,112.4,111.0,112.3,1771.425
2022-05-07 06:00:00,112.3,112.4,110.7,111.2,2323.385
2022-05-07 06:30:00,111.2,111.8,110.3,110.3,1849.571
2022-05-07 07:00:00,110.3,111.1,110.2,110.7,967.579
2022-05-07 07:30:00,110.7,111.9,110.7,111.6,1671.932
2022-05-07 08:00:00,111.6,112.6,111.3,111.7,2813.886
2022-05-07 08:30:00,111.8,112.9,111.6,112.4,1894.028
2022-05-07 09:00:00,112.4,112.4,111.5,111.6,1924.442
2022-05-07 09:30:00,111.8,112.0,111.3,111.6,1136.985
2022-05-07 10:00:00,111.5,112.0,111.1,111.7,2368.296
2022-05-07 10:30:00,111.7,111.8,111.2,111.6,1128.735
2022-05-07 11:00:00,111.6,112.4,111.2,111.7,1840.987
2022-05-07 11:30:00,111.7,112.0,111.3,111.9,1062.405
2022-05-07 12:00:00,111.9,112.8,111.6,112.2,2602.302
2022-05-07 12:30:00,112.3,112.3,111.1,111.6,921.402
2022-05-07 13:00:00,111.7,111.7,110.6,110.8,1998.845
2022-05-07 13:30:00,110.8,111.1,110.4,110.7,1617.648
2022-05-07 14:00:00,110.7,111.3,110.4,111.2,1425.737
2022-05-07 14:30:00,111.1,111.4,110.8,111.0,1401.154
2022-05-07 15:00:00,111.1,111.3,110.7,111.2,686.29
2022-05-07 15:30:00,111.3,111.4,110.8,111.1,396.318
2022-05-07 16:00:00,111.0,111.2,110.6,110.8,531.909
2022-05-07 16:30:00,110.9,111.1,110.4,110.8,995.995
2022-05-07 17:00:00,110.8,111.0,110.5,110.6,398.306
2022-05-07 17:30:00,110.5,110.5,109.7,110.0,1319.709
2022-05-07 18:00:00,109.9,110.7,109.8,110.2,642.826
2022-05-07 18:30:00,110.4,110.7,110.0,110.4,225.942
2022-05-07 19:00:00,110.3,110.8,110.0,110.2,422.16
2022-05-07 19:30:00,110.1,110.3,110.0,110.1,144.913
2022-05-07 20:00:00,110.1,110.2,109.4,109.5,668.659
2022-05-07 20:30:00,109.5,109.5,108.1,108.7,3604.489
2022-05-07 21:00:00,108.8,109.1,108.0,108.9,2451.308
2022-05-07 21:30:00,108.8,109.3,108.0,108.0,1601.286
2022-05-07 22:00:00,108.0,108.5,107.6,108.2,2178.571
2022-05-07 22:30:00,108.4,108.6,107.2,107.5,1046.917
2022-05-07 23:00:00,107.5,109.7,107.5,109.5,2323.965
2022-05-07 23:30:00,109.6,110.0,109.0,109.4,941.144
2022-05-08 00:00:00,109.4,109.8,108.6,108.7,896.651
2022-05-08 00:30:00,108.7,110.2,108.6,108.8,3307.275
2022-05-08 01:00:00,108.8,109.7,108.7,109.3,982.837
2022-05-08 01:30:00,109.3,109.8,108.3,108.3,2051.007
2022-05-08 02:00:00,108.3,109.6,108.0,109.4,3313.61
2022-05-08 02:30:00,109.5,109.5,108.4,109.4,2253.3
2022-05-08 03:00:00,109.4,111.2,109.3,109.9,4482.422
2022-05-08 03:30:00,110.0,110.3,109.1,109.2,1402.45
2022-05-08 04:00:00,109.2,110.6,109.1,110.5,1529.189
2022-05-08 04:30:00,110.6,110.7,109.6,109.7,1332.239
2022-05-08 05:00:00,109.7,109.9,109.0,109.1,797.399
2022-05-08 05:30:00,109.1,109.3,108.8,109.3,804.151
2022-05-08 06:00:00,109.2,110.1,109.2,110.0,645.387
2022-05-08 06:30:00,110.0,110.6,109.9,109.9,887.795
2022-05-08 07:00:00,110.1,110.5,109.8,109.8,593.48
2022-05-08 07:30:00,109.8,110.4,109.6,110.1,615.661
2022-05-08 08:00:00,110.1,110.3,109.5,109.7,614.754
2022-05-08 08:30:00,109.6,110.2,109.5,110.0,1095.878
2022-05-08 09:00:00,110.0,110.1,109.6,109.6,474.708
2022-05-08 09:30:00,109.5,109.5,109.0,109.2,608.644
2022-05-08 10:00:00,109.2,109.5,108.5,109.5,1177.259
2022-05-08 10:30:00,109.6,110.4,109.5,110.4,1326.898
2022-05-08 11:00:00,110.4,111.3,110.3,110.7,2286.246
2022-05-08 11:30:00,110.7,110.9,110.5,110.8,543.665
2022-05-08 12:00:00,110.8,111.0,110.4,110.5,523.83
2022-05-08 12:30:00,110.6,110.6,109.4,109.4,1152.045
2022-05-08 13:00:00,109.5,109.6,108.6,109.0,2600.233
2022-05-08 13:30:00,109.0,109.1,108.0,108.1,1148.123
2022-05-08 14:00:00,108.1,108.7,107.7,108.5,2433.432
2022-05-08 14:30:00,108.5,108.8,108.0,108.5,1214.809
2022-05-08 15:00:00,108.5,108.7,107.9,108.4,2653.179
2022-05-08 15:30:00,108.4,109.1,108.0,108.0,633.511
2022-05-08 16:00:00,108.1,108.6,108.0,108.5,542.731
2022-05-08 16:30:00,108.5,108.8,107.3,107.7,1548.893
2022-05-08 17:00:00,107.6,108.7,106.0,106.8,6711.926
2022-05-08 17:30:00,106.8,106.8,103.2,105.6,14617.997
2022-05-08 18:00:00,105.5,106.7,104.6,106.2,3028.755
2022-05-08 18:30:00,106.2,107.1,106.1,106.9,1668.768
2022-05-08 19:00:00,106.9,107.4,106.6,106.9,1756.738
2022-05-08 19:30:00,106.9,107.2,106.5,106.7,646.939
2022-05-08 20:00:00,106.7,106.7,105.9,106.1,673.026
2022-05-08 20:30:00,106.1,106.4,105.7,106.0,666.379
2022-05-08 21:00:00,106.3,106.7,106.0,106.7,488.646
2022-05-08 21:30:00,106.7,107.2,106.6,106.6,1171.174
2022-05-08 22:00:00,106.5,106.5,105.4,105.5,1137.365
2022-05-08 22:30:00,105.3,105.6,104.8,105.3,1142.18
2022-05-08 23:00:00,105.2,105.2,103.9,104.0,2413.027
2022-05-08 23:30:00,104.0,106.3,103.0,104.4,21238.046
2022-05-09 00:00:00,104.5,105.7,104.3,105.5,2737.524
2022-05-09 00:30:00,105.6,106.2,105.6,105.9,674.458
2022-05-09 01:00:00,105.9,106.1,105.6,105.9,539.395
2022-05-09 01:30:00,105.9,105.9,104.4,104.5,927.12
2022-05-09 02:00:00,104.6,105.0,102.5,103.7,4519.378
2022-05-09 02:30:00,103.7,105.1,103.1,105.0,8907.331
2022-05-09 03:00:00,105.0,105.6,104.5,105.1,2565.242
2022-05-09 03:30:00,105.2,105.5,104.7,104.7,332.887
2022-05-09 04:00:00,104.7,106.1,104.5,105.6,2537.121
2022-05-09 04:30:00,105.6,106.1,105.5,105.8,947.617
2022-05-09 05:00:00,105.8,106.1,105.4,105.6,669.223
2022-05-09 05:30:00,105.6,106.3,105.1,105.4,1708.221
2022-05-09 06:00:00,105.4,105.6,104.6,104.8,2280.386
2022-05-09 06:30:00,104.8,105.5,104.1,105.0,3706.91
2022-05-09 07:00:00,105.0,105.3,104.7,104.9,255.827
2022-05-09 07:30:00,104.9,105.2,104.8,104.9,346.086
2022-05-09 08:00:00,104.7,105.5,104.5,105.5,1025.045
2022-05-09 08:30:00,105.5,108.4,105.2,107.8,4354.195
2022-05-09 09:00:00,107.7,108.2,107.0,107.2,2558.882
2022-05-09 09:30:00,107.2,108.0,106.8,107.2,1391.785
2022-05-09 10:00:00,107.2,107.2,105.7,106.1,1580.819
2022-05-09 10:30:00,106.0,106.3,104.4,105.0,8538.543
2022-05-09 11:00:00,105.0,105.6,104.2,104.6,2646.534
2022-05-09 11:30:00,104.7,106.4,104.5,105.8,3980.049
2022-05-09 12:00:00,105.8,106.8,105.5,106.1,2141.09
2022-05-09 12:30:00,106.1,106.3,104.4,104.5,2431.406
2022-05-09 13:00:00,104.6,105.3,103.6,104.5,5595.738
2022-05-09 13:30:00,104.4,108.2,104.4,106.9,8669.841
2022-05-09 14:00:00,106.9,107.9,106.2,106.7,2106.505
2022-05-09 14:30:00,106.6,107.3,105.7,106.6,3670.128
2022-05-09 15:00:00,106.4,110.0,106.4,107.2,15412.231
2022-05-09 15:30:00,107.1,108.1,105.4,106.2,4921.191
2022-05-09 16:00:00,106.2,107.7,105.3,106.8,4800.444
2022-05-09 16:30:00,106.7,107.6,104.5,105.8,7403.387
2022-05-09 17:00:00,105.6,107.7,103.6,106.7,7596.575
2022-05-09 17:30:00,106.9,107.5,105.8,106.0,3427.405
2022-05-09 18:00:00,106.0,107.3,104.4,105.5,4583.057
2022-05-09 18:30:00,105.3,108.6,104.4,106.4,36166.263
2022-05-09 19:00:00,106.5,107.4,105.8,106.2,3082.875
2022-05-09 19:30:00,106.2,106.6,105.2,106.1,3188.302
2022-05-09 20:00:00,106.1,108.3,106.1,106.6,3665.944
2022-05-09 20:30:00,106.8,107.5,106.3,107.0,1470.902
2022-05-09 21:00:00,107.0,107.6,106.7,107.4,753.567
2022-05-09 21:30:00,107.4,107.7,106.2,106.5,817.881
2022-05-09 22:00:00,106.7,108.0,106.2,107.9,1215.008
2022-05-09 22:30:00,107.9,108.1,107.1,107.4,460.974
2022-05-09 23:00:00,107.4,108.0,103.9,104.2,6120.574
2022-05-09 23:30:00,104.3,105.8,101.2,103.4,49002.37
2022-05-10 00:00:00,103.4,104.7,98.0,98.5,51593.25
2022-05-10 00:30:00,98.5,119.0,98.0,113.3,123247.055
2022-05-10 01:00:00,113.3,114.6,106.4,110.3,57509.192
2022-05-10 01:30:00,110.2,110.9,108.4,108.6,8704.397
2022-05-10 02:00:00,108.5,109.9,107.3,109.3,9659.656
2022-05-10 02:30:00,109.4,111.3,108.1,108.5,8157.722
2022-05-10 03:00:00,108.5,109.3,107.0,108.0,5437.043
2022-05-10 03:30:00,107.9,109.0,107.1,107.2,5785.249
2022-05-10 04:00:00,107.4,109.6,107.1,109.2,4708.127
2022-05-10 04:30:00,109.2,111.2,108.4,110.6,5382.13
2022-05-10 05:00:00,110.4,113.0,110.0,110.8,9095.868
2022-05-10 05:30:00,110.9,112.1,110.7,111.5,4445.034
2022-05-10 06:00:00,111.7,112.6,109.9,110.6,8494.192
2022-05-10 06:30:00,110.6,111.3,109.5,110.4,4873.471
2022-05-10 07:00:00,110.4,110.6,109.2,109.5,3319.341
2022-05-10 07:30:00,109.5,110.1,108.7,108.8,2172.248
2022-05-10 08:00:00,108.8,110.8,108.5,110.5,3590.999
2022-05-10 08:30:00,110.7,111.8,110.0,111.4,3211.658
2022-05-10 09:00:00,111.4,112.6,110.2,110.4,4552.754
2022-05-10 09:30:00,110.4,110.9,109.3,109.4,3008.411
2022-05-10 10:00:00,109.5,110.6,109.0,110.4,2999.764
2022-05-10 10:30:00,110.5,111.1,110.0,110.4,1870.769
2022-05-10 11:00:00,110.5,111.3,109.8,110.9,2216.932
2022-05-10 11:30:00,110.9,111.7,110.0,110.2,26953.853
2022-05-10 12:00:00,110.2,110.8,109.4,110.3,2325.954
2022-05-10 12:30:00,110.4,111.3,110.1,111.1,2218.282
2022-05-10 13:00:00,111.1,111.6,110.2,110.4,2443.918
2022-05-10 13:30:00,110.4,110.6,107.5,108.5,8060.961
2022-05-10 14:00:00,108.5,109.5,107.2,107.4,7656.509
2022-05-10 14:30:00,107.5,107.6,104.9,106.3,9877.935
2022-05-10 15:00:00,106.4,108.0,104.3,106.7,7619.751
2022-05-10 15:30:00,106.5,108.1,106.5,107.8,3525.088
2022-05-10 16:00:00,107.9,108.3,106.9,107.0,1863.942
2022-05-10 16:30:00,107.0,107.6,106.2,107.5,1953.995
2022-05-10 17:00:00,107.4,108.3,107.4,108.1,2059.779
2022-05-10 17:30:00,108.0,109.4,107.9,108.2,2179.128
2022-05-10 18:00:00,108.3,108.4,106.9,107.1,1426.954
2022-05-10 18:30:00,107.3,107.6,105.9,106.6,2183.675
2022-05-10 19:00:00,106.6,107.1,106.2,106.8,897.337
2022-05-10 19:30:00,107.0,107.3,106.2,107.0,1065.865
2022-05-10 20:00:00,106.8,106.9,105.8,106.2,1308.776
2022-05-10 20:30:00,106.0,106.0,105.3,105.3,793.809
2022-05-10 21:00:00,105.3,105.6,104.6,104.8,1350.78
2022-05-10 21:30:00,104.8,105.2,103.5,103.7,2824.967
2022-05-10 22:00:00,103.8,106.5,103.5,105.4,2035.224
2022-05-10 22:30:00,105.3,106.3,104.7,106.0,952.178
2022-05-10 23:00:00,106.0,107.6,105.8,107.1,2740.44
2022-05-10 23:30:00,107.0,107.2,106.4,106.8,883.041
2022-05-11 00:00:00,106.9,109.1,106.3,108.3,3696.748
2022-05-11 00:30:00,108.2,108.5,107.2,107.4,2202.846
2022-05-11 01:00:00,107.4,107.7,105.4,106.3,3822.673
2022-05-11 01:30:00,106.2,106.4,104.4,106.0,3120.478
2022-05-11 02:00:00,105.9,108.0,105.6,107.7,2974.602
2022-05-11 02:30:00,107.7,108.0,107.3,107.6,910.612
2022-05-11 03:00:00,107.5,107.7,106.5,106.9,1254.644
2022-05-11 03:30:00,107.0,107.1,106.6,107.1,449.38
2022-05-11 04:00:00,106.9,107.8,106.4,107.0,1802.979
2022-05-11 04:30:00,107.0,107.1,105.6,105.9,1098.224
2022-05-11 05:00:00,105.9,107.2,105.7,107.0,1325.476
2022-05-11 05:30:00,106.9,107.3,106.0,106.2,999.344
2022-05-11 06:00:00,106.1,106.3,105.0,106.0,2952.939
2022-05-11 06:30:00,106.0,106.3,103.7,104.3,3596.975
2022-05-11 07:00:00,104.2,104.3,99.5,102.0,21195.711
2022-05-11 07:30:00,102.0,102.6,99.0,101.0,10284.104
2022-05-11 08:00:00,101.0,105.0,98.5,101.8,15868.28
2022-05-11 08:30:00,101.9,105.2,101.7,104.7,8618.458
2022-05-11 09:00:00,104.9,104.9,103.3,104.3,2025.096
2022-05-11 09:30:00,104.3,107.7,104.0,107.6,6569.921
2022-05-11 10:00:00,107.7,108.2,106.4,106.9,4580.366
2022-05-11 10:30:00,106.9,107.9,106.9,107.4,2198.556
2022-05-11 11:00:00,107.4,107.4,105.0,105.8,3550.943
2022-05-11 11:30:00,105.9,106.1,103.0,103.2,5086.405
2022-05-11 12:00:00,103.0,104.6,102.5,103.5,3794.438
2022-05-11 12:30:00,103.4,103.5,98.5,100.1,20898.088
2022-05-11 13:00:00,100.3,108.6,98.9,102.7,21777.67
2022-05-11 13:30:00,102.7,109.0,101.0,105.3,20641.735
2022-05-11 14:00:00,105.3,106.8,104.5,105.1,8223.341
2022-05-11 14:30:00,105.0,110.0,104.1,107.8,16473.846
2022-05-11 15:00:00,108.0,110.4,105.0,106.6,14358.505
2022-05-11 15:30:00,106.7,108.1,104.0,105.4,5697.805
2022-05-11 16:00:00,105.4,106.0,104.0,105.0,2730.634
2022-05-11 16:30:00,104.9,105.6,103.0,103.3,2392.08
2022-05-11 17:00:00,103.5,104.4,102.7,103.0,2505.893
2022-05-11 17:30:00,103.0,103.5,102.0,102.4,2912.967
2022-05-11 18:00:00,102.3,103.4,102.0,103.2,1093.659
2022-05-11 18:30:00,103.2,103.6,102.5,102.8,947.271
2022-05-11 19:00:00,102.8,102.9,102.0,102.3,1311.257
2022-05-11 19:30:00,102.3,102.7,102.0,102.0,1458.75
2022-05-11 20:00:00,102.1,103.1,102.0,102.5,1514.149
2022-05-11 20:30:00,102.6,103.4,101.6,101.7,2363.908
2022-05-11 21:00:00,101.8,104.8,101.5,102.3,4978.226
2022-05-11 21:30:00,102.3,103.5,101.4,103.2,3801.746
2022-05-11 22:00:00,103.1,104.0,102.6,103.8,1815.943
2022-05-11 22:30:00,103.6,106.1,103.4,105.6,3953.194
2022-05-11 23:00:00,105.5,105.9,104.0,104.3,2570.493
2022-05-11 23:30:00,104.2,104.4,104.0,104.3,679.093
2022-05-12 00:00:00,104.4,106.2,103.4,105.3,4181.129
2022-05-12 00:30:00,105.5,106.4,104.9,105.5,2461.016
2022-05-12 01:00:00,105.4,106.1,104.2,104.8,2139.927
2022-05-12 01:30:00,104.7,104.9,103.4,104.2,3116.606
2022-05-12 02:00:00,104.1,104.5,102.9,103.2,2526.73
2022-05-12 02:30:00,103.2,104.2,102.0,102.5,3124.315
2022-05-12 03:00:00,102.5,102.7,100.0,100.8,5784.301
2022-05-12 03:30:00,100.8,101.5,100.3,100.5,5292.268
2022-05-12 04:00:00,100.3,105.0,96.0,101.5,31970.624
2022-05-12 04:30:00,101.3,102.2,98.3,99.2,10106.59
2022-05-12 05:00:00,99.4,100.0,96.1,98.2,14533.852
2022-05-12 05:30:00,98.2,101.9,96.0,97.6,28875.208
2022-05-12 06:00:00,97.5,100.0,90.0,97.9,77800.533
2022-05-12 06:30:00,97.9,99.4,95.0,95.3,8708.978
2022-05-12 07:00:00,95.3,102.7,93.0,100.6,24879.875
2022-05-12 07:30:00,100.5,101.0,95.3,96.3,15502.409
2022-05-12 08:00:00,96.4,97.9,95.5,96.2,6938.704
2022-05-12 08:30:00,96.2,97.5,94.8,96.7,5891.895
2022-05-12 09:00:00,96.7,97.5,96.5,97.2,2717.683
2022-05-12 09:30:00,97.2,98.7,96.0,96.0,3051.268
2022-05-12 10:00:00,96.1,98.0,95.0,96.8,5358.913
2022-05-12 10:30:00,96.8,98.3,96.6,97.7,3161.03
2022-05-12 11:00:00,97.7,102.0,97.5,100.1,14699.202
2022-05-12 11:30:00,100.1,100.2,97.4,97.9,3903.954
2022-05-12 12:00:00,98.1,100.3,97.1,97.8,36699.252
2022-05-12 12:30:00,97.8,98.8,97.1,98.5,3599.275
2022-05-12 13:00:00,98.4,99.1,97.6,98.8,1425.697
2022-05-12 13:30:00,98.8,99.0,97.4,97.5,1725.936
2022-05-12 14:00:00,97.6,99.1,97.3,98.0,1724.109
2022-05-12 14:30:00,98.2,102.0,98.0,101.7,4044.174
2022-05-12 15:00:00,101.9,103.6,100.1,100.4,9800.555
2022-05-12 15:30:00,100.4,101.8,99.4,99.8,3184.376
2022-05-12 16:00:00,99.7,102.4,99.6,101.9,3976.609
2022-05-12 16:30:00,101.8,102.7,101.2,102.1,2302.613
2022-05-12 17:00:00,102.1,102.4,101.1,101.3,1177.123
2022-05-12 17:30:00,101.3,101.6,100.6,100.9,2985.69
2022-05-12 18:00:00,100.8,101.5,100.6,100.7,488.311
2022-05-12 18:30:00,100.7,100.8,100.0,100.1,978.138
2022-05-12 19:00:00,100.1,102.0,100.1,101.1,1430.234
2022-05-12 19:30:00,101.3,101.6,100.9,101.2,502.898
2022-05-12 20:00:00,101.2,102.3,101.0,102.2,1197.094
2022-05-12 20:30:00,102.2,104.0,100.6,100.7,3496.589
2022-05-12 21:00:00,100.7,101.9,100.2,100.9,1670.403
2022-05-12 21:30:00,100.8,101.6,100.3,101.4,695.778
2022-05-12 22:00:00,101.4,101.6,100.4,100.6,428.421
2022-05-12 22:30:00,100.5,100.9,100.0,100.3,1364.731
2022-05-12 23:00:00,100.3,101.7,100.3,101.5,1067.256
2022-05-12 23:30:00,101.3,102.1,100.0,101.3,1445.52
2022-05-13 00:00:00,101.0,101.4,99.7,99.8,2630.261
2022-05-13 00:30:00,99.8,102.0,99.8,101.2,2475.172
2022-05-13 01:00:00,101.2,102.8,101.1,101.8,2352.396
2022-05-13 01:30:00,101.8,101.9,101.2,101.9,764.625
2022-05-13 02:00:00,101.8,105.0,101.6,104.7,4087.34
2022-05-13 02:30:00,104.6,108.0,103.7,107.9,10609.724
2022-05-13 03:00:00,107.9,108.0,105.8,106.7,7985.854
2022-05-13 03:30:00,106.7,107.4,106.5,106.9,2505.348
2022-05-13 04:00:00,106.9,107.0,105.3,105.8,2149.536
2022-05-13 04:30:00,105.8,109.8,105.1,109.3,8959.223
2022-05-13 05:00:00,109.5,116.6,108.3,111.0,18099.045
2022-05-13 05:30:00,111.1,123.0,108.9,119.4,42534.222
2022-05-13 06:00:00,119.5,120.8,117.0,118.5,7144.163
2022-05-13 06:30:00,118.6,120.0,115.6,115.7,8307.198
2022-05-13 07:00:00,115.8,118.1,115.2,116.3,6803.967
2022-05-13 07:30:00,116.3,117.2,115.0,116.1,2795.312
2022-05-13 08:00:00,116.6,121.9,116.1,117.6,9482.708
2022-05-13 08:30:00,117.7,121.2,116.8,119.0,7757.977
2022-05-13 09:00:00,119.1,121.4,118.5,118.8,8494.912
2022-05-13 09:30:00,118.8,138.0,118.4,131.0,22275.186
2022-05-13 10:00:00,130.9,138.0,126.6,128.6,39694.251
2022-05-13 10:30:00,128.5,132.0,127.0,129.5,10040.63
2022-05-13 11:00:00,129.5,135.7,129.4,132.4,11941.136
2022-05-13 11:30:00,132.5,137.5,131.0,135.2,13407.449
2022-05-13 12:00:00,135.2,143.0,133.5,136.5,23864.254
2022-05-13 12:30:00,136.6,138.6,133.9,134.8,11482.104
2022-05-13 13:00:00,134.6,136.9,134.0,136.0,4652.498
2022-05-13 13:30:00,136.1,143.0,135.0,140.6,19783.671
2022-05-13 14:00:00,140.6,144.6,138.5,143.5,15990.091
2022-05-13 14:30:00,143.6,144.6,140.0,141.0,7629.264
2022-05-13 15:00:00,141.1,143.6,139.1,142.7,6414.607
2022-05-13 15:30:00,142.6,143.3,129.0,132.6,31227.057
2022-05-13 16:00:00,132.6,136.9,130.8,132.0,14327.309
2022-05-13 16:30:00,132.0,133.6,128.7,132.0,15695.783
2022-05-13 17:00:00,132.0,136.5,131.5,132.2,12674.569
2022-05-13 17:30:00,132.5,133.6,130.3,131.1,19681.059
2022-05-13 18:00:00,131.2,132.8,129.3,131.8,8714.892
2022-05-13 18:30:00,131.8,136.0,131.6,135.0,5929.935
2022-05-13 19:00:00,135.1,135.1,133.3,133.6,1812.363
2022-05-13 19:30:00,133.6,134.2,133.1,133.8,1149.137
2022-05-13 20:00:00,133.7,134.8,133.1,133.9,8281.92
2022-05-13 20:30:00,134.0,135.3,133.4,134.3,8753.256
2022-05-13 21:00:00,134.4,136.2,134.2,134.5,1452.938
2022-05-13 21:30:00,134.6,136.5,134.4,136.2,3584.72
2022-05-13 22:00:00,136.1,139.8,134.9,135.3,4129.349
2022-05-13 22:30:00,135.2,135.6,133.5,133.7,1618.759
2022-05-13 23:00:00,133.8,134.7,133.2,133.5,5586.831
2022-05-13 23:30:00,133.6,133.9,132.9,133.5,1148.262
2022-05-14 00:00:00,133.6,138.2,133.2,134.8,4336.535
2022-05-14 00:30:00,134.8,135.9,134.1,134.9,2088.905
2022-05-14 01:00:00,134.7,134.7,132.9,134.5,3714.336
2022-05-14 01:30:00,134.2,139.5,134.2,136.8,7231.171
2022-05-14 02:00:00,136.7,137.0,134.5,135.3,3198.43
2022-05-14 02:30:00,135.2,136.1,133.7,134.3,3007.666
2022-05-14 03:00:00,134.2,139.0,133.8,136.4,7028.811
2022-05-14 03:30:00,136.4,137.4,136.0,136.2,4492.091
2022-05-14 04:00:00,136.2,137.1,136.0,136.3,1429.092
2022-05-14 04:30:00,136.3,136.4,128.9,131.6,9587.358
2022-05-14 05:00:00,131.6,132.6,130.1,130.4,6565.593
2022-05-14 05:30:00,130.6,131.6,127.1,128.3,7439.645
2022-05-14 06:00:00,128.3,130.9,126.1,129.7,7773.356
2022-05-14 06:30:00,129.6,132.8,129.4,130.1,4916.406
2022-05-14 07:00:00,130.1,131.4,126.0,126.9,12043.697
2022-05-14 07:30:00,127.1,128.0,124.7,125.8,7300.816
2022-05-14 08:00:00,125.9,127.4,123.9,125.4,8711.931
2022-05-14 08:30:00,125.3,127.5,125.0,127.4,3586.037
2022-05-14 09:00:00,127.3,128.4,126.3,126.6,2354.817
2022-05-14 09:30:00,126.6,128.1,125.8,127.7,2340.536
2022-05-14 10:00:00,127.6,127.8,125.6,127.4,2338.585
2022-05-14 10:30:00,127.4,128.1,124.6,125.4,8648.431
2022-05-14 11:00:00,125.3,127.6,122.3,122.4,4794.246
2022-05-14 11:30:00,122.3,128.8,122.2,126.7,9221.42
2022-05-14 12:00:00,126.8,132.3,126.1,130.7,7966.068
2022-05-14 12:30:00,130.3,131.0,126.2,126.3,5640.72
2022-05-14 13:00:00,126.5,128.0,125.7,126.9,4612.751
2022-05-14 13:30:00,126.8,127.0,124.5,125.1,3219.4
2022-05-14 14:00:00,125.2,131.1,124.5,128.3,6354.487
2022-05-14 14:30:00,128.3,130.0,127.4,129.3,3382.686
2022-05-14 15:00:00,129.3,131.4,128.1,129.7,6222.32
2022-05-14 15:30:00,129.8,131.1,129.0,130.0,3415.289
2022-05-14 16:00:00,129.9,131.0,127.6,130.7,4294.263
2022-05-14 16:30:00,130.8,137.7,130.2,133.8,8817.529
2022-05-14 17:00:00,133.8,135.2,132.4,133.2,5363.809
2022-05-14 17:30:00,133.1,133.1,130.5,132.7,4562.322
2022-05-14 18:00:00,132.8,132.8,130.9,132.2,7235.008
2022-05-14 18:30:00,132.3,133.1,131.4,132.0,16073.308
2022-05-14 19:00:00,131.9,132.5,131.4,131.6,1163.895
2022-05-14 19:30:00,131.5,131.7,129.8,130.2,1054.609
2022-05-14 20:00:00,130.2,132.0,130.1,131.8,765.57
2022-05-14 20:30:00,131.8,132.4,131.2,131.8,961.528
2022-05-14 21:00:00,131.9,134.3,131.9,134.0,1666.976
2022-05-14 21:30:00,134.0,135.4,132.6,132.7,1789.647
2022-05-14 22:00:00,132.9,133.2,131.7,131.7,846.281
2022-05-14 22:30:00,131.7,134.4,131.7,133.7,1206.543
2022-05-14 23:00:00,133.7,134.4,132.0,132.9,2340.384
2022-05-14 23:30:00,132.9,134.8,132.4,134.2,1714.858
2022-05-15 00:00:00,134.3,135.8,133.9,134.8,2179.16
2022-05-15 00:30:00,134.8,135.2,131.3,131.6,3464.263
2022-05-15 01:00:00,131.7,133.1,131.7,131.7,1302.759
2022-05-15 01:30:00,131.9,133.3,131.5,132.6,964.703
2022-05-15 02:00:00,132.7,134.2,132.3,132.3,2120.827
2022-05-15 02:30:00,132.2,132.5,130.0,130.4,3619.006
2022-05-15 03:00:00,130.3,130.9,129.4,129.9,2087.981
2022-05-15 03:30:00,130.1,134.4,129.7,134.1,2412.531
2022-05-15 04:00:00,134.2,135.6,133.4,134.5,2794.147
2022-05-15 04:30:00,134.4,134.5,132.3,132.8,1917.29
2022-05-15 05:00:00,132.8,135.8,132.1,133.5,2599.32
2022-05-15 05:30:00,133.6,136.8,133.5,135.0,3837.306
2022-05-15 06:00:00,135.0,137.6,134.1,137.3,5781.773
2022-05-15 06:30:00,137.4,144.4,137.2,140.8,11534.71
2022-05-15 07:00:00,140.8,142.1,138.4,140.0,5174.702
2022-05-15 07:30:00,139.9,140.0,135.5,135.8,13940.855
2022-05-15 08:00:00,135.9,135.9,132.4,134.4,7416.987
2022-05-15 08:30:00,134.7,135.8,132.9,134.1,2559.484
2022-05-15 09:00:00,134.0,136.8,133.9,135.0,2641.391
2022-05-15 09:30:00,134.9,138.9,133.5,138.2,6611.266
2022-05-15 10:00:00,138.1,139.1,136.0,137.0,4983.015
2022-05-15 10:30:00,136.8,137.8,136.3,137.4,2013.703
2022-05-15 11:00:00,137.3,137.7,135.7,136.7,2381.202
2022-05-15 11:30:00,136.8,138.5,136.4,136.7,3074.24
2022-05-15 12:00:00,136.6,137.6,134.6,135.1,4120.863
2022-05-15 12:30:00,135.1,136.1,132.8,134.3,5125.794
2022-05-15 13:00:00,134.4,137.6,133.5,134.0,6431.85
2022-05-15 13:30:00,133.9,135.1,130.0,130.5,9737.77
2022-05-15 14:00:00,130.5,131.3,128.2,130.3,6687.485
2022-05-15 14:30:00,130.2,133.2,129.5,131.5,4596.944
2022-05-15 15:00:00,131.4,133.0,131.4,131.8,2049.296
2022-05-15 15:30:00,131.7,132.0,130.6,131.9,1933.544
2022-05-15 16:00:00,131.9,132.5,130.7,131.3,1496.162
2022-05-15 16:30:00,131.2,132.1,131.1,131.4,953.825
2022-05-15 17:00:00,131.5,132.2,129.8,131.3,2295.217
2022-05-15 17:30:00,131.3,131.3,129.7,130.2,1601.866
2022-05-15 18:00:00,130.1,131.2,130.0,130.7,930.028
2022-05-15 18:30:00,130.7,131.4,130.6,131.1,502.62
2022-05-15 19:00:00,131.2,131.2,130.1,130.4,330.709
2022-05-15 19:30:00,130.5,132.8,130.5,132.4,1358.775
2022-05-15 20:00:00,132.5,133.4,130.9,133.2,2058.875
2022-05-15 20:30:00,133.1,134.8,132.6,134.6,1823.33
2022-05-15 21:00:00,134.5,134.7,132.7,134.2,1201.271
2022-05-15 21:30:00,134.2,134.6,134.1,134.3,612.208
2022-05-15 22:00:00,134.3,135.8,134.3,135.2,1523.735
2022-05-15 22:30:00,135.3,135.3,133.6,133.8,966.796
2022-05-15 23:00:00,133.8,136.1,133.6,135.9,1759.063
2022-05-15 23:30:00,135.9,136.5,135.0,136.2,1187.405
2022-05-16 00:00:00,136.3,136.8,133.8,134.0,2121.234
2022-05-16 00:30:00,134.0,134.3,132.5,132.8,2141.668
2022-05-16 01:00:00,132.9,133.8,132.5,133.4,627.238
2022-05-16 01:30:00,133.5,133.5,132.3,132.6,617.971
2022-05-16 02:00:00,132.7,133.4,129.6,131.3,2688.565
2022-05-16 02:30:00,131.3,132.5,131.1,132.4,1423.419
2022-05-16 03:00:00,132.5,135.1,132.3,134.9,3026.415
2022-05-16 03:30:00,134.9,135.0,133.7,134.1,367.57
2022-05-16 04:00:00,134.1,134.7,133.5,134.4,743.992
2022-05-16 04:30:00,134.4,134.8,133.5,134.5,750.687
2022-05-16 05:00:00,134.4,135.5,134.3,135.3,1379.169
2022-05-16 05:30:00,135.3,135.4,132.3,132.7,1175.889
2022-05-16 06:00:00,132.6,133.3,127.4,128.4,6299.852
2022-05-16 06:30:00,128.4,130.1,128.2,129.3,3446.966
2022-05-16 07:00:00,129.4,129.9,126.7,129.5,3386.057
2022-05-16 07:30:00,129.5,129.8,128.4,128.8,1103.101
2022-05-16 08:00:00,128.7,129.6,128.4,128.8,1035.009
2022-05-16 08:30:00,128.7,130.6,128.6,130.5,1344.86
2022-05-16 09:00:00,130.5,130.5,127.7,128.5,2212.8
2022-05-16 09:30:00,128.5,129.6,128.4,128.8,1377.258
2022-05-16 10:00:00,128.8,131.3,128.8,130.6,1873.939
2022-05-16 10:30:00,130.4,132.0,130.3,131.6,1818.604
2022-05-16 11:00:00,131.6,132.9,130.6,132.8,2322.515
2022-05-16 11:30:00,132.9,133.5,131.7,132.2,2240.726
2022-05-16 12:00:00,132.3,133.1,130.7,132.8,2020.643
2022-05-16 12:30:00,132.8,134.0,130.7,131.6,3154.586
2022-05-16 13:00:00,131.6,132.3,129.6,130.4,2236.605
2022-05-16 13:30:00,130.4,131.5,128.8,129.2,1954.57
2022-05-16 14:00:00,129.1,131.0,128.5,130.5,1640.255
2022-05-16 14:30:00,130.7,130.7,129.0,129.4,1194.004
2022-05-16 15:00:00,129.3,131.1,129.3,130.5,1273.452
2022-05-16 15:30:00,130.5,130.9,129.0,130.4,1463.645
2022-05-16 16:00:00,130.3,130.7,129.3,130.0,832.551
2022-05-16 16:30:00,129.9,130.5,128.4,128.8,1394.531
2022-05-16 17:00:00,128.7,132.4,128.7,131.5,2732.11
2022-05-16 17:30:00,131.6,132.1,130.3,131.1,1182.696
2022-05-16 18:00:00,131.2,132.0,130.5,131.8,1388.139
2022-05-16 18:30:00,131.8,133.0,131.6,132.0,1763.486
2022-05-16 19:00:00,132.1,132.5,131.6,132.2,465.695
2022-05-16 19:30:00,132.2,132.5,131.0,131.5,560.653
2022-05-16 20:00:00,131.6,132.3,131.2,131.4,919.194
2022-05-16 20:30:00,131.2,132.1,131.0,131.6,670.945
2022-05-16 21:00:00,131.5,133.0,131.5,131.8,959.656
2022-05-16 21:30:00,131.8,134.3,131.8,133.6,1380.936
2022-05-16 22:00:00,133.5,134.0,133.1,133.2,497.408
2022-05-16 22:30:00,133.2,133.3,131.9,132.7,784.679
2022-05-16 23:00:00,132.7,133.0,130.4,130.7,1900.859
2022-05-16 23:30:00,130.8,131.2,129.0,129.8,2534.654
2022-05-17 00:00:00,129.9,131.5,128.3,131.2,4499.21
2022-05-17 00:30:00,131.1,131.6,131.0,131.3,480.357
2022-05-17 01:00:00,131.2,132.0,130.0,130.2,1031.828
2022-05-17 01:30:00,130.2,131.3,129.8,130.8,786.223
2022-05-17 02:00:00,130.9,130.9,129.1,129.2,1872.725
2022-05-17 02:30:00,129.3,130.3,129.2,129.9,976.205
2022-05-17 03:00:00,130.0,130.7,129.6,130.6,844.718
2022-05-17 03:30:00,130.5,132.0,130.4,131.3,1247.815
2022-05-17 04:00:00,131.3,131.3,129.7,130.2,2346.521
2022-05-17 04:30:00,130.2,131.5,130.1,131.1,1815.456
2022-05-17 05:00:00,131.1,131.5,130.1,130.6,1194.481
2022-05-17 05:30:00,130.7,133.0,130.5,132.7,1735.262
2022-05-17 06:00:00,132.8,133.1,131.9,132.7,859.835
2022-05-17 06:30:00,132.6,133.4,132.3,132.8,1826.696
2022-05-17 07:00:00,132.8,132.9,130.9,131.4,1453.162
2022-05-17 07:30:00,131.5,132.6,131.5,131.7,1230.282
2022-05-17 08:00:00,131.8,133.9,131.6,133.6,2285.793
2022-05-17 08:30:00,133.5,134.1,132.4,132.8,1800.348
2022-05-17 09:00:00,132.9,133.5,132.6,133.4,629.652
2022-05-17 09:30:00,133.4,133.4,131.8,132.1,1488.022
2022-05-17 10:00:00,132.0,132.5,131.5,132.2,880.238
2022-05-17 10:30:00,132.2,132.6,131.3,131.4,704.286
2022-05-17 11:00:00,131.3,132.0,131.0,131.3,771.465
2022-05-17 11:30:00,131.3,131.5,130.1,130.8,1209.02
2022-05-17 12:00:00,130.8,132.0,130.5,131.3,1497.428
2022-05-17 12:30:00,131.4,133.4,131.1,132.2,1678.012
2022-05-17 13:00:00,132.1,132.6,131.1,132.5,1330.754
2022-05-17 13:30:00,132.5,132.9,131.6,131.9,1226.956
2022-05-17 14:00:00,131.9,132.1,129.5,129.7,2522.607
2022-05-17 14:30:00,129.7,129.8,125.0,127.7,7959.942
2022-05-17 15:00:00,127.5,128.2,126.4,126.5,3503.589
2022-05-17 15:30:00,126.4,128.4,126.4,128.2,3151.862
2022-05-17 16:00:00,128.3,128.3,124.0,125.5,6582.519
2022-05-17 16:30:00,125.5,127.6,125.3,127.4,1714.521
2022-05-17 17:00:00,127.4,127.9,126.3,126.9,1265.314
2022-05-17 17:30:00,126.9,128.2,125.3,125.4,2994.678
2022-05-17 18:00:00,125.4,126.6,124.2,125.6,2709.591
2022-05-17 18:30:00,125.3,127.2,125.0,126.5,2273.514
2022-05-17 19:00:00,126.5,127.3,126.1,126.8,745.985
2022-05-17 19:30:00,126.7,127.3,125.7,126.2,564.09
2022-05-17 20:00:00,126.1,127.0,126.1,126.6,596.473
2022-05-17 20:30:00,126.6,127.0,126.1,126.4,268.391
2022-05-17 21:00:00,126.3,126.8,126.0,126.3,289.063
2022-05-17 21:30:00,126.4,127.6,126.4,127.4,739.284
2022-05-17 22:00:00,127.4,129.0,127.2,127.5,1165.433
2022-05-17 22:30:00,127.5,128.2,127.1,127.9,269.549
2022-05-17 23:00:00,128.2,128.4,128.0,128.2,646.925
2022-05-17 23:30:00,128.3,128.6,128.0,128.1,595.168
2022-05-18 00:00:00,128.1,130.9,128.1,130.2,2446.525
2022-05-18 00:30:00,130.2,130.2,128.4,128.4,836.924
2022-05-18 01:00:00,128.5,128.7,127.4,127.5,578.056
2022-05-18 01:30:00,127.5,128.2,126.7,127.3,929.062
2022-05-18 02:00:00,127.3,128.1,127.1,127.8,628.611
2022-05-18 02:30:00,127.8,128.7,127.7,128.2,530.72
2022-05-18 03:00:00,128.4,128.4,126.5,126.7,1231.563
2022-05-18 03:30:00,126.9,127.2,126.1,126.8,1049.868
2022-05-18 04:00:00,126.9,127.2,126.5,126.8,447.158
2022-05-18 04:30:00,126.9,127.1,125.7,125.8,1166.802
2022-05-18 05:00:00,125.7,126.7,125.4,126.4,1733.715
2022-05-18 05:30:00,126.4,126.7,125.9,126.1,262.451
2022-05-18 06:00:00,126.2,126.8,125.2,125.5,1643.412
2022-05-18 06:30:00,125.4,125.7,124.4,124.7,1309.527
2022-05-18 07:00:00,124.8,125.1,124.3,124.8,796.767
2022-05-18 07:30:00,124.7,125.8,124.7,125.6,637.752
2022-05-18 08:00:00,125.5,126.1,125.1,126.0,502.334
2022-05-18 08:30:00,125.9,126.7,125.6,126.7,893.172
2022-05-18 09:00:00,126.6,127.0,121.6,121.9,7095.67
2022-05-18 09:30:00,121.8,123.5,120.3,123.2,5208.798
2022-05-18 10:00:00,123.2,123.8,122.5,123.4,1475.177
2022-05-18 10:30:00,123.4,123.4,122.4,122.9,852.373
2022-05-18 11:00:00,122.8,123.0,121.6,122.0,2402.702
2022-05-18 11:30:00,122.2,122.6,122.0,122.2,463.357
2022-05-18 12:00:00,122.1,122.3,120.6,121.6,1890.886
2022-05-18 12:30:00,121.6,122.0,121.0,121.5,3252.135
2022-05-18 13:00:00,121.6,122.4,121.0,121.6,2257.419
2022-05-18 13:30:00,121.3,122.3,120.5,120.7,2130.359
2022-05-18 14:00:00,120.7,123.6,120.6,122.8,3388.978
2022-05-18 14:30:00,122.7,122.8,121.0,121.7,1806.854
2022-05-18 15:00:00,121.6,121.9,117.5,120.3,6255.869
2022-05-18 15:30:00,120.3,121.5,119.5,120.0,1819.058
2022-05-18 16:00:00,120.3,121.3,119.3,120.6,2501.029
2022-05-18 16:30:00,120.4,121.9,119.9,121.2,1973.353
2022-05-18 17:00:00,121.3,121.3,120.2,120.6,1014.772
2022-05-18 17:30:00,120.4,121.1,120.1,120.4,1106.927
2022-05-18 18:00:00,120.5,121.0,119.6,121.0,2203.097
2022-05-18 18:30:00,120.9,121.0,119.8,120.5,1241.347
2022-05-18 19:00:00,120.4,121.8,120.4,121.2,1607.231
2022-05-18 19:30:00,121.3,122.1,120.6,121.9,1058.858
2022-05-18 20:00:00,121.9,122.0,120.0,120.2,1404.959
2022-05-18 20:30:00,120.3,120.8,119.7,119.9,1038.323
2022-05-18 21:00:00,119.8,120.5,119.5,120.4,427.271
2022-05-18 21:30:00,120.3,120.3,118.5,118.6,1075.658
2022-05-18 22:00:00,118.5,120.5,118.2,120.0,1180.188
2022-05-18 22:30:00,120.0,120.7,119.6,120.3,1050.347
2022-05-18 23:00:00,120.3,120.7,118.9,119.6,1494.191
2022-05-18 23:30:00,119.7,120.2,118.8,119.1,1325.151
2022-05-19 00:00:00,119.4,123.1,118.6,120.4,3430.614
2022-05-19 00:30:00,120.4,121.7,119.7,119.7,1470.177
2022-05-19 01:00:00,119.6,121.0,119.6,120.4,943.582
2022-05-19 01:30:00,120.2,120.4,117.1,117.6,2651.238
2022-05-19 02:00:00,117.7,118.2,112.0,115.8,9394.166
2022-05-19 02:30:00,115.7,117.6,115.5,117.6,2359.305
2022-05-19 03:00:00,117.5,118.7,117.2,117.7,848.418
2022-05-19 03:30:00,117.7,118.3,117.5,117.5,583.914
2022-05-19 04:00:00,117.6,118.5,117.3,117.3,907.527
2022-05-19 04:30:00,117.4,117.4,116.8,116.8,1391.815
2022-05-19 05:00:00,116.8,117.0,115.7,115.9,1898.854
2022-05-19 05:30:00,115.9,115.9,115.0,115.1,1117.351
2022-05-19 06:00:00,115.1,116.3,115.0,116.3,1070.703
2022-05-19 06:30:00,116.0,117.6,115.7,117.3,1656.068
2022-05-19 07:00:00,117.2,117.3,115.8,116.0,753.118
2022-05-19 07:30:00,116.0,116.0,114.8,115.3,1358.874
2022-05-19 08:00:00,115.3,115.7,113.0,113.5,3058.481
2022-05-19 08:30:00,113.5,113.6,112.5,112.8,2487.164
2022-05-19 09:00:00,112.8,113.6,112.0,112.1,3687.035
2022-05-19 09:30:00,112.1,113.9,111.9,112.7,2721.495
2022-05-19 10:00:00,112.6,112.7,110.1,111.2,13696.153
2022-05-19 10:30:00,111.1,111.1,107.0,108.4,24423.448
2022-05-19 11:00:00,108.4,109.0,104.7,107.9,16889.046
2022-05-19 11:30:00,107.9,111.0,107.1,109.8,13867.574
2022-05-19 12:00:00,109.8,109.8,108.1,109.6,4102.335
2022-05-19 12:30:00,109.7,109.9,107.8,108.7,2473.518
2022-05-19 13:00:00,108.7,110.0,108.4,109.1,1976.469
2022-05-19 13:30:00,109.1,115.0,108.6,109.5,12253.298
2022-05-19 14:00:00,109.6,113.1,109.6,111.5,7422.764
2022-05-19 14:30:00,111.5,112.4,110.3,110.9,4675.466
2022-05-19 15:00:00,111.0,113.5,110.2,113.1,3973.058
2022-05-19 15:30:00,113.4,116.8,113.2,116.6,18689.207
2022-05-19 16:00:00,116.5,120.1,116.1,119.7,25229.945
2022-05-19 16:30:00,119.7,121.0,118.6,120.1,6550.14
2022-05-19 17:00:00,120.1,121.0,118.9,120.2,3227.601
2022-05-19 17:30:00,120.4,123.5,119.9,120.9,4125.645
2022-05-19 18:00:00,120.9,121.0,118.9,119.7,5029.406
2022-05-19 18:30:00,119.6,120.4,119.2,119.7,1910.163
2022-05-19 19:00:00,119.8,120.0,118.0,119.9,3781.862
2022-05-19 19:30:00,119.9,120.1,119.1,119.6,379.432
2022-05-19 20:00:00,119.5,120.5,119.1,120.2,808.457
2022-05-19 20:30:00,120.2,120.5,119.6,120.2,572.969
2022-05-19 21:00:00,120.2,120.4,120.0,120.2,317.752
2022-05-19 21:30:00,120.2,120.3,120.1,120.1,76.805
2022-05-19 22:00:00,120.1,120.2,118.6,118.9,818.439
2022-05-19 22:30:00,118.9,119.9,118.0,119.6,3683.885
2022-05-19 23:00:00,119.7,123.0,119.7,122.2,3135.286
2022-05-19 23:30:00,122.1,126.8,122.0,123.3,9170.601
2022-05-20 00:00:00,123.5,123.9,121.3,121.3,2578.793
2022-05-20 00:30:00,121.4,123.1,121.2,122.9,1479.373
2022-05-20 01:00:00,122.9,123.7,121.6,123.7,1625.374
2022-05-20 01:30:00,123.7,125.0,123.2,123.9,1884.01
2022-05-20 02:00:00,123.9,124.2,122.6,123.5,1425.063
2022-05-20 02:30:00,123.4,125.0,122.6,123.1,2458.514
2022-05-20 03:00:00,123.1,123.3,121.7,122.6,1543.639
2022-05-20 03:30:00,122.4,123.1,121.6,122.9,1408.432
2022-05-20 04:00:00,122.7,123.0,121.2,121.8,2277.524
2022-05-20 04:30:00,122.0,123.6,120.3,122.7,3329.812
2022-05-20 05:00:00,122.7,122.7,121.5,122.1,1014.98
2022-05-20 05:30:00,122.2,123.3,122.0,123.0,1048.615
2022-05-20 06:00:00,123.0,123.1,121.1,121.2,1041.545
2022-05-20 06:30:00,121.2,122.1,120.4,122.0,1745.275
2022-05-20 07:00:00,121.9,122.3,121.4,121.6,1132.652
2022-05-20 07:30:00,121.7,122.7,121.5,122.1,1171.268
2022-05-20 08:00:00,122.1,123.1,121.0,123.1,1260.907
2022-05-20 08:30:00,123.0,123.2,121.5,121.9,742.62
2022-05-20 09:00:00,121.9,122.7,121.6,122.5,846.839
2022-05-20 09:30:00,122.5,123.2,122.3,122.6,897.763
2022-05-20 10:00:00,122.6,122.7,122.0,122.0,581.57
2022-05-20 10:30:00,122.0,123.2,121.7,123.1,907.947
2022-05-20 11:00:00,123.0,123.7,121.9,122.5,1503.787
2022-05-20 11:30:00,122.6,123.7,122.6,123.4,1652.449
2022-05-20 12:00:00,123.5,124.5,122.2,122.2,2678.386
2022-05-20 12:30:00,122.2,122.7,121.4,122.1,1206.703
2022-05-20 13:00:00,122.3,122.4,120.6,121.4,2050.327
2022-05-20 13:30:00,121.3,122.2,120.6,121.9,1191.106
2022-05-20 14:00:00,121.9,122.0,120.1,120.3,1385.631
2022-05-20 14:30:00,120.2,120.3,117.2,118.7,8871.235
2022-05-20 15:00:00,118.7,120.2,115.7,117.1,23661.354
2022-05-20 15:30:00,117.1,118.1,116.3,117.9,3562.438
2022-05-20 16:00:00,117.7,117.9,116.5,116.6,3248.008
2022-05-20 16:30:00,116.6,117.0,115.8,116.5,1551.469
2022-05-20 17:00:00,116.5,117.2,116.0,116.4,1059.22
2022-05-20 17:30:00,116.5,117.0,116.1,116.7,619.371
2022-05-20 18:00:00,116.6,116.6,115.4,116.0,536.707
2022-05-20 18:30:00,116.2,117.7,116.0,117.4,894.71
2022-05-20 19:00:00,117.4,117.5,116.8,117.2,592.076
2022-05-20 19:30:00,117.3,118.7,117.2,118.5,1173.382
2022-05-20 20:00:00,118.6,119.4,118.5,118.6,1025.949
2022-05-20 20:30:00,118.5,118.5,117.2,117.7,1210.072
2022-05-20 21:00:00,117.9,118.8,117.9,118.5,604.107
2022-05-20 21:30:00,118.3,118.3,117.5,117.9,603.341
2022-05-20 22:00:00,117.8,118.8,117.8,118.6,540.404
2022-05-20 22:30:00,118.3,118.8,117.6,117.9,530.87
2022-05-20 23:00:00,117.9,118.8,117.9,118.0,613.067
2022-05-20 23:30:00,118.0,118.1,117.2,117.8,896.185
2022-05-21 00:00:00,117.8,118.8,117.6,118.0,529.777
2022-05-21 00:30:00,117.9,118.0,115.6,116.3,3533.451
2022-05-21 01:00:00,116.1,116.6,115.2,115.3,1772.965
2022-05-21 01:30:00,115.3,115.8,115.1,115.6,1423.658
2022-05-21 02:00:00,115.5,116.1,115.1,115.8,831.349
2022-05-21 02:30:00,115.8,116.4,115.3,115.7,840.964
2022-05-21 03:00:00,115.7,115.8,115.2,115.2,833.147
2022-05-21 03:30:00,115.3,116.4,115.1,116.2,1185.685
2022-05-21 04:00:00,116.3,116.4,115.7,115.8,496.876
2022-05-21 04:30:00,115.7,116.9,115.5,116.1,1075.016
2022-05-21 05:00:00,116.2,117.0,115.8,115.9,752.176
2022-05-21 05:30:00,115.9,116.7,115.9,116.6,828.389
2022-05-21 06:00:00,116.7,116.9,116.1,116.8,446.159
2022-05-21 06:30:00,116.8,117.1,116.5,116.8,749.397
2022-05-21 07:00:00,116.9,117.8,116.7,117.4,1444.123
2022-05-21 07:30:00,117.5,118.3,117.2,118.2,1368.147
2022-05-21 08:00:00,118.2,118.7,117.7,117.9,1736.817
2022-05-21 08:30:00,117.8,118.0,117.1,117.6,545.529
2022-05-21 09:00:00,117.7,117.8,116.7,116.8,269.575
2022-05-21 09:30:00,116.7,117.2,116.3,116.9,768.223
2022-05-21 10:00:00,117.2,117.8,116.7,116.7,790.086
2022-05-21 10:30:00,116.7,117.5,116.7,117.2,330.162
2022-05-21 11:00:00,117.1,117.1,116.1,116.2,650.484
2022-05-21 11:30:00,116.2,116.7,115.7,116.6,748.023
2022-05-21 12:00:00,116.6,117.3,116.1,116.3,1196.4
2022-05-21 12:30:00,116.4,116.8,115.8,116.5,552.032
2022-05-21 13:00:00,116.5,116.7,116.2,116.3,347.295
2022-05-21 13:30:00,116.5,117.2,116.3,116.3,725.838
2022-05-21 14:00:00,116.4,116.9,115.9,116.1,600.12
2022-05-21 14:30:00,116.1,117.1,115.7,116.7,1488.743
2022-05-21 15:00:00,116.6,117.5,116.2,116.2,1050.827
2022-05-21 15:30:00,116.2,117.2,116.1,117.1,561.751
2022-05-21 16:00:00,117.1,117.6,116.1,116.7,1460.786
2022-05-21 16:30:00,116.7,117.1,116.5,116.6,341.263
2022-05-21 17:00:00,116.6,116.8,116.0,116.4,297.887
2022-05-21 17:30:00,116.3,116.7,116.3,116.5,1017.39
2022-05-21 18:00:00,116.5,116.7,116.2,116.4,371.944
2022-05-21 18:30:00,116.4,116.6,116.0,116.4,750.8
2022-05-21 19:00:00,116.5,117.0,115.9,116.0,1034.877
2022-05-21 19:30:00,116.0,116.5,115.8,116.1,578.919
2022-05-21 20:00:00,116.1,116.7,116.1,116.6,259.082
2022-05-21 20:30:00,116.5,116.5,115.8,116.0,268.396
2022-05-21 21:00:00,116.0,116.3,115.9,116.2,305.963
2022-05-21 21:30:00,116.2,116.2,115.7,115.7,248.579
2022-05-21 22:00:00,115.6,115.9,115.5,115.8,610.574
2022-05-21 22:30:00,115.9,116.5,115.9,116.5,532.275
2022-05-21 23:00:00,116.5,117.5,116.4,117.4,933.279
2022-05-21 23:30:00,117.5,117.5,116.4,116.5,321.047
2022-05-22 00:00:00,116.5,116.8,116.2,116.3,697.932
2022-05-22 00:30:00,116.4,116.8,116.3,116.6,263.029
2022-05-22 01:00:00,116.7,117.0,116.4,116.5,1388.574
2022-05-22 01:30:00,116.5,117.1,116.4,116.9,369.16
2022-05-22 02:00:00,116.9,117.5,116.8,117.4,1177.104
2022-05-22 02:30:00,117.4,117.4,116.2,116.4,797.6
2022-05-22 03:00:00,116.4,117.2,116.2,117.1,425.385
2022-05-22 03:30:00,117.3,117.3,116.6,116.9,324.149
2022-05-22 04:00:00,116.9,117.2,116.3,116.3,130.972
2022-05-22 04:30:00,116.3,116.9,116.3,116.6,266.048
2022-05-22 05:00:00,116.4,117.0,116.3,117.0,247.479
2022-05-22 05:30:00,117.0,117.2,116.8,117.0,343.049
2022-05-22 06:00:00,117.1,117.6,116.8,117.4,527.655
2022-05-22 06:30:00,117.5,119.8,117.5,119.0,3604.756
2022-05-22 07:00:00,119.0,119.1,118.2,118.6,609.382
2022-05-22 07:30:00,118.5,119.5,118.0,119.4,3153.843
2022-05-22 08:00:00,119.4,119.4,118.5,118.9,976.268
2022-05-22 08:30:00,119.0,119.6,118.6,119.4,1050.441
2022-05-22 09:00:00,119.5,121.9,119.3,121.0,5315.266
2022-05-22 09:30:00,120.9,121.9,120.1,120.9,2116.626
2022-05-22 10:00:00,121.0,121.5,120.3,120.4,887.483
2022-05-22 10:30:00,120.4,120.6,120.0,120.3,449.331
2022-05-22 11:00:00,120.3,120.6,119.0,119.0,2020.089
2022-05-22 11:30:00,119.1,119.1,118.4,118.6,1041.228
2022-05-22 12:00:00,118.8,119.5,118.8,119.1,660.629
2022-05-22 12:30:00,119.3,119.4,118.4,119.1,906.642
2022-05-22 13:00:00,119.1,119.9,118.9,119.2,977.49
2022-05-22 13:30:00,119.1,119.4,118.3,118.5,519.141
2022-05-22 14:00:00,118.5,119.4,118.5,119.2,443.132
2022-05-22 14:30:00,119.4,119.5,118.3,118.7,459.601
2022-05-22 15:00:00,118.9,119.4,118.3,119.0,788.914
2022-05-22 15:30:00,118.9,119.3,118.7,118.8,700.576
2022-05-22 16:00:00,118.8,118.8,117.2,118.0,907.818
2022-05-22 16:30:00,118.0,118.2,117.7,117.9,239.536
2022-05-22 17:00:00,117.9,118.6,117.7,118.5,1092.271
2022-05-22 17:30:00,118.4,118.4,117.5,117.6,533.71
2022-05-22 18:00:00,117.4,117.7,117.1,117.7,368.244
2022-05-22 18:30:00,117.5,118.0,117.4,117.8,266.531
2022-05-22 19:00:00,117.9,118.2,117.7,117.8,450.753
2022-05-22 19:30:00,117.8,118.2,117.5,117.7,449.54
2022-05-22 20:00:00,117.8,118.3,117.8,118.3,201.964
2022-05-22 20:30:00,118.3,118.5,117.8,117.9,430.913
2022-05-22 21:00:00,117.8,118.3,117.7,118.1,237.307
2022-05-22 21:30:00,117.9,118.5,117.7,118.2,200.519
2022-05-22 22:00:00,118.1,118.4,117.9,118.3,263.398
2022-05-22 22:30:00,118.5,118.8,118.2,118.7,389.701
2022-05-22 23:00:00,118.6,119.3,118.6,119.2,438.904
2022-05-22 23:30:00,119.2,119.7,119.0,119.4,575.583
2022-05-23 00:00:00,119.4,119.6,118.7,118.7,517.761
2022-05-23 00:30:00,118.8,119.7,118.8,119.6,374.336
2022-05-23 01:00:00,119.6,119.6,118.3,118.6,497.375
2022-05-23 01:30:00,118.6,118.6,117.4,117.5,733.29
2022-05-23 02:00:00,117.4,117.5,115.6,115.9,2401.964
2022-05-23 02:30:00,115.8,116.1,115.6,116.0,347.458
2022-05-23 03:00:00,116.0,116.6,116.0,116.5,811.704
2022-05-23 03:30:00,116.5,117.7,116.4,117.7,1370.896
2022-05-23 04:00:00,117.6,125.0,117.5,118.9,3403.542
2022-05-23 04:30:00,118.8,125.0,118.8,120.1,3730.279
2022-05-23 05:00:00,120.2,120.6,119.4,120.2,1035.562
2022-05-23 05:30:00,120.3,120.6,120.0,120.2,823.197
2022-05-23 06:00:00,120.3,120.5,119.8,120.1,568.054
2022-05-23 06:30:00,120.0,120.6,119.8,120.4,468.443
2022-05-23 07:00:00,120.2,120.4,119.8,120.0,349.056
2022-05-23 07:30:00,120.0,120.2,118.6,118.8,1713.293
2022-05-23 08:00:00,118.9,119.2,118.0,118.7,1118.034
2022-05-23 08:30:00,118.7,118.7,117.8,117.9,400.644
2022-05-23 09:00:00,118.0,118.7,117.9,118.1,597.478
2022-05-23 09:30:00,118.1,119.0,118.1,118.8,839.354
2022-05-23 10:00:00,118.8,119.0,118.4,118.5,374.913
2022-05-23 10:30:00,118.4,119.0,118.1,118.5,467.589
2022-05-23 11:00:00,118.5,118.9,117.9,118.8,1315.38
2022-05-23 11:30:00,118.8,118.9,118.2,118.5,316.682
2022-05-23 12:00:00,118.4,118.9,118.3,118.8,661.269
2022-05-23 12:30:00,118.7,118.7,118.0,118.3,697.044
2022-05-23 13:00:00,118.2,118.9,117.7,118.5,899.004
2022-05-23 13:30:00,118.4,118.8,117.4,117.9,1306.477
2022-05-23 14:00:00,117.8,118.6,116.8,118.0,1683.769
2022-05-23 14:30:00,118.1,118.6,118.0,118.4,292.596
2022-05-23 15:00:00,118.4,119.8,118.4,119.4,1321.577
2022-05-23 15:30:00,119.6,119.9,118.6,118.8,1234.551
2022-05-23 16:00:00,118.8,119.8,118.7,119.3,955.537
2022-05-23 16:30:00,119.2,119.4,118.4,118.6,788.464
2022-05-23 17:00:00,118.5,118.7,118.0,118.3,544.684
2022-05-23 17:30:00,118.2,118.8,117.8,118.1,586.497
2022-05-23 18:00:00,118.0,118.4,117.7,117.7,411.69
2022-05-23 18:30:00,117.6,118.5,117.5,117.5,640.158
2022-05-23 19:00:00,117.5,117.8,115.8,116.7,2662.635
2022-05-23 19:30:00,116.6,117.1,115.6,115.6,704.135
2022-05-23 20:00:00,115.6,116.3,115.5,116.2,757.478
2022-05-23 20:30:00,116.2,116.5,115.6,116.1,669.665
2022-05-23 21:00:00,116.0,116.6,115.8,116.4,205.087
2022-05-23 21:30:00,116.3,116.7,115.9,115.9,363.185
2022-05-23 22:00:00,115.9,116.6,113.2,114.2,7996.847
2022-05-23 22:30:00,114.2,115.0,113.1,114.4,1943.053
2022-05-23 23:00:00,114.2,114.9,112.3,114.6,2363.875
2022-05-23 23:30:00,114.8,115.6,114.7,115.4,778.111
2022-05-24 00:00:00,115.4,115.9,114.5,115.5,1083.522
2022-05-24 00:30:00,115.6,116.6,115.4,115.5,1319.407
2022-05-24 01:00:00,115.7,116.4,115.5,116.3,651.902
2022-05-24 01:30:00,116.3,117.0,116.2,116.5,964.833
2022-05-24 02:00:00,116.5,117.4,116.4,117.0,589.831
2022-05-24 02:30:00,117.0,117.0,116.5,116.7,223.649
2022-05-24 03:00:00,116.8,117.4,116.6,117.0,330.258
2022-05-24 03:30:00,117.0,118.0,117.0,117.9,768.277
2022-05-24 04:00:00,117.9,118.7,117.6,118.1,1630.951
2022-05-24 04:30:00,118.2,118.2,117.4,117.4,215.138
2022-05-24 05:00:00,117.3,117.3,116.9,117.1,346.757
2022-05-24 05:30:00,117.3,117.3,115.5,116.0,1648.733
2022-05-24 06:00:00,116.0,116.4,116.0,116.4,451.38
2022-05-24 06:30:00,116.4,116.6,115.6,116.1,534.475
2022-05-24 07:00:00,116.2,116.8,116.1,116.3,420.063
2022-05-24 07:30:00,116.4,117.1,116.4,116.9,346.324
2022-05-24 08:00:00,116.8,116.8,115.9,116.0,501.421
2022-05-24 08:30:00,116.0,116.0,114.4,114.4,1228.007
2022-05-24 09:00:00,114.4,116.6,114.3,114.8,3588.36
2022-05-24 09:30:00,114.8,115.4,113.3,114.4,2639.125
2022-05-24 10:00:00,114.4,115.3,114.4,115.2,1155.666
2022-05-24 10:30:00,115.2,116.1,114.8,115.8,1362.985
2022-05-24 11:00:00,115.7,116.2,115.0,115.0,693.07
2022-05-24 11:30:00,115.0,115.9,114.9,115.7,379.709
2022-05-24 12:00:00,115.9,115.9,114.4,114.9,726.603
2022-05-24 12:30:00,114.7,115.1,114.3,114.8,560.811
2022-05-24 13:00:00,114.7,114.7,113.4,113.8,1226.131
2022-05-24 13:30:00,113.7,115.7,113.7,114.5,2137.392
2022-05-24 14:00:00,114.2,115.7,113.8,115.2,1464.882
2022-05-24 14:30:00,115.1,115.9,114.9,115.5,1615.871
2022-05-24 15:00:00,115.6,116.2,115.1,116.0,1266.603
2022-05-24 15:30:00,116.1,116.6,115.7,115.9,1529.992
2022-05-24 16:00:00,116.1,117.0,116.0,116.1,1646.277
2022-05-24 16:30:00,116.0,116.5,115.3,116.3,1883.874
2022-05-24 17:00:00,116.2,116.8,116.0,116.5,1246.479
2022-05-24 17:30:00,116.5,117.6,116.4,117.3,1217.124
2022-05-24 18:00:00,117.3,117.6,116.6,116.6,530.765
2022-05-24 18:30:00,116.7,116.8,116.2,116.5,403.976
2022-05-24 19:00:00,116.5,117.9,116.3,117.7,1539.855
2022-05-24 19:30:00,117.5,118.5,117.4,118.3,2052.249
2022-05-24 20:00:00,118.3,118.7,117.5,117.7,1180.123
2022-05-24 20:30:00,117.8,118.0,117.1,117.9,491.394
2022-05-24 21:00:00,118.0,119.0,118.0,118.7,965.552
2022-05-24 21:30:00,118.7,119.0,118.0,118.8,390.382
2022-05-24 22:00:00,118.9,119.3,118.4,118.8,1351.132
2022-05-24 22:30:00,118.8,119.2,118.5,118.9,512.861
2022-05-24 23:00:00,119.0,119.6,118.4,118.5,983.568
2022-05-24 23:30:00,118.4,118.6,118.3,118.4,251.353
2022-05-25 00:00:00,118.5,118.6,117.5,117.5,517.558
2022-05-25 00:30:00,117.5,118.5,117.5,117.7,752.827
2022-05-25 01:00:00,117.7,118.3,117.2,117.3,769.448
2022-05-25 01:30:00,117.4,118.3,117.3,118.3,1085.604
2022-05-25 02:00:00,118.4,119.7,118.1,119.4,1928.012
2022-05-25 02:30:00,119.3,119.4,118.7,119.0,2396.529
2022-05-25 03:00:00,119.2,119.6,118.3,118.9,956.691
2022-05-25 03:30:00,118.7,119.4,118.4,119.1,731.564
2022-05-25 04:00:00,119.2,119.3,117.8,117.9,955.67
2022-05-25 04:30:00,117.9,118.2,117.7,117.7,931.803
2022-05-25 05:00:00,117.7,118.2,117.5,118.1,251.937
2022-05-25 05:30:00,118.1,118.6,117.2,118.5,1820.551
2022-05-25 06:00:00,118.4,119.1,117.8,118.4,3654.162
2022-05-25 06:30:00,118.4,119.6,118.1,119.5,3149.95
2022-05-25 07:00:00,119.4,119.8,118.7,118.7,961.728
2022-05-25 07:30:00,118.7,119.0,118.1,118.4,1004.663
2022-05-25 08:00:00,118.4,119.1,117.4,118.3,1688.273
2022-05-25 08:30:00,118.4,118.9,117.8,118.8,786.256
2022-05-25 09:00:00,118.8,118.9,117.6,118.3,1894.195
2022-05-25 09:30:00,118.3,118.7,118.0,118.0,285.402
2022-05-25 10:00:00,118.1,118.4,117.7,118.4,394.336
2022-05-25 10:30:00,118.4,118.9,118.1,118.4,883.746
2022-05-25 11:00:00,118.4,118.9,117.1,117.3,1463.677
2022-05-25 11:30:00,117.3,118.2,117.1,117.8,710.299
2022-05-25 12:00:00,117.7,118.1,117.1,117.7,493.249
2022-05-25 12:30:00,117.6,118.3,117.5,118.3,510.526
2022-05-25 13:00:00,118.2,118.5,118.0,118.1,385.496
2022-05-25 13:30:00,118.5,118.8,118.1,118.6,653.219
2022-05-25 14:00:00,118.6,119.0,118.1,118.8,895.181
2022-05-25 14:30:00,118.9,119.0,117.6,118.1,487.959
2022-05-25 15:00:00,118.2,118.4,117.7,118.1,409.478
2022-05-25 15:30:00,118.0,118.5,117.7,118.3,407.303
2022-05-25 16:00:00,118.2,118.5,117.2,117.8,482.086
2022-05-25 16:30:00,117.9,118.0,117.5,118.0,176.452
2022-05-25 17:00:00,117.9,118.4,117.9,118.2,450.814
2022-05-25 17:30:00,118.3,118.3,117.8,118.2,621.309
2022-05-25 18:00:00,118.0,119.0,117.8,118.6,1122.071
2022-05-25 18:30:00,118.5,118.9,118.4,118.8,620.782
2022-05-25 19:00:00,118.8,118.9,118.2,118.6,466.15
2022-05-25 19:30:00,118.5,118.9,118.5,118.6,80.847
2022-05-25 20:00:00,118.6,118.9,117.6,117.7,450.55
2022-05-25 20:30:00,117.7,117.9,117.1,117.8,824.893
2022-05-25 21:00:00,118.0,118.0,117.7,117.9,83.714
2022-05-25 21:30:00,118.0,118.3,117.9,118.3,244.611
2022-05-25 22:00:00,118.3,118.4,118.1,118.1,70.71
2022-05-25 22:30:00,118.1,118.3,117.9,118.3,68.304
2022-05-25 23:00:00,118.2,118.2,117.4,117.8,285.927
2022-05-25 23:30:00,117.8,117.8,117.6,117.8,63.694
2022-05-26 00:00:00,117.8,118.6,117.7,118.4,455.715
2022-05-26 00:30:00,118.5,118.6,117.9,117.9,229.103
2022-05-26 01:00:00,118.1,118.4,117.9,118.3,247.717
2022-05-26 01:30:00,118.1,118.2,117.4,117.5,320.986
2022-05-26 02:00:00,117.5,117.9,117.5,117.8,491.635
2022-05-26 02:30:00,117.8,118.0,117.7,117.9,253.819
2022-05-26 03:00:00,117.8,117.9,117.4,117.6,58.897
2022-05-26 03:30:00,117.6,117.9,117.4,117.4,354.955
2022-05-26 04:00:00,117.4,117.5,117.2,117.3,160.452
2022-05-26 04:30:00,117.3,117.3,116.0,116.6,1733.317
2022-05-26 05:00:00,116.7,117.1,116.5,116.9,182.604
2022-05-26 05:30:00,116.9,116.9,116.1,116.5,463.014
2022-05-26 06:00:00,116.5,116.8,116.1,116.3,528.265
2022-05-26 06:30:00,116.2,116.9,116.2,116.8,252.916
2022-05-26 07:00:00,116.8,117.0,116.3,117.0,557.578
2022-05-26 07:30:00,117.0,117.9,116.9,117.6,1052.76
2022-05-26 08:00:00,117.7,117.8,116.1,116.3,1053.404
2022-05-26 08:30:00,116.3,116.5,114.9,115.0,2066.58
2022-05-26 09:00:00,114.9,115.2,113.6,115.2,3367.763
2022-05-26 09:30:00,115.3,116.9,114.7,115.7,2816.059
2022-05-26 10:00:00,115.7,115.7,114.5,114.9,711.147
2022-05-26 10:30:00,114.8,115.0,114.1,114.2,867.098
2022-05-26 11:00:00,114.2,114.6,113.2,113.8,2254.36
2022-05-26 11:30:00,113.9,114.3,113.3,114.2,1229.406
2022-05-26 12:00:00,114.0,114.4,113.0,113.0,1418.049
2022-05-26 12:30:00,113.0,113.2,112.3,112.9,1789.392
2022-05-26 13:00:00,112.9,113.4,110.1,110.2,5009.232
2022-05-26 13:30:00,110.1,113.4,110.1,111.7,4964.401
2022-05-26 14:00:00,111.6,114.1,110.7,112.6,4361.698
2022-05-26 14:30:00,112.6,113.2,111.9,112.2,1138.056
2022-05-26 15:00:00,112.3,113.2,111.4,111.5,2775.664
2022-05-26 15:30:00,111.5,114.0,111.1,113.6,3977.002
2022-05-26 16:00:00,113.7,115.3,113.7,115.1,1813.76
2022-05-26 16:30:00,115.1,115.4,113.4,113.8,1155.035
2022-05-26 17:00:00,113.8,114.0,112.7,113.0,549.107
2022-05-26 17:30:00,112.8,113.4,112.0,112.5,1188.347
2022-05-26 18:00:00,112.5,112.5,111.4,111.5,2828.505
2022-05-26 18:30:00,111.6,111.6,109.2,111.2,2426.105
2022-05-26 19:00:00,111.2,111.4,109.0,110.4,3106.552
2022-05-26 19:30:00,110.3,112.8,109.3,110.5,4104.544
2022-05-26 20:00:00,110.5,112.4,110.2,112.1,2406.683
2022-05-26 20:30:00,112.2,112.8,111.0,111.5,2852.544
2022-05-26 21:00:00,111.4,112.6,111.4,112.3,2292.83
2022-05-26 21:30:00,112.3,113.0,112.3,112.6,929.726
2022-05-26 22:00:00,112.6,113.0,112.5,112.5,227.53
2022-05-26 22:30:00,112.5,112.9,112.1,112.2,949.033
2022-05-26 23:00:00,112.1,113.0,112.0,112.2,1005.63
2022-05-26 23:30:00,112.3,112.9,111.7,112.3,1244.511
2022-05-27 00:00:00,112.3,112.9,112.0,112.7,1515.848
2022-05-27 00:30:00,112.6,112.8,112.0,112.0,2297.433
2022-05-27 01:00:00,112.0,112.4,111.3,111.4,1326.586
2022-05-27 01:30:00,111.3,112.1,111.0,111.3,1094.132
2022-05-27 02:00:00,111.0,112.6,110.7,112.4,3086.783
2022-05-27 02:30:00,112.4,112.4,110.8,111.2,3425.893
2022-05-27 03:00:00,111.1,113.9,111.0,113.5,2418.113
2022-05-27 03:30:00,113.6,115.4,113.3,115.0,4589.587
2022-05-27 04:00:00,115.0,117.1,114.2,115.2,5886.83
2022-05-27 04:30:00,115.2,116.4,114.2,115.6,2042.168
2022-05-27 05:00:00,115.3,125.8,114.8,121.3,51661.347
2022-05-27 05:30:00,121.4,123.5,117.1,122.1,29519.616
2022-05-27 06:00:00,122.1,136.9,119.5,129.7,69313.037
2022-05-27 06:30:00,129.7,130.2,125.8,127.2,18609.686
2022-05-27 07:00:00,127.1,129.4,126.7,127.3,7453.852
2022-05-27 07:30:00,127.4,129.0,126.0,127.2,8085.825
2022-05-27 08:00:00,127.2,127.4,125.5,126.7,4130.531
2022-05-27 08:30:00,126.7,128.8,126.1,126.5,4247.23
2022-05-27 09:00:00,126.4,127.0,125.6,126.1,2275.09
2022-05-27 09:30:00,126.1,131.0,125.1,127.3,7436.593
2022-05-27 10:00:00,127.2,129.1,127.1,128.4,2664.869
2022-05-27 10:30:00,128.3,128.5,126.7,127.4,2010.215
2022-05-27 11:00:00,127.3,127.9,125.4,127.6,4095.254
2022-05-27 11:30:00,127.4,133.3,126.8,130.6,37080.819
2022-05-27 12:00:00,130.7,133.3,130.1,130.3,6617.029
2022-05-27 12:30:00,130.2,133.7,130.0,130.6,13288.568
2022-05-27 13:00:00,130.5,131.9,130.1,131.1,2530.845
2022-05-27 13:30:00,131.3,132.5,130.0,130.8,3338.221
2022-05-27 14:00:00,130.8,132.1,129.7,131.1,11056.621
2022-05-27 14:30:00,131.1,132.1,128.2,129.2,10366.612
2022-05-27 15:00:00,129.2,129.8,127.9,128.5,5809.294
2022-05-27 15:30:00,128.3,130.7,127.9,128.7,9655.903
2022-05-27 16:00:00,128.8,131.2,128.0,129.1,8257.784
2022-05-27 16:30:00,129.1,129.7,128.4,128.9,3058.697
2022-05-27 17:00:00,129.0,129.4,127.9,128.8,2834.054
2022-05-27 17:30:00,128.7,129.4,128.3,128.6,2280.552
2022-05-27 18:00:00,128.7,130.4,128.4,129.3,2522.303
2022-05-27 18:30:00,129.3,129.9,128.8,129.3,1817.964
2022-05-27 19:00:00,129.3,131.3,128.9,130.2,2341.856
2022-05-27 19:30:00,130.2,131.0,129.6,130.8,2357.933
2022-05-27 20:00:00,130.8,130.9,129.5,130.6,2241.942
2022-05-27 20:30:00,130.5,133.0,130.4,131.2,6014.039
2022-05-27 21:00:00,131.3,132.5,130.2,131.3,2314.323
2022-05-27 21:30:00,131.3,132.2,130.9,131.7,959.523
2022-05-27 22:00:00,131.6,132.1,130.6,131.9,1398.808
2022-05-27 22:30:00,132.0,132.0,130.9,130.9,1038.689
2022-05-27 23:00:00,131.0,131.6,130.0,131.3,1741.938
2022-05-27 23:30:00,131.2,131.4,129.9,130.2,1308.524
2022-05-28 00:00:00,130.2,131.9,129.6,131.9,2731.603
2022-05-28 00:30:00,131.8,133.0,131.2,132.2,3494.85
2022-05-28 01:00:00,132.3,132.5,131.0,131.3,12581.441
2022-05-28 01:30:00,131.3,131.8,130.9,131.0,5935.674
2022-05-28 02:00:00,131.0,131.9,130.4,131.6,1604.491
2022-05-28 02:30:00,131.4,131.4,130.2,130.3,851.079
2022-05-28 03:00:00,130.3,131.0,128.4,129.7,3102.689
2022-05-28 03:30:00,129.7,132.2,129.6,132.0,4018.974
2022-05-28 04:00:00,131.7,132.2,131.1,132.0,2232.575
2022-05-28 04:30:00,131.9,132.0,130.8,131.1,2398.274
2022-05-28 05:00:00,131.1,132.6,131.0,132.3,2278.29
2022-05-28 05:30:00,132.3,132.6,131.4,132.3,3123.172
2022-05-28 06:00:00,132.1,140.0,132.0,134.4,39603.891
2022-05-28 06:30:00,134.5,135.1,132.1,133.2,7127.296
2022-05-28 07:00:00,133.2,133.5,132.2,133.4,2402.334
2022-05-28 07:30:00,133.4,134.1,132.5,132.8,3159.97
2022-05-28 08:00:00,132.7,135.1,132.5,133.4,1869.976
2022-05-28 08:30:00,133.4,133.9,132.8,133.1,1306.183
2022-05-28 09:00:00,133.1,133.7,132.8,133.5,2116.354
2022-05-28 09:30:00,133.4,134.8,133.1,134.8,1980.874
2022-05-28 10:00:00,134.6,135.0,133.5,134.3,3949.078
2022-05-28 10:30:00,134.3,135.0,133.9,134.7,2072.427
2022-05-28 11:00:00,134.8,135.8,133.9,134.0,2094.425
2022-05-28 11:30:00,134.1,134.9,133.1,133.7,2546.572
2022-05-28 12:00:00,133.8,134.4,132.7,133.1,2490.981
2022-05-28 12:30:00,133.1,134.3,133.0,133.6,962.84
2022-05-28 13:00:00,133.5,133.7,132.6,133.0,1230.854
2022-05-28 13:30:00,133.0,133.2,131.4,132.3,1933.825
2022-05-28 14:00:00,132.5,133.1,132.0,132.2,1965.498
2022-05-28 14:30:00,132.2,132.7,131.3,132.1,1303.843
2022-05-28 15:00:00,132.2,133.1,131.8,132.8,861.525
2022-05-28 15:30:00,132.9,134.0,132.6,133.5,1198.846
2022-05-28 16:00:00,133.4,134.3,133.1,133.9,1087.749
2022-05-28 16:30:00,134.0,134.1,132.8,132.8,966.148
2022-05-28 17:00:00,132.9,133.8,131.1,131.8,3240.148
2022-05-28 17:30:00,131.8,132.9,131.7,132.0,1067.565
2022-05-28 18:00:00,132.1,132.9,131.8,132.8,803.044
2022-05-28 18:30:00,132.8,136.2,132.7,133.4,4024.613
2022-05-28 19:00:00,133.2,133.2,132.6,132.8,918.213
2022-05-28 19:30:00,132.8,133.7,132.7,133.0,1069.42
2022-05-28 20:00:00,133.1,133.1,132.5,132.8,663.828
2022-05-28 20:30:00,132.7,133.2,132.5,133.0,353.044
2022-05-28 21:00:00,133.0,133.1,132.7,133.1,112.099
2022-05-28 21:30:00,133.2,133.6,132.8,133.1,629.163
2022-05-28 22:00:00,133.1,133.6,133.0,133.3,134.881
2022-05-28 22:30:00,133.2,133.3,133.0,133.0,116.783
2022-05-28 23:00:00,133.0,133.8,132.5,133.0,659.585
2022-05-28 23:30:00,133.0,133.3,132.7,133.2,296.07
2022-05-29 00:00:00,133.2,133.6,132.7,133.3,388.3
2022-05-29 00:30:00,133.3,134.0,133.2,133.7,1435.049
2022-05-29 01:00:00,133.7,134.6,133.2,133.8,2065.722
2022-05-29 01:30:00,133.7,134.2,133.5,133.8,614.251
2022-05-29 02:00:00,133.8,134.6,133.7,134.4,937.921
2022-05-29 02:30:00,134.4,134.5,132.5,133.1,1006.443
2022-05-29 03:00:00,133.0,133.3,132.1,133.2,918.954
2022-05-29 03:30:00,133.1,133.3,132.3,132.4,494.299
2022-05-29 04:00:00,132.4,133.3,131.5,132.1,965.111
2022-05-29 04:30:00,132.0,132.0,131.5,131.7,371.848
2022-05-29 05:00:00,131.7,132.8,131.4,132.5,1007.192
2022-05-29 05:30:00,132.4,133.8,132.3,133.0,1022.474
2022-05-29 06:00:00,133.1,134.5,132.7,133.2,861.824
2022-05-29 06:30:00,133.2,134.0,131.8,132.1,1816.897
2022-05-29 07:00:00,132.0,132.4,131.0,131.9,4991.768
2022-05-29 07:30:00,131.9,132.2,130.9,131.2,9596.028
2022-05-29 08:00:00,131.2,131.4,129.7,130.7,4548.464
2022-05-29 08:30:00,130.9,131.6,130.3,130.6,1706.592
2022-05-29 09:00:00,130.6,131.3,129.6,130.9,4712.548
2022-05-29 09:30:00,130.9,131.1,128.3,128.7,5697.453
2022-05-29 10:00:00,128.7,131.1,128.6,129.7,4611.11
2022-05-29 10:30:00,129.8,130.1,129.3,129.9,893.4
2022-05-29 11:00:00,129.8,130.9,129.5,129.7,1569.722
2022-05-29 11:30:00,129.6,129.8,129.3,129.6,373.1
2022-05-29 12:00:00,129.6,130.8,129.4,129.8,3700.731
2022-05-29 12:30:00,129.8,130.0,129.0,129.6,756.012
2022-05-29 13:00:00,129.8,129.9,128.8,129.5,1548.52
2022-05-29 13:30:00,129.5,129.5,127.6,128.9,1897.741
2022-05-29 14:00:00,128.9,129.1,126.2,128.3,4345.223
2022-05-29 14:30:00,128.3,128.9,128.0,128.3,1597.482
2022-05-29 15:00:00,128.2,128.2,127.0,127.2,2435.043
2022-05-29 15:30:00,127.3,127.9,126.6,126.7,2271.629
2022-05-29 16:00:00,126.8,128.8,126.7,127.6,2819.263
2022-05-29 16:30:00,127.7,128.3,126.6,126.8,2498.607
2022-05-29 17:00:00,126.7,127.0,124.5,125.5,3948.246
2022-05-29 17:30:00,125.7,126.3,125.2,125.3,1100.085
2022-05-29 18:00:00,125.2,125.9,125.1,125.4,808.867
2022-05-29 18:30:00,125.4,125.6,124.4,125.3,1989.05
2022-05-29 19:00:00,125.4,128.3,125.2,126.2,4077.856
2022-05-29 19:30:00,126.3,126.7,125.6,126.3,745.871
2022-05-29 20:00:00,126.1,127.0,125.9,126.5,929.543
2022-05-29 20:30:00,126.4,126.5,125.7,126.1,1200.902
2022-05-29 21:00:00,126.0,126.4,125.7,126.3,436.582
2022-05-29 21:30:00,126.3,127.5,126.0,127.1,902.275
2022-05-29 22:00:00,127.3,127.6,126.6,126.8,1584.927
2022-05-29 22:30:00,126.8,126.9,126.4,126.5,762.088
2022-05-29 23:00:00,126.4,126.8,126.0,126.0,642.158
2022-05-29 23:30:00,126.0,126.0,124.6,124.9,2889.344
2022-05-30 00:00:00,124.9,125.1,123.2,124.1,2857.568
2022-05-30 00:30:00,123.9,124.2,122.0,122.6,2868.187
2022-05-30 01:00:00,122.7,123.5,122.2,123.3,2394.045
2022-05-30 01:30:00,123.4,126.1,123.3,126.1,4431.645
2022-05-30 02:00:00,126.1,129.9,126.1,127.1,9962.903
2022-05-30 02:30:00,127.2,127.5,125.9,127.2,4731.033
2022-05-30 03:00:00,127.4,128.0,125.7,126.7,2567.126
2022-05-30 03:30:00,126.7,127.2,126.3,127.1,1307.901
2022-05-30 04:00:00,127.1,128.0,127.0,127.7,2105.219
2022-05-30 04:30:00,127.8,128.0,127.0,127.8,1058.815
2022-05-30 05:00:00,127.9,128.7,127.2,127.6,1871.065
2022-05-30 05:30:00,127.6,128.1,126.9,128.1,1549.962
2022-05-30 06:00:00,128.0,132.9,127.2,130.5,6904.006
2022-05-30 06:30:00,130.5,130.9,128.7,129.2,4274.159
2022-05-30 07:00:00,129.2,130.5,128.6,129.7,2682.807
2022-05-30 07:30:00,129.7,130.2,129.3,129.5,1323.44
2022-05-30 08:00:00,129.4,130.2,128.7,130.0,2241.884
2022-05-30 08:30:00,129.9,130.2,124.7,126.2,8556.655
2022-05-30 09:00:00,126.1,127.2,125.3,126.8,2518.467
2022-05-30 09:30:00,126.8,128.0,126.2,127.9,2693.328
2022-05-30 10:00:00,128.0,128.0,126.2,126.6,1633.281
2022-05-30 10:30:00,126.7,127.5,126.5,126.7,889.841
2022-05-30 11:00:00,126.6,127.2,126.6,126.9,830.413
2022-05-30 11:30:00,126.8,126.9,124.7,124.9,1865.452
2022-05-30 12:00:00,125.0,126.5,124.3,124.3,2026.629
2022-05-30 12:30:00,124.4,125.8,123.4,125.4,2506.875
2022-05-30 13:00:00,125.5,125.8,124.4,125.1,815.194
2022-05-30 13:30:00,125.1,125.7,124.6,125.5,976.405
2022-05-30 14:00:00,125.5,126.1,125.2,125.7,1464.921
2022-05-30 14:30:00,125.8,126.0,125.0,125.3,1157.858
2022-05-30 15:00:00,125.2,126.0,125.1,125.6,576.47
2022-05-30 15:30:00,125.7,126.7,125.2,125.7,1366.362
2022-05-30 16:00:00,125.7,126.6,125.4,126.2,1101.824
2022-05-30 16:30:00,126.3,127.4,126.1,126.2,1182.257
2022-05-30 17:00:00,126.3,127.3,126.2,127.1,786.147
2022-05-30 17:30:00,127.2,127.9,126.9,127.1,1039.858
2022-05-30 18:00:00,127.1,128.4,126.2,128.1,4449.863
2022-05-30 18:30:00,128.1,128.9,127.6,128.3,790.083
2022-05-30 19:00:00,128.2,128.6,127.8,128.1,629.402
2022-05-30 19:30:00,128.1,128.1,126.8,127.3,1002.367
2022-05-30 20:00:00,127.4,128.7,126.7,127.6,2355.996
2022-05-30 20:30:00,127.5,127.7,125.9,126.6,1862.498
2022-05-30 21:00:00,126.7,128.6,126.3,127.5,1677.747
2022-05-30 21:30:00,127.7,128.9,127.6,128.9,905.433
2022-05-30 22:00:00,128.9,129.1,127.0,127.4,727.62
2022-05-30 22:30:00,127.3,128.4,127.2,128.2,958.143
2022-05-30 23:00:00,128.3,128.4,127.4,128.3,827.549
2022-05-30 23:30:00,128.0,128.3,127.6,128.0,573.035
2022-05-31 00:00:00,128.0,128.9,127.5,128.1,950.53
2022-05-31 00:30:00,128.2,128.6,127.9,128.5,960.222
2022-05-31 01:00:00,128.5,128.5,127.6,127.6,1204.118
2022-05-31 01:30:00,127.6,128.4,126.3,128.4,1666.651
2022-05-31 02:00:00,128.3,128.9,127.0,127.8,1451.109
2022-05-31 02:30:00,127.8,128.0,127.0,127.2,1407.148
2022-05-31 03:00:00,127.3,127.9,127.0,127.0,698.022
2022-05-31 03:30:00,127.0,127.3,126.8,126.9,1105.734
2022-05-31 04:00:00,126.9,127.5,126.0,126.2,3294.769
2022-05-31 04:30:00,126.3,126.7,125.8,126.0,1087.56
2022-05-31 05:00:00,125.9,126.7,125.5,126.1,1212.298
2022-05-31 05:30:00,126.1,126.3,125.0,125.1,971.839
2022-05-31 06:00:00,125.0,125.6,124.0,124.8,1800.261
2022-05-31 06:30:00,124.8,125.5,124.1,125.3,1400.524
2022-05-31 07:00:00,125.2,126.0,124.7,125.5,1725.823
2022-05-31 07:30:00,125.6,125.8,125.0,125.7,790.797
2022-05-31 08:00:00,125.8,126.0,125.3,125.3,452.863
2022-05-31 08:30:00,125.4,125.7,124.9,124.9,297.678
2022-05-31 09:00:00,125.0,125.1,124.1,124.5,1090.813
2022-05-31 09:30:00,124.5,125.1,124.0,124.2,1132.775
2022-05-31 10:00:00,124.3,125.1,123.8,123.9,1012.775
2022-05-31 10:30:00,123.9,124.8,123.8,124.5,483.069
2022-05-31 11:00:00,124.5,125.0,124.2,124.6,487.18
2022-05-31 11:30:00,124.5,125.0,124.3,124.4,502.59
2022-05-31 12:00:00,124.4,124.5,123.7,123.7,405.582
2022-05-31 12:30:00,123.7,123.9,122.1,123.3,1568.872
2022-05-31 13:00:00,123.5,124.6,122.9,124.0,1145.893
2022-05-31 13:30:00,123.9,123.9,122.2,122.5,2107.193
2022-05-31 14:00:00,122.6,127.1,121.3,125.6,5305.17
2022-05-31 14:30:00,125.6,127.0,125.1,125.3,3309.042
2022-05-31 15:00:00,125.5,126.6,124.3,125.9,1380.882
2022-05-31 15:30:00,125.8,127.1,124.8,126.2,3148.249
2022-05-31 16:00:00,126.2,127.1,125.2,126.5,1637.375
2022-05-31 16:30:00,126.4,127.0,125.8,126.3,540.626
2022-05-31 17:00:00,126.2,126.7,125.0,125.2,969.274
2022-05-31 17:30:00,125.1,126.1,124.9,125.7,776.635
2022-05-31 18:00:00,125.5,126.0,125.0,125.1,490.618
2022-05-31 18:30:00,125.2,125.2,124.1,124.4,764.988
2022-05-31 19:00:00,124.5,125.4,124.2,124.5,494.53
2022-05-31 19:30:00,124.5,125.1,124.1,124.7,544.24
2022-05-31 20:00:00,124.5,125.0,124.1,124.6,350.488
2022-05-31 20:30:00,124.6,125.5,124.6,125.3,1185.055
2022-05-31 21:00:00,125.5,125.6,125.1,125.1,104.513
2022-05-31 21:30:00,125.1,125.6,125.1,125.4,111.943
2022-05-31 22:00:00,125.6,126.0,125.3,125.9,359.253
2022-05-31 22:30:00,125.9,126.3,125.7,126.0,442.658
2022-05-31 23:00:00,126.1,126.3,125.6,126.1,205.532
2022-05-31 23:30:00,126.2,126.2,124.9,125.2,476.064
2022-06-01 00:00:00,125.1,125.5,123.5,124.3,1449.972
2022-06-01 00:30:00,124.2,125.1,123.9,124.7,561.159
2022-06-01 01:00:00,124.7,124.9,124.0,124.3,575.08
2022-06-01 01:30:00,124.3,124.6,123.7,124.1,383.931
2022-06-01 02:00:00,124.1,124.4,123.7,124.1,776.454
2022-06-01 02:30:00,124.1,124.6,123.3,123.8,567.824
2022-06-01 03:00:00,123.7,123.9,123.0,123.3,1291.546
2022-06-01 03:30:00,123.3,123.9,122.8,123.6,1061.337
2022-06-01 04:00:00,123.6,123.8,122.8,123.5,1288.724
2022-06-01 04:30:00,123.5,124.2,123.5,123.7,380.854
2022-06-01 05:00:00,123.7,123.9,123.2,123.6,317.129
2022-06-01 05:30:00,123.5,123.7,122.9,123.5,880.399
2022-06-01 06:00:00,123.5,123.9,123.2,123.6,382.413
2022-06-01 06:30:00,123.6,123.7,123.2,123.5,223.029
2022-06-01 07:00:00,123.5,124.0,123.2,123.4,505.478
2022-06-01 07:30:00,123.3,123.6,122.7,122.9,425.453
2022-06-01 08:00:00,123.0,123.5,122.7,123.0,367.584
2022-06-01 08:30:00,123.1,123.9,123.1,123.4,604.364
2022-06-01 09:00:00,123.4,127.3,123.3,125.8,7664.581
2022-06-01 09:30:00,125.8,128.0,124.8,127.4,3605.839
2022-06-01 10:00:00,127.5,127.5,125.4,125.8,1204.316
2022-06-01 10:30:00,125.9,125.9,124.8,125.4,741.928
2022-06-01 11:00:00,125.3,126.6,125.3,126.2,789.341
2022-06-01 11:30:00,126.0,126.6,125.1,126.0,713.335
2022-06-01 12:00:00,126.0,126.1,125.2,125.7,491.873
2022-06-01 12:30:00,125.8,126.5,125.6,126.4,993.003
2022-06-01 13:00:00,126.3,127.0,125.7,126.1,1937.875
2022-06-01 13:30:00,126.1,126.3,125.4,126.0,854.332
2022-06-01 14:00:00,126.0,126.6,125.0,125.0,1731.831
2022-06-01 14:30:00,125.0,125.6,123.0,125.0,2566.013
2022-06-01 15:00:00,125.0,125.9,123.3,124.4,1924.37
2022-06-01 15:30:00,124.4,124.7,123.2,123.3,1002.988
2022-06-01 16:00:00,123.3,125.0,123.0,123.4,1658.113
2022-06-01 16:30:00,123.4,124.8,123.0,124.5,4651.294
2022-06-01 17:00:00,124.5,124.6,123.0,123.9,1643.559
2022-06-01 17:30:00,123.9,125.0,123.5,123.7,933.294
2022-06-01 18:00:00,123.6,124.9,123.5,124.4,1382.307
2022-06-01 18:30:00,124.4,125.5,123.6,124.1,1509.381
2022-06-01 19:00:00,124.1,124.5,123.4,123.6,897.442
2022-06-01 19:30:00,123.8,125.6,123.5,124.0,1671.3
2022-06-01 20:00:00,124.0,124.3,123.0,123.4,816.088
2022-06-01 20:30:00,123.5,123.6,122.0,122.8,2898.218
2022-06-01 21:00:00,122.8,123.1,122.4,122.6,721.971
2022-06-01 21:30:00,122.6,122.6,121.6,121.8,600.685
2022-06-01 22:00:00,121.7,122.1,121.5,122.1,142.161
2022-06-01 22:30:00,122.3,122.8,122.3,122.7,285.13
2022-06-01 23:00:00,122.4,123.6,122.4,123.4,985.59
2022-06-01 23:30:00,123.3,123.6,122.4,122.4,359.807
2022-06-02 00:00:00,122.5,122.9,121.7,122.8,591.272
2022-06-02 00:30:00,122.6,123.0,121.6,121.9,605.235
2022-06-02 01:00:00,121.9,122.3,121.7,122.2,223.598
2022-06-02 01:30:00,122.0,122.8,121.9,122.5,522.558
2022-06-02 02:00:00,122.5,122.9,122.2,122.8,383.507
2022-06-02 02:30:00,122.8,123.3,122.3,123.0,1073.063
2022-06-02 03:00:00,123.0,123.4,122.4,122.7,732.755
2022-06-02 03:30:00,122.6,123.3,122.6,123.1,784.453
2022-06-02 04:00:00,123.0,123.6,122.8,123.3,518.299
2022-06-02 04:30:00,123.2,123.5,123.1,123.3,236.936
2022-06-02 05:00:00,123.3,123.5,122.7,123.2,684.1
2022-06-02 05:30:00,123.1,124.4,122.8,123.9,1036.359
2022-06-02 06:00:00,124.0,124.3,123.3,123.9,1065.778
2022-06-02 06:30:00,123.9,124.1,123.4,124.0,459.731
2022-06-02 07:00:00,124.0,124.3,122.8,123.5,924.242
2022-06-02 07:30:00,123.3,124.0,123.1,123.5,607.164
2022-06-02 08:00:00,123.4,125.0,123.4,124.2,1368.767
2022-06-02 08:30:00,124.3,124.8,123.6,123.6,1044.831
2022-06-02 09:00:00,123.6,124.1,123.4,124.1,699.222
2022-06-02 09:30:00,124.0,124.0,122.5,122.6,996.557
2022-06-02 10:00:00,122.7,123.0,122.3,122.6,785.355
2022-06-02 10:30:00,122.5,123.2,122.5,122.9,401.162
2022-06-02 11:00:00,122.8,123.2,122.6,123.2,444.677
2022-06-02 11:30:00,123.2,123.2,122.6,122.7,520.229
2022-06-02 12:00:00,122.6,122.6,121.2,121.9,2663.448
2022-06-02 12:30:00,122.0,122.1,119.1,120.0,4102.038
2022-06-02 13:00:00,120.1,120.6,118.1,119.4,5040.43
2022-06-02 13:30:00,119.4,122.1,118.8,121.3,3848.553
2022-06-02 14:00:00,121.3,121.8,120.9,121.5,1724.272
2022-06-02 14:30:00,121.4,122.0,121.2,121.9,560.169
2022-06-02 15:00:00,121.9,122.5,121.6,122.1,883.183
2022-06-02 15:30:00,122.0,122.3,121.4,121.6,365.957
2022-06-02 16:00:00,121.7,122.1,121.4,121.8,351.185
2022-06-02 16:30:00,121.8,122.3,121.5,121.8,539.172
2022-06-02 17:00:00,121.9,122.5,121.6,122.2,722.818
2022-06-02 17:30:00,122.1,122.2,121.2,122.2,649.082
2022-06-02 18:00:00,122.2,122.4,121.8,121.8,332.718
2022-06-02 18:30:00,121.9,122.2,121.4,121.5,292.432
2022-06-02 19:00:00,121.6,121.8,121.2,121.7,297.458
2022-06-02 19:30:00,121.6,122.1,121.6,121.9,285.126
2022-06-02 20:00:00,121.8,123.2,121.8,123.1,1146.2
2022-06-02 20:30:00,123.2,124.1,123.0,123.8,1070.104
2022-06-02 21:00:00,123.7,124.0,122.9,122.9,233.694
2022-06-02 21:30:00,123.0,123.7,122.9,123.6,430.435
2022-06-02 22:00:00,123.6,124.0,123.2,123.5,439.001
2022-06-02 22:30:00,123.5,124.0,123.1,123.1,74.634
2022-06-02 23:00:00,123.2,123.6,123.1,123.6,124.442
2022-06-02 23:30:00,123.6,123.8,123.1,123.5,735.577
2022-06-03 00:00:00,123.2,123.2,122.5,122.6,364.726
2022-06-03 00:30:00,122.7,122.9,121.8,122.4,620.438
2022-06-03 01:00:00,122.4,122.9,122.4,122.7,201.585
2022-06-03 01:30:00,122.7,123.2,122.6,122.9,599.72
2022-06-03 02:00:00,122.9,123.5,122.4,122.6,208.796
2022-06-03 02:30:00,122.6,122.9,122.2,122.2,217.293
2022-06-03 03:00:00,122.2,122.4,121.8,121.8,214.606
2022-06-03 03:30:00,121.8,122.3,121.8,122.2,213.723
2022-06-03 04:00:00,122.2,122.4,121.7,121.9,204.569
2022-06-03 04:30:00,121.8,122.5,121.8,122.5,303.046
2022-06-03 05:00:00,122.4,122.7,122.2,122.6,343.836
2022-06-03 05:30:00,122.5,122.8,122.1,122.3,219.426
2022-06-03 06:00:00,122.3,122.4,121.6,121.9,10797.724
2022-06-03 06:30:00,122.0,122.0,121.6,121.8,198.701
2022-06-03 07:00:00,121.9,122.6,121.6,121.7,472.667
2022-06-03 07:30:00,121.7,121.8,121.6,121.6,75.071
2022-06-03 08:00:00,121.5,121.6,121.1,121.3,260.867
2022-06-03 08:30:00,121.4,121.6,121.3,121.5,66.564
2022-06-03 09:00:00,121.5,121.8,121.3,121.6,218.926
2022-06-03 09:30:00,121.6,121.7,120.3,120.9,898.461
2022-06-03 10:00:00,120.9,120.9,120.1,120.6,331.957
2022-06-03 10:30:00,120.5,120.5,119.6,119.9,511.54
2022-06-03 11:00:00,119.8,120.1,119.5,119.9,100.181
2022-06-03 11:30:00,119.8,120.6,119.5,119.7,661.745
2022-06-03 12:00:00,119.7,120.2,119.3,119.5,723.503
2022-06-03 12:30:00,119.5,120.0,118.9,119.3,2544.424
2022-06-03 13:00:00,119.1,119.3,118.9,119.2,283.477
2022-06-03 13:30:00,119.1,119.8,118.4,118.6,805.341
2022-06-03 14:00:00,118.7,118.9,118.5,118.5,255.949
2022-06-03 14:30:00,118.5,118.8,118.3,118.4,559.095
2022-06-03 15:00:00,118.3,119.3,118.3,119.0,791.546
2022-06-03 15:30:00,119.0,119.7,118.8,118.9,354.892
2022-06-03 16:00:00,119.0,119.5,118.3,118.4,390.035
2022-06-03 16:30:00,118.5,118.9,118.3,118.7,127.548
2022-06-03 17:00:00,118.8,118.8,118.3,118.4,178.951
2022-06-03 17:30:00,118.5,118.8,118.3,118.6,595.032
2022-06-03 18:00:00,118.5,118.9,118.5,118.8,35.062
2022-06-03 18:30:00,118.9,118.9,118.6,118.6,38.445
2022-06-03 19:00:00,118.7,118.9,118.5,118.6,128.839
2022-06-03 19:30:00,118.6,118.8,118.2,118.8,41.693
2022-06-03 20:00:00,118.7,119.3,118.6,119.2,361.601
2022-06-03 20:30:00,119.2,119.7,119.0,119.3,217.165
2022-06-03 21:00:00,119.4,120.0,119.2,120.0,173.505
2022-06-03 21:30:00,119.9,120.0,119.3,119.5,124.29
2022-06-03 22:00:00,119.5,119.7,119.3,119.3,105.55
2022-06-03 22:30:00,119.3,119.4,118.7,119.3,205.197
2022-06-03 23:00:00,119.3,119.3,118.9,119.2,97.751
2022-06-03 23:30:00,119.1,119.2,119.0,119.1,23.364
2022-06-04 00:00:00,119.0,119.5,118.9,119.3,107.486
2022-06-04 00:30:00,119.3,119.3,118.7,118.7,179.669
2022-06-04 01:00:00,118.8,119.6,118.1,119.0,814.17
2022-06-04 01:30:00,118.9,119.1,118.3,118.3,165.108
2022-06-04 02:00:00,118.3,119.3,117.3,119.2,1362.236
2022-06-04 02:30:00,119.3,119.4,118.4,118.4,268.519
2022-06-04 03:00:00,118.4,118.8,118.3,118.6,113.934
2022-06-04 03:30:00,118.5,119.1,118.4,118.9,115.434
2022-06-04 04:00:00,118.9,119.2,118.6,119.2,358.265
2022-06-04 04:30:00,119.3,119.8,119.2,119.7,601.666
2022-06-04 05:00:00,119.5,119.8,119.3,119.3,633.961
2022-06-04 05:30:00,119.4,119.7,119.3,119.4,116.68
2022-06-04 06:00:00,119.3,119.8,119.3,119.6,650.837
2022-06-04 06:30:00,119.8,120.4,119.7,120.2,867.18
2022-06-04 07:00:00,120.3,120.5,120.1,120.2,191.413
2022-06-04 07:30:00,120.1,120.2,119.4,120.0,174.08
2022-06-04 08:00:00,120.0,121.6,119.9,119.9,1612.665
2022-06-04 08:30:00,120.0,120.4,119.9,120.1,457.128
2022-06-04 09:00:00,120.1,120.1,119.7,119.8,114.617
2022-06-04 09:30:00,119.9,119.9,119.2,119.3,341.294
2022-06-04 10:00:00,119.4,119.4,119.2,119.2,99.966
2022-06-04 10:30:00,119.3,119.3,119.0,119.2,73.199
2022-06-04 11:00:00,119.3,119.8,119.3,119.4,77.588
2022-06-04 11:30:00,119.4,119.8,119.1,119.5,348.692
2022-06-04 12:00:00,119.5,120.2,119.4,119.4,683.253
2022-06-04 12:30:00,119.3,119.9,119.2,119.4,143.805
2022-06-04 13:00:00,119.5,120.3,119.4,119.5,426.486
2022-06-04 13:30:00,119.6,119.7,119.3,119.7,128.344
2022-06-04 14:00:00,119.6,119.9,119.3,119.8,255.287
2022-06-04 14:30:00,119.9,120.2,119.3,119.5,567.188
2022-06-04 15:00:00,119.5,119.7,119.4,119.7,116.403
2022-06-04 15:30:00,119.7,119.9,119.5,119.7,158.466
2022-06-04 16:00:00,119.6,120.0,119.5,119.7,82.645
2022-06-04 16:30:00,119.8,119.8,119.4,119.6,68.184
2022-06-04 17:00:00,119.7,119.8,119.3,119.6,135.291
2022-06-04 17:30:00,119.5,120.0,119.4,119.8,136.974
2022-06-04 18:00:00,119.9,120.2,119.7,119.7,146.106
2022-06-04 18:30:00,119.8,120.1,119.8,119.9,163.738
2022-06-04 19:00:00,119.8,120.2,119.4,119.4,71.236
2022-06-04 19:30:00,119.4,119.4,119.3,119.4,27.221
2022-06-04 20:00:00,119.4,119.8,119.4,119.6,83.743
2022-06-04 20:30:00,119.5,119.5,119.3,119.4,26.427
2022-06-04 21:00:00,119.5,119.9,119.5,119.9,9.463
2022-06-04 21:30:00,119.8,119.8,119.5,119.5,43.505
2022-06-04 22:00:00,119.6,120.1,119.5,119.5,222.514
2022-06-04 22:30:00,119.7,119.8,119.2,119.2,211.875
2022-06-04 23:00:00,119.2,119.5,119.2,119.4,43.963
2022-06-04 23:30:00,119.3,119.4,118.8,119.1,99.231
2022-06-05 00:00:00,119.2,119.6,119.2,119.5,115.578
2022-06-05 00:30:00,119.4,119.5,119.2,119.3,223.189
2022-06-05 01:00:00,119.3,119.9,119.1,119.8,243.314
2022-06-05 01:30:00,119.8,120.0,119.5,119.6,408.4
2022-06-05 02:00:00,119.5,120.1,119.3,120.0,353.385
2022-06-05 02:30:00,120.0,120.3,119.9,120.2,514.313
2022-06-05 03:00:00,120.2,120.6,120.1,120.5,403.992
2022-06-05 03:30:00,120.5,120.8,120.5,120.6,268.006
2022-06-05 04:00:00,120.6,121.2,120.6,121.0,1026.537
2022-06-05 04:30:00,121.0,121.5,120.7,121.1,545.285
2022-06-05 05:00:00,121.1,122.3,121.0,121.9,563.059
2022-06-05 05:30:00,121.9,124.4,121.9,124.0,3331.257
2022-06-05 06:00:00,124.0,124.8,123.3,123.8,1172.806
2022-06-05 06:30:00,123.8,123.9,122.7,123.7,1453.18
2022-06-05 07:00:00,123.7,124.4,122.9,123.7,17539.941
2022-06-05 07:30:00,123.8,126.0,123.6,124.6,57145.829
2022-06-05 08:00:00,124.6,126.0,123.6,124.4,2754.968
2022-06-05 08:30:00,124.4,124.8,123.9,124.2,1502.248
2022-06-05 09:00:00,124.3,124.5,122.7,123.9,6556.835
2022-06-05 09:30:00,123.8,124.0,123.2,123.4,961.077
2022-06-05 10:00:00,123.5,123.6,122.6,123.2,481.72
2022-06-05 10:30:00,123.3,123.6,122.7,122.7,170.335
2022-06-05 11:00:00,122.7,123.1,122.2,123.1,2235.264
2022-06-05 11:30:00,123.0,123.2,122.4,123.0,1419.419
2022-06-05 12:00:00,122.9,123.1,121.8,122.4,1498.558
2022-06-05 12:30:00,122.4,122.6,122.1,122.6,226.921
2022-06-05 13:00:00,122.7,123.0,122.2,122.2,432.752
2022-06-05 13:30:00,122.2,122.8,122.0,122.2,767.335
2022-06-05 14:00:00,122.0,122.4,121.6,121.8,834.424
2022-06-05 14:30:00,121.7,122.5,121.5,122.5,186.845
2022-06-05 15:00:00,122.4,124.5,122.1,123.9,2603.578
2022-06-05 15:30:00,123.9,124.0,123.3,124.0,1197.204
2022-06-05 16:00:00,124.0,124.3,122.9,122.9,742.074
2022-06-05 16:30:00,123.1,123.4,122.6,122.8,581.092
2022-06-05 17:00:00,122.8,123.2,122.1,122.7,1177.666
2022-06-05 17:30:00,122.7,123.5,122.7,123.3,510.42
2022-06-05 18:00:00,123.2,123.7,123.2,123.7,438.744
2022-06-05 18:30:00,123.5,123.7,122.8,123.0,444.079
2022-06-05 19:00:00,122.9,123.0,122.4,122.6,1197.656
2022-06-05 19:30:00,122.7,123.0,122.5,122.6,253.588
2022-06-05 20:00:00,122.6,123.4,122.5,123.1,342.321
2022-06-05 20:30:00,123.1,123.2,122.4,122.8,490.124
2022-06-05 21:00:00,122.7,122.7,121.9,121.9,368.952
2022-06-05 21:30:00,122.0,122.2,121.8,122.2,62.488
2022-06-05 22:00:00,122.2,122.9,122.2,122.4,266.511
2022-06-05 22:30:00,122.3,122.7,122.2,122.6,165.77
2022-06-05 23:00:00,122.6,122.8,121.2,121.4,722.336
2022-06-05 23:30:00,121.4,121.6,120.8,121.4,714.336
2022-06-06 00:00:00,121.4,122.3,121.1,122.2,496.959
2022-06-06 00:30:00,122.3,123.0,122.0,122.4,793.281
2022-06-06 01:00:00,122.5,123.4,122.4,123.1,735.139
2022-06-06 01:30:00,123.0,124.0,122.6,123.4,806.783
2022-06-06 02:00:00,123.3,123.6,122.7,123.0,375.864
2022-06-06 02:30:00,123.1,123.3,122.7,123.0,420.209
2022-06-06 03:00:00,122.9,123.1,122.8,122.9,447.093
2022-06-06 03:30:00,123.0,123.5,122.9,123.2,479.983
2022-06-06 04:00:00,123.2,125.5,123.0,124.9,3998.026
2022-06-06 04:30:00,125.0,128.9,124.8,125.9,7447.142
2022-06-06 05:00:00,125.9,125.9,125.2,125.6,786.032
2022-06-06 05:30:00,125.6,126.9,125.6,125.8,1594.514
2022-06-06 06:00:00,125.8,125.8,125.4,125.6,241.555
2022-06-06 06:30:00,125.7,127.0,125.7,127.0,836.437
2022-06-06 07:00:00,127.0,127.6,125.9,126.7,1354.557
2022-06-06 07:30:00,126.4,127.4,126.1,127.1,1002.762
2022-06-06 08:00:00,127.0,127.3,126.5,126.8,328.085
2022-06-06 08:30:00,126.9,127.5,126.5,127.3,652.72
2022-06-06 09:00:00,127.4,128.5,127.1,127.8,1440.081
2022-06-06 09:30:00,127.7,128.4,127.6,128.4,627.677
2022-06-06 10:00:00,128.5,128.7,128.1,128.5,1186.577
2022-06-06 10:30:00,128.5,129.4,127.5,129.2,2556.459
2022-06-06 11:00:00,129.3,130.0,127.2,127.4,2683.983
2022-06-06 11:30:00,127.4,127.8,126.0,126.6,1516.896
2022-06-06 12:00:00,126.5,128.1,125.7,125.7,2823.626
2022-06-06 12:30:00,125.6,125.8,125.0,125.4,3062.814
2022-06-06 13:00:00,125.5,125.5,124.3,124.8,1208.064
2022-06-06 13:30:00,124.9,125.4,123.7,125.2,2970.417
2022-06-06 14:00:00,125.2,130.9,125.0,130.8,13986.51
2022-06-06 14:30:00,130.8,131.1,129.5,130.8,4371.225
2022-06-06 15:00:00,130.9,131.0,128.0,130.1,5478.633
2022-06-06 15:30:00,130.1,132.0,130.0,131.3,3908.838
2022-06-06 16:00:00,131.3,131.7,129.7,130.2,2500.657
2022-06-06 16:30:00,130.1,132.8,130.1,132.6,4538.829
2022-06-06 17:00:00,132.5,132.5,131.3,132.2,1872.291
2022-06-06 17:30:00,132.3,132.3,131.0,131.1,842.975
2022-06-06 18:00:00,131.2,131.9,130.5,131.0,1738.903
2022-06-06 18:30:00,130.8,131.3,130.7,130.8,854.572
2022-06-06 19:00:00,130.8,132.2,130.7,131.0,1976.884
2022-06-06 19:30:00,131.0,132.2,131.0,131.7,880.917
2022-06-06 20:00:00,131.5,131.6,130.7,131.2,580.7
2022-06-06 20:30:00,131.4,132.0,130.5,130.5,918.641
2022-06-06 21:00:00,130.5,131.6,130.4,131.4,353.644
2022-06-06 21:30:00,131.4,132.0,131.4,132.0,392.564
2022-06-06 22:00:00,132.1,132.4,131.8,132.4,375.674
2022-06-06 22:30:00,132.4,132.4,131.3,131.7,409.033
2022-06-06 23:00:00,131.7,131.9,131.0,131.3,517.144
2022-06-06 23:30:00,131.3,131.7,131.0,131.0,116.886
2022-06-07 00:00:00,131.0,131.0,127.4,127.8,2894.667
2022-06-07 00:30:00,128.0,129.5,127.2,128.6,2110.053
2022-06-07 01:00:00,128.7,132.9,128.1,130.0,5379.025
2022-06-07 01:30:00,130.0,130.0,124.5,127.1,4253.631
2022-06-07 02:00:00,127.2,127.8,125.7,127.0,2294.506
2022-06-07 02:30:00,127.0,129.0,127.0,128.4,2057.956
2022-06-07 03:00:00,128.4,128.7,127.7,128.1,694.271
2022-06-07 03:30:00,128.2,129.1,127.8,128.4,910.499
2022-06-07 04:00:00,128.1,128.8,127.8,128.6,830.318
2022-06-07 04:30:00,128.6,129.0,127.9,128.1,466.956
2022-06-07 05:00:00,128.1,128.1,127.3,127.8,402.718
2022-06-07 05:30:00,127.9,128.8,127.6,128.7,1595.094
2022-06-07 06:00:00,128.5,129.0,127.0,127.8,2504.311
2022-06-07 06:30:00,127.9,128.4,127.9,128.1,261.641
2022-06-07 07:00:00,128.1,128.4,127.7,128.3,241.223
2022-06-07 07:30:00,128.5,128.9,128.0,128.7,788.022
2022-06-07 08:00:00,128.4,129.8,128.0,128.5,2068.894
2022-06-07 08:30:00,128.7,129.4,128.6,129.2,359.797
2022-06-07 09:00:00,129.0,129.2,127.9,128.1,854.734
2022-06-07 09:30:00,128.2,128.8,128.0,128.6,268.632
2022-06-07 10:00:00,128.6,129.0,128.4,128.7,526.744
2022-06-07 10:30:00,128.7,129.0,128.0,128.6,276.885
2022-06-07 11:00:00,128.5,128.5,125.2,126.5,3941.791
2022-06-07 11:30:00,126.5,127.0,125.4,125.8,1221.618
2022-06-07 12:00:00,126.0,126.2,125.2,125.3,878.942
2022-06-07 12:30:00,125.2,126.1,124.9,126.1,1003.371
2022-06-07 13:00:00,126.0,126.3,125.4,126.0,418.729
2022-06-07 13:30:00,126.1,127.0,125.7,125.9,1277.951
2022-06-07 14:00:00,125.9,126.8,125.7,126.7,522.831
2022-06-07 14:30:00,126.6,127.6,126.5,126.8,1135.222
2022-06-07 15:00:00,126.8,127.7,126.6,126.6,1141.883
2022-06-07 15:30:00,126.5,127.2,126.3,127.1,351.55
2022-06-07 16:00:00,127.0,127.9,126.8,127.7,856.489
2022-06-07 16:30:00,127.6,128.0,127.3,127.7,836.216
2022-06-07 17:00:00,127.8,130.8,127.5,130.1,7545.175
2022-06-07 17:30:00,130.2,131.8,130.0,130.8,2959.0
2022-06-07 18:00:00,130.8,131.0,130.5,130.7,1452.583
2022-06-07 18:30:00,130.7,131.5,130.5,131.3,2207.381
2022-06-07 19:00:00,131.3,131.9,130.7,131.8,834.173
2022-06-07 19:30:00,131.9,134.9,130.9,133.8,6836.047
2022-06-07 20:00:00,133.5,136.1,133.1,134.5,5455.609
2022-06-07 20:30:00,134.6,135.6,134.0,134.3,1784.162
2022-06-07 21:00:00,134.3,135.6,133.9,134.7,2438.787
2022-06-07 21:30:00,134.7,137.0,134.1,134.7,5339.519
2022-06-07 22:00:00,134.6,135.1,132.1,132.2,1740.877
2022-06-07 22:30:00,132.1,133.5,131.0,133.4,2548.89
2022-06-07 23:00:00,133.4,134.0,132.3,132.7,2300.154
2022-06-07 23:30:00,132.7,133.3,131.7,131.9,1321.077
2022-06-08 00:00:00,131.8,132.5,130.2,131.7,1997.104
2022-06-08 00:30:00,131.6,132.6,130.7,131.5,1942.41
2022-06-08 01:00:00,131.3,131.8,131.1,131.7,675.141
2022-06-08 01:30:00,131.6,132.3,131.5,132.0,712.86
2022-06-08 02:00:00,132.1,132.7,131.5,132.6,1075.663
2022-06-08 02:30:00,132.6,133.5,132.2,132.9,1853.086
2022-06-08 03:00:00,132.8,133.2,130.3,130.6,1726.073
2022-06-08 03:30:00,130.7,131.7,129.2,129.3,2458.942
2022-06-08 04:00:00,129.3,130.7,129.0,130.3,1576.075
2022-06-08 04:30:00,130.3,131.3,130.0,130.1,1012.55
2022-06-08 05:00:00,130.1,130.9,130.0,130.0,431.835
2022-06-08 05:30:00,130.1,132.2,130.1,131.9,1580.489
2022-06-08 06:00:00,131.9,132.2,130.9,131.2,1003.029
2022-06-08 06:30:00,131.3,132.0,130.9,131.9,548.684
2022-06-08 07:00:00,131.9,132.4,131.3,132.4,799.653
2022-06-08 07:30:00,132.4,132.8,131.9,132.0,942.664
2022-06-08 08:00:00,132.0,132.2,130.5,131.9,2713.91
2022-06-08 08:30:00,132.0,132.2,130.9,131.2,522.138
2022-06-08 09:00:00,131.4,132.3,131.1,132.2,1117.061
2022-06-08 09:30:00,132.2,132.8,132.0,132.6,908.093
2022-06-08 10:00:00,132.7,134.0,132.0,132.0,2031.17
2022-06-08 10:30:00,131.9,132.7,131.5,131.5,1377.585
2022-06-08 11:00:00,131.8,132.2,130.9,131.4,636.38
2022-06-08 11:30:00,131.3,133.5,131.3,132.3,6427.153
2022-06-08 12:00:00,132.4,133.1,131.3,132.0,1548.71
2022-06-08 12:30:00,131.8,132.1,130.5,130.9,1591.528
2022-06-08 13:00:00,130.7,131.9,130.7,131.5,754.1
2022-06-08 13:30:00,131.4,133.1,130.9,132.4,4758.692
2022-06-08 14:00:00,132.2,132.9,131.9,132.6,750.146
2022-06-08 14:30:00,132.5,133.7,132.0,133.0,1125.539
2022-06-08 15:00:00,132.9,133.1,132.2,133.0,872.367
2022-06-08 15:30:00,132.9,133.0,132.4,132.5,332.328
2022-06-08 16:00:00,132.4,135.7,132.3,133.1,3111.982
2022-06-08 16:30:00,133.2,133.2,132.5,132.9,567.023
2022-06-08 17:00:00,132.8,132.9,132.5,132.8,146.403
2022-06-08 17:30:00,132.7,133.6,132.4,133.1,1033.441
2022-06-08 18:00:00,133.2,133.3,132.6,133.1,515.61
2022-06-08 18:30:00,133.1,133.7,132.5,133.4,8186.126
2022-06-08 19:00:00,133.3,133.7,132.3,133.5,884.806
2022-06-08 19:30:00,133.5,133.9,132.5,132.6,614.615
2022-06-08 20:00:00,132.5,134.4,132.5,133.0,1115.472
2022-06-08 20:30:00,133.1,133.3,132.5,132.6,465.696
2022-06-08 21:00:00,132.5,132.9,132.5,132.8,129.875
2022-06-08 21:30:00,132.8,132.8,130.0,131.8,3396.219
2022-06-08 22:00:00,131.7,131.9,130.3,130.7,509.798
2022-06-08 22:30:00,130.7,131.8,130.6,131.1,585.084
2022-06-08 23:00:00,131.1,131.8,131.0,131.5,219.926
2022-06-08 23:30:00,131.8,132.0,130.8,131.0,313.569
2022-06-09 00:00:00,131.0,131.3,130.0,130.3,816.558
2022-06-09 00:30:00,130.2,131.0,129.6,130.5,920.591
2022-06-09 01:00:00,130.5,132.3,130.4,132.1,853.586
2022-06-09 01:30:00,132.1,132.5,130.6,130.6,740.103
2022-06-09 02:00:00,130.6,131.6,128.9,130.9,3233.197
2022-06-09 02:30:00,130.8,131.2,130.5,130.9,304.424
2022-06-09 03:00:00,131.1,131.2,130.0,130.4,305.807
2022-06-09 03:30:00,130.5,130.7,130.1,130.5,262.577
2022-06-09 04:00:00,130.6,131.0,130.6,130.8,322.441
2022-06-09 04:30:00,130.7,131.2,130.7,131.0,223.382
2022-06-09 05:00:00,131.0,131.4,130.8,131.3,333.693
2022-06-09 05:30:00,131.3,131.4,131.0,131.2,190.444
2022-06-09 06:00:00,131.2,131.5,131.1,131.2,178.482
2022-06-09 06:30:00,131.2,131.8,131.0,131.6,467.244
2022-06-09 07:00:00,131.6,132.8,131.5,132.5,1269.156
2022-06-09 07:30:00,132.4,132.9,132.2,132.7,854.217
2022-06-09 08:00:00,132.7,132.9,132.4,132.7,374.338
2022-06-09 08:30:00,132.7,135.0,132.5,134.8,2476.18
2022-06-09 09:00:00,135.0,135.8,134.3,135.6,2375.241
2022-06-09 09:30:00,135.6,137.4,135.2,136.6,3232.435
2022-06-09 10:00:00,136.5,136.8,134.3,135.4,1667.199
2022-06-09 10:30:00,135.4,135.4,133.4,133.4,3275.251
2022-06-09 11:00:00,133.4,134.6,133.3,133.6,942.842
2022-06-09 11:30:00,133.5,133.8,132.8,133.0,582.194
2022-06-09 12:00:00,133.0,133.7,132.5,133.4,834.438
2022-06-09 12:30:00,133.4,133.7,131.4,131.4,2581.604
2022-06-09 13:00:00,131.4,132.2,131.2,132.0,1425.955
2022-06-09 13:30:00,132.2,132.7,131.5,131.8,847.154
2022-06-09 14:00:00,131.8,132.0,131.2,131.8,349.523
2022-06-09 14:30:00,131.8,131.8,131.0,131.0,276.767
2022-06-09 15:00:00,131.0,131.4,130.3,131.0,716.04
2022-06-09 15:30:00,131.1,131.5,130.8,131.0,354.305
2022-06-09 16:00:00,130.9,130.9,130.1,130.8,235.105
2022-06-09 16:30:00,130.9,131.0,130.7,131.0,165.99
2022-06-09 17:00:00,130.9,131.2,130.1,130.1,364.682
2022-06-09 17:30:00,130.1,130.2,129.3,129.9,503.634
2022-06-09 18:00:00,130.0,130.1,129.1,130.0,418.381
2022-06-09 18:30:00,129.9,130.4,129.4,129.4,465.268
2022-06-09 19:00:00,129.4,129.7,129.1,129.2,363.654
2022-06-09 19:30:00,129.2,129.2,127.3,127.7,2216.99
2022-06-09 20:00:00,127.7,128.7,127.6,128.1,452.932
2022-06-09 20:30:00,128.2,128.7,127.9,128.4,362.497
2022-06-09 21:00:00,128.4,128.6,128.1,128.4,78.328
2022-06-09 21:30:00,128.4,128.7,128.4,128.5,149.298
2022-06-09 22:00:00,128.5,128.6,128.0,128.2,199.204
2022-06-09 22:30:00,128.2,128.5,128.0,128.0,42.014
2022-06-09 23:00:00,127.9,128.5,127.8,128.5,120.442
2022-06-09 23:30:00,128.5,128.8,128.4,128.5,105.608
2022-06-10 00:00:00,128.4,128.8,127.5,128.3,507.469
2022-06-10 00:30:00,128.2,130.5,128.1,129.9,1269.21
2022-06-10 01:00:00,129.9,130.6,129.0,129.2,765.684
2022-06-10 01:30:00,129.1,129.9,129.0,129.7,232.406
2022-06-10 02:00:00,129.5,130.4,129.2,129.3,536.53
2022-06-10 02:30:00,129.4,129.9,129.3,129.9,98.109
2022-06-10 03:00:00,129.9,130.8,129.9,130.5,879.443
2022-06-10 03:30:00,130.5,130.6,129.7,129.8,191.981
2022-06-10 04:00:00,129.7,129.9,128.9,129.0,608.335
2022-06-10 04:30:00,128.9,129.2,128.8,129.1,495.112
2022-06-10 05:00:00,129.1,129.6,128.8,128.9,366.461
2022-06-10 05:30:00,128.9,129.0,128.5,128.9,481.518
2022-06-10 06:00:00,128.9,129.2,128.8,128.9,308.003
2022-06-10 06:30:00,128.8,128.8,128.5,128.7,145.913
2022-06-10 07:00:00,128.6,128.9,128.5,128.7,200.439
2022-06-10 07:30:00,128.7,129.2,126.8,128.8,6840.499
2022-06-10 08:00:00,128.9,129.9,128.6,128.8,685.838
2022-06-10 08:30:00,128.8,128.8,127.8,127.8,607.926
2022-06-10 09:00:00,127.8,128.3,127.1,127.9,1026.188
2022-06-10 09:30:00,128.0,128.0,127.0,127.5,643.79
2022-06-10 10:00:00,127.2,127.6,126.8,127.0,794.694
2022-06-10 10:30:00,127.0,127.3,126.7,127.1,617.461
2022-06-10 11:00:00,127.2,127.4,126.6,126.7,585.98
2022-06-10 11:30:00,126.8,127.5,126.8,126.8,313.849
2022-06-10 12:00:00,126.9,128.7,126.6,128.6,1339.365
2022-06-10 12:30:00,128.4,128.5,126.0,126.6,2948.81
2022-06-10 13:00:00,126.7,126.8,125.6,126.7,1661.571
2022-06-10 13:30:00,126.6,129.5,126.4,127.8,7084.078
2022-06-10 14:00:00,127.6,129.3,127.4,128.6,1673.588
2022-06-10 14:30:00,128.6,129.2,127.9,128.1,886.377
2022-06-10 15:00:00,128.1,128.7,126.7,127.3,1304.363
2022-06-10 15:30:00,127.4,128.5,127.0,127.9,1803.53
2022-06-10 16:00:00,127.9,127.9,125.3,125.6,1780.982
2022-06-10 16:30:00,125.6,127.4,125.6,127.1,1100.079
2022-06-10 17:00:00,126.9,127.0,125.9,126.8,701.698
2022-06-10 17:30:00,126.8,127.2,126.3,126.5,327.993
2022-06-10 18:00:00,126.4,126.6,126.1,126.1,338.061
2022-06-10 18:30:00,126.1,126.9,126.1,126.8,327.323
2022-06-10 19:00:00,126.7,127.9,126.5,127.1,631.589
2022-06-10 19:30:00,127.1,127.4,126.6,126.7,438.364
2022-06-10 20:00:00,126.7,127.5,126.7,127.4,190.022
2022-06-10 20:30:00,127.4,127.9,125.8,125.9,760.286
2022-06-10 21:00:00,126.0,126.3,125.5,126.3,765.132
2022-06-10 21:30:00,126.3,127.4,126.3,127.0,414.873
2022-06-10 22:00:00,127.0,127.6,126.7,126.7,201.807
2022-06-10 22:30:00,126.7,127.4,126.5,127.3,210.599
2022-06-10 23:00:00,127.2,127.2,126.1,127.2,387.623
2022-06-10 23:30:00,127.1,127.3,126.5,126.5,215.632
2022-06-11 00:00:00,126.6,126.9,125.7,126.6,475.366
2022-06-11 00:30:00,126.6,127.7,126.6,127.5,595.912
2022-06-11 01:00:00,127.5,127.7,126.4,126.9,432.583
2022-06-11 01:30:00,126.9,127.8,126.8,127.6,593.384
2022-06-11 02:00:00,127.6,128.5,127.5,128.3,983.144
2022-06-11 02:30:00,128.2,128.5,127.8,128.2,304.497
2022-06-11 03:00:00,128.2,128.3,127.6,127.8,250.495
2022-06-11 03:30:00,127.9,128.4,127.8,128.1,222.539
2022-06-11 04:00:00,128.0,128.8,128.0,128.6,850.504
2022-06-11 04:30:00,128.7,128.8,127.4,127.8,1442.023
2022-06-11 05:00:00,127.9,128.3,127.3,127.5,500.565
2022-06-11 05:30:00,127.4,128.0,127.0,127.5,505.689
2022-06-11 06:00:00,127.7,127.7,126.3,126.4,857.232
2022-06-11 06:30:00,126.4,126.6,126.2,126.4,229.782
2022-06-11 07:00:00,126.4,126.8,126.4,126.8,127.959
2022-06-11 07:30:00,126.8,127.0,126.7,126.8,191.525
2022-06-11 08:00:00,126.8,127.1,126.0,126.1,510.966
2022-06-11 08:30:00,126.2,126.3,124.5,125.0,1412.466
2022-06-11 09:00:00,124.9,125.6,123.9,125.0,3321.095
2022-06-11 09:30:00,125.1,126.4,124.7,124.8,2386.309
2022-06-11 10:00:00,124.7,125.1,123.5,123.5,990.915
2022-06-11 10:30:00,123.4,125.6,123.3,124.8,3001.967
2022-06-11 11:00:00,124.7,125.0,122.4,122.7,2263.386
2022-06-11 11:30:00,123.0,123.5,120.0,122.0,4924.832
2022-06-11 12:00:00,121.9,124.5,121.8,123.7,2984.737
2022-06-11 12:30:00,123.6,123.6,121.5,121.5,1060.393
2022-06-11 13:00:00,121.6,124.1,121.4,123.4,1977.851
2022-06-11 13:30:00,123.3,124.0,122.5,123.3,1104.1
2022-06-11 14:00:00,123.4,123.5,122.2,122.4,653.936
2022-06-11 14:30:00,122.4,122.5,119.6,120.4,2558.318
2022-06-11 15:00:00,120.3,121.9,119.9,121.2,1579.157
2022-06-11 15:30:00,121.1,121.1,119.4,120.4,1699.515
2022-06-11 16:00:00,120.4,121.3,120.0,120.6,940.585
2022-06-11 16:30:00,120.6,124.0,120.0,123.6,5439.581
2022-06-11 17:00:00,123.7,124.1,121.3,122.2,2615.109
2022-06-11 17:30:00,122.3,122.4,121.5,122.3,600.617
2022-06-11 18:00:00,122.1,123.6,122.1,123.0,1243.571
2022-06-11 18:30:00,123.0,124.0,122.9,123.3,785.755
2022-06-11 19:00:00,123.4,124.9,123.3,124.1,1736.486
2022-06-11 19:30:00,124.2,124.4,123.4,123.8,501.703
2022-06-11 20:00:00,123.7,123.8,122.7,123.0,473.222
2022-06-11 20:30:00,123.0,123.6,122.7,123.1,286.543
2022-06-11 21:00:00,123.0,124.0,122.9,124.0,465.755
2022-06-11 21:30:00,124.0,124.1,123.0,123.0,148.845
2022-06-11 22:00:00,123.0,124.4,123.0,124.3,255.491
2022-06-11 22:30:00,124.2,124.5,123.8,124.5,173.867
2022-06-11 23:00:00,124.4,124.4,122.6,122.7,624.204
2022-06-11 23:30:00,122.6,123.5,122.3,123.3,348.812
2022-06-12 00:00:00,123.4,123.9,122.8,123.5,345.097
2022-06-12 00:30:00,123.3,123.3,121.6,122.8,2262.023
2022-06-12 01:00:00,122.8,123.1,121.1,121.3,1135.738
2022-06-12 01:30:00,121.4,122.0,120.0,120.5,2805.972
2022-06-12 02:00:00,120.5,121.1,119.4,119.7,1766.896
2022-06-12 02:30:00,119.7,121.7,119.3,120.4,2108.947
2022-06-12 03:00:00,120.5,121.6,119.7,120.1,1793.819
2022-06-12 03:30:00,120.1,121.4,120.0,120.2,1579.248
2022-06-12 04:00:00,120.1,121.1,119.1,119.1,2175.018
2022-06-12 04:30:00,119.1,119.6,115.1,115.1,8812.606
2022-06-12 05:00:00,115.1,119.0,115.0,117.3,11099.29
2022-06-12 05:30:00,117.2,119.3,116.6,117.8,9276.04
2022-06-12 06:00:00,117.9,119.5,117.8,119.3,1493.612
2022-06-12 06:30:00,119.4,123.0,119.2,121.1,6425.125
2022-06-12 07:00:00,121.1,122.1,119.6,119.7,1589.828
2022-06-12 07:30:00,119.7,121.4,119.3,121.0,962.642
2022-06-12 08:00:00,121.0,122.7,120.7,122.2,2059.889
2022-06-12 08:30:00,122.3,122.6,121.0,121.7,731.027
2022-06-12 09:00:00,121.7,123.2,121.6,121.9,2951.637
2022-06-12 09:30:00,122.0,123.7,121.7,121.7,2857.321
2022-06-12 10:00:00,121.7,122.7,120.1,122.7,1709.507
2022-06-12 10:30:00,122.6,123.0,120.0,121.2,3931.121
2022-06-12 11:00:00,121.1,121.6,120.7,120.9,588.188
2022-06-12 11:30:00,120.9,123.0,120.7,122.8,746.76
2022-06-12 12:00:00,122.9,124.2,122.5,123.3,2245.67
2022-06-12 12:30:00,123.5,123.9,121.9,122.7,1614.841
2022-06-12 13:00:00,122.8,123.5,122.4,122.7,1183.584
2022-06-12 13:30:00,122.9,122.9,122.2,122.3,934.456
2022-06-12 14:00:00,122.3,125.8,121.9,123.8,3417.979
2022-06-12 14:30:00,123.9,133.1,123.8,129.9,14838.926
2022-06-12 15:00:00,129.8,131.4,128.0,129.7,5792.194
2022-06-12 15:30:00,129.8,130.4,128.9,129.6,2295.396
2022-06-12 16:00:00,129.6,130.3,128.7,129.5,3210.068
2022-06-12 16:30:00,129.6,129.7,128.5,129.2,715.565
2022-06-12 17:00:00,129.1,130.9,129.1,130.6,1205.003
2022-06-12 17:30:00,130.6,131.0,128.0,129.4,2647.984
2022-06-12 18:00:00,129.4,131.0,128.6,129.2,26519.758
2022-06-12 18:30:00,129.2,129.6,128.9,129.1,298.577
2022-06-12 19:00:00,129.3,130.1,129.0,129.0,1056.809
2022-06-12 19:30:00,128.9,129.2,128.0,128.2,1105.076
2022-06-12 20:00:00,128.3,129.9,128.1,129.1,1885.406
2022-06-12 20:30:00,129.1,129.6,128.5,128.9,411.037
2022-06-12 21:00:00,128.8,131.0,128.6,130.8,1297.352
2022-06-12 21:30:00,130.8,131.2,129.9,130.0,465.867
2022-06-12 22:00:00,129.8,129.9,127.9,128.4,2585.872
2022-06-12 22:30:00,128.4,129.9,127.5,128.1,1968.535
2022-06-12 23:00:00,128.1,128.4,125.3,127.8,3069.953
2022-06-12 23:30:00,127.7,128.1,126.0,127.3,1758.45
2022-06-13 00:00:00,127.0,128.0,126.2,127.5,1468.851
2022-06-13 00:30:00,127.2,127.9,124.2,124.9,3182.732
2022-06-13 01:00:00,124.9,126.2,122.7,123.2,5301.207
2022-06-13 01:30:00,123.0,123.9,122.2,123.0,1567.809
2022-06-13 02:00:00,123.0,126.4,122.7,124.4,6070.186
2022-06-13 02:30:00,124.3,125.4,123.6,123.8,2428.875
2022-06-13 03:00:00,123.8,130.5,123.5,128.5,17319.455
2022-06-13 03:30:00,128.6,130.0,127.7,128.2,3840.579
2022-06-13 04:00:00,128.0,133.0,127.5,131.1,7476.688
2022-06-13 04:30:00,131.1,132.5,130.0,130.5,4429.112
2022-06-13 05:00:00,130.4,131.2,129.6,131.0,2636.499
2022-06-13 05:30:00,130.7,130.9,128.4,129.0,2085.977
2022-06-13 06:00:00,129.0,130.0,127.7,129.1,10456.865
2022-06-13 06:30:00,129.1,130.1,128.1,129.1,2264.237
2022-06-13 07:00:00,129.0,129.8,125.0,127.6,4454.123
2022-06-13 07:30:00,127.5,128.0,125.2,126.3,4428.066
2022-06-13 08:00:00,126.3,127.7,124.7,126.4,3893.785
2022-06-13 08:30:00,126.4,127.6,122.2,123.0,7192.407
2022-06-13 09:00:00,122.9,127.4,120.5,125.0,9829.287
2022-06-13 09:30:00,124.9,126.9,122.3,126.2,5104.046
2022-06-13 10:00:00,126.2,127.2,124.2,125.9,3360.828
2022-06-13 10:30:00,125.9,126.6,124.7,125.6,2071.68
2022-06-13 11:00:00,125.7,125.9,123.2,123.9,15715.678
2022-06-13 11:30:00,123.8,125.8,123.3,124.6,2288.444
2022-06-13 12:00:00,124.7,126.7,124.3,126.2,3480.209
2022-06-13 12:30:00,126.3,126.3,124.4,124.7,13108.816
2022-06-13 13:00:00,124.6,125.3,122.2,122.3,26999.186
2022-06-13 13:30:00,122.3,125.4,122.3,124.4,2732.665
2022-06-13 14:00:00,124.4,124.9,123.4,124.4,1253.283
2022-06-13 14:30:00,124.3,124.6,122.5,123.0,1918.948
2022-06-13 15:00:00,123.0,125.9,122.8,124.4,4836.044
2022-06-13 15:30:00,124.4,125.7,124.1,124.8,1668.597
2022-06-13 16:00:00,124.7,127.7,123.8,126.7,33586.016
2022-06-13 16:30:00,126.7,127.5,124.7,124.9,1722.859
2022-06-13 17:00:00,124.8,125.8,123.9,123.9,2025.483
2022-06-13 17:30:00,124.1,126.7,123.4,125.4,3447.112
2022-06-13 18:00:00,125.3,126.1,124.6,124.6,1843.853
2022-06-13 18:30:00,124.7,125.4,124.2,124.2,845.35
2022-06-13 19:00:00,124.1,124.6,123.8,124.2,669.008
2022-06-13 19:30:00,124.4,124.8,123.8,124.8,439.37
2022-06-13 20:00:00,124.8,126.1,124.7,125.3,835.092
2022-06-13 20:30:00,125.4,126.1,124.8,124.9,340.32
2022-06-13 21:00:00,124.9,126.4,124.9,125.4,621.762
2022-06-13 21:30:00,125.1,125.2,123.1,123.8,1341.165
2022-06-13 22:00:00,123.7,125.8,123.0,123.3,1258.373
2022-06-13 22:30:00,123.4,124.6,123.1,123.2,771.055
2022-06-13 23:00:00,123.2,124.5,122.6,124.2,1041.173
2022-06-13 23:30:00,124.1,124.5,123.3,124.4,330.289
2022-06-14 00:00:00,124.4,124.4,122.7,123.0,570.58
2022-06-14 00:30:00,122.9,123.3,122.5,122.7,369.669
2022-06-14 01:00:00,122.7,124.8,122.5,123.2,2779.324
2022-06-14 01:30:00,123.1,123.7,121.6,122.1,3001.59
2022-06-14 02:00:00,122.0,123.0,118.1,119.1,6083.905
2022-06-14 02:30:00,119.0,122.0,117.8,120.8,4746.152
2022-06-14 03:00:00,121.0,123.3,119.5,122.9,4197.565
2022-06-14 03:30:00,122.8,123.4,121.9,122.2,1661.276
2022-06-14 04:00:00,122.4,123.1,120.7,121.0,1370.365
2022-06-14 04:30:00,120.8,122.0,120.8,121.5,751.876
2022-06-14 05:00:00,121.6,126.7,121.5,124.9,4835.46
2022-06-14 05:30:00,124.9,126.2,124.3,125.0,2236.595
2022-06-14 06:00:00,125.1,126.2,124.8,125.3,1688.725
2022-06-14 06:30:00,125.2,125.8,124.8,125.3,751.238
2022-06-14 07:00:00,125.4,125.9,123.5,124.6,1210.239
2022-06-14 07:30:00,124.6,126.0,124.1,126.0,922.701
2022-06-14 08:00:00,125.9,126.0,124.8,125.1,783.855
2022-06-14 08:30:00,125.0,125.5,124.7,124.8,428.375
2022-06-14 09:00:00,124.9,125.8,124.8,124.8,661.518
2022-06-14 09:30:00,124.8,125.8,124.4,125.2,545.782
2022-06-14 10:00:00,125.0,126.7,124.9,126.0,1507.768
2022-06-14 10:30:00,126.1,127.0,125.3,125.6,1198.649
2022-06-14 11:00:00,125.4,125.5,123.7,123.8,2040.64
2022-06-14 11:30:00,123.7,124.4,123.4,124.3,479.313
2022-06-14 12:00:00,124.2,124.6,123.3,123.7,432.8
2022-06-14 12:30:00,123.8,125.0,123.8,124.5,1221.671
2022-06-14 13:00:00,124.5,126.1,124.4,125.8,1116.331
2022-06-14 13:30:00,125.6,125.9,123.7,125.3,1138.27
2022-06-14 14:00:00,125.3,135.2,125.2,130.8,37698.34
2022-06-14 14:30:00,130.8,132.8,129.0,131.7,9757.224
2022-06-14 15:00:00,131.7,132.8,131.1,131.8,4210.26
2022-06-14 15:30:00,131.8,132.5,131.5,132.0,2134.505
2022-06-14 16:00:00,132.0,132.5,131.1,132.0,1959.356
2022-06-14 16:30:00,132.1,132.4,128.7,129.2,3009.919
2022-06-14 17:00:00,129.5,129.8,128.4,129.3,1163.516
2022-06-14 17:30:00,129.2,129.4,127.8,128.0,1563.793
2022-06-14 18:00:00,127.8,129.5,127.8,129.4,692.186
2022-06-14 18:30:00,129.3,129.8,128.2,129.0,1121.09
2022-06-14 19:00:00,129.2,129.7,126.7,127.5,2102.446
2022-06-14 19:30:00,127.5,129.2,127.5,128.3,365.001
2022-06-14 20:00:00,128.3,128.4,126.9,127.0,378.302
2022-06-14 20:30:00,127.0,129.7,127.0,129.0,860.203
2022-06-14 21:00:00,128.9,131.4,128.9,129.7,1991.812
2022-06-14 21:30:00,129.6,130.1,128.7,129.9,314.765
2022-06-14 22:00:00,129.9,130.7,129.5,130.1,361.201
2022-06-14 22:30:00,130.0,130.0,128.9,129.1,929.064
2022-06-14 23:00:00,129.2,130.1,128.5,129.4,1346.113
2022-06-14 23:30:00,129.6,131.3,129.6,130.8,887.578
2022-06-15 00:00:00,130.5,131.4,129.5,129.6,860.368
2022-06-15 00:30:00,129.6,130.6,129.6,129.7,210.248
2022-06-15 01:00:00,129.8,129.9,128.7,129.7,785.331
2022-06-15 01:30:00,129.6,130.6,129.3,129.3,643.929
2022-06-15 02:00:00,129.3,129.3,127.9,128.2,1161.149
2022-06-15 02:30:00,128.1,129.2,128.0,129.0,447.375
2022-06-15 03:00:00,128.9,129.2,127.7,128.8,632.844
2022-06-15 03:30:00,128.8,128.8,127.7,127.9,684.697
2022-06-15 04:00:00,128.0,128.0,126.5,127.4,1926.108
2022-06-15 04:30:00,127.3,127.9,126.7,127.4,1473.691
2022-06-15 05:00:00,127.3,128.4,126.9,127.8,1453.547
2022-06-15 05:30:00,127.9,129.0,127.3,128.4,1736.408
2022-06-15 06:00:00,128.5,128.7,126.7,127.4,1604.84
2022-06-15 06:30:00,127.3,127.5,126.5,127.4,1269.068
2022-06-15 07:00:00,127.4,128.2,127.2,127.4,712.539
2022-06-15 07:30:00,127.3,127.3,126.0,127.0,1159.136
2022-06-15 08:00:00,127.0,127.5,126.0,127.0,2260.25
2022-06-15 08:30:00,127.1,127.7,125.8,126.0,2689.123
2022-06-15 09:00:00,126.0,127.0,125.8,126.7,1257.669
2022-06-15 09:30:00,126.7,127.0,126.0,126.4,880.949
2022-06-15 10:00:00,126.5,128.9,126.3,127.9,1918.08
2022-06-15 10:30:00,127.8,128.9,127.7,127.9,1088.869
2022-06-15 11:00:00,127.9,128.5,125.9,128.2,2666.685
2022-06-15 11:30:00,128.1,128.8,127.6,128.7,1420.317
2022-06-15 12:00:00,128.6,130.0,128.3,128.8,2996.586
2022-06-15 12:30:00,128.9,129.5,128.1,128.8,1350.235
2022-06-15 13:00:00,128.6,129.8,128.5,129.0,1166.017
2022-06-15 13:30:00,129.2,129.6,128.6,129.2,888.924
2022-06-15 14:00:00,129.1,129.6,127.8,127.9,1313.054
2022-06-15 14:30:00,127.8,128.8,127.8,128.5,730.755
2022-06-15 15:00:00,128.8,129.6,128.7,128.9,705.502
2022-06-15 15:30:00,129.1,129.3,128.6,129.0,553.129
2022-06-15 16:00:00,129.1,129.7,128.6,128.8,1439.321
2022-06-15 16:30:00,128.7,129.1,127.6,128.5,1174.273
2022-06-15 17:00:00,128.4,131.3,128.2,129.3,2107.174
2022-06-15 17:30:00,129.2,131.2,128.7,130.3,1965.712
2022-06-15 18:00:00,130.5,130.7,128.3,129.9,4322.168
2022-06-15 18:30:00,129.9,140.4,129.3,139.6,22429.946
2022-06-15 19:00:00,139.6,152.9,138.3,143.0,81127.967
2022-06-15 19:30:00,143.0,143.3,139.1,141.8,8134.963
2022-06-15 20:00:00,141.7,144.8,140.3,141.0,33479.069
2022-06-15 20:30:00,140.7,144.0,140.2,143.2,2329.183
2022-06-15 21:00:00,143.2,144.3,142.0,142.8,2322.17
2022-06-15 21:30:00,143.0,146.9,142.6,145.5,1844.617
2022-06-15 22:00:00,145.4,149.9,143.9,145.6,4860.443
2022-06-15 22:30:00,145.5,146.6,143.1,144.8,2729.526
2022-06-15 23:00:00,144.8,145.7,144.7,145.5,1199.1
2022-06-15 23:30:00,145.5,148.2,145.2,147.2,2698.512
2022-06-16 00:00:00,147.1,149.0,144.1,145.5,5148.34
2022-06-16 00:30:00,145.6,147.7,145.1,147.2,1901.057
2022-06-16 01:00:00,147.2,148.3,145.6,145.6,2248.077
2022-06-16 01:30:00,145.6,145.7,143.1,143.9,3244.153
2022-06-16 02:00:00,143.9,145.0,143.3,144.9,1522.807
2022-06-16 02:30:00,145.0,147.0,143.8,145.8,2160.029
2022-06-16 03:00:00,145.7,147.5,144.8,145.1,1832.095
2022-06-16 03:30:00,145.1,148.9,144.4,147.2,3238.985
2022-06-16 04:00:00,147.2,149.4,146.3,149.2,2476.223
2022-06-16 04:30:00,149.2,150.0,141.0,145.3,9914.887
2022-06-16 05:00:00,145.4,146.8,144.0,146.1,16404.566
2022-06-16 05:30:00,146.0,147.0,145.2,145.7,5847.532
2022-06-16 06:00:00,145.7,146.3,143.8,144.5,1960.345
2022-06-16 06:30:00,144.5,145.3,144.0,144.4,993.764
2022-06-16 07:00:00,144.2,146.1,142.7,144.1,2362.102
2022-06-16 07:30:00,144.1,144.5,141.6,143.0,2019.29
2022-06-16 08:00:00,143.0,143.5,142.2,143.4,16113.372
2022-06-16 08:30:00,143.4,143.4,141.3,142.7,13003.687
2022-06-16 09:00:00,142.3,143.1,140.2,141.0,21929.584
2022-06-16 09:30:00,140.9,142.5,139.2,141.6,5427.465
2022-06-16 10:00:00,141.6,143.0,140.5,140.9,2471.067
2022-06-16 10:30:00,140.9,142.9,140.2,142.4,2037.764
2022-06-16 11:00:00,142.4,145.1,140.6,141.4,3625.931
2022-06-16 11:30:00,141.4,142.4,140.6,141.6,1607.733
2022-06-16 12:00:00,141.8,142.2,141.0,142.0,888.471
2022-06-16 12:30:00,141.9,142.8,140.9,141.6,1893.773
2022-06-16 13:00:00,141.4,142.5,141.3,142.2,1283.317
2022-06-16 13:30:00,141.8,142.6,139.3,140.7,2952.724
2022-06-16 14:00:00,140.8,142.1,138.4,141.1,3836.252
2022-06-16 14:30:00,141.0,141.2,140.0,140.7,1383.073
2022-06-16 15:00:00,140.5,141.9,139.6,141.1,2315.327
2022-06-16 15:30:00,141.2,141.5,140.4,141.3,889.46
2022-06-16 16:00:00,141.3,142.1,141.0,141.6,1488.547
2022-06-16 16:30:00,141.7,142.6,140.4,141.2,1247.436
2022-06-16 17:00:00,141.2,143.0,141.1,141.9,2063.545
2022-06-16 17:30:00,141.7,144.2,141.7,142.1,2172.916
2022-06-16 18:00:00,142.2,143.0,141.4,142.2,1562.167
2022-06-16 18:30:00,142.1,142.6,141.3,142.1,616.779
2022-06-16 19:00:00,142.1,142.3,141.4,141.8,150.394
2022-06-16 19:30:00,141.8,141.8,140.4,141.2,520.871
2022-06-16 20:00:00,141.2,142.4,141.2,141.9,542.242
2022-06-16 20:30:00,142.0,142.0,140.8,141.7,604.663
2022-06-16 21:00:00,141.6,142.8,141.4,141.5,904.166
2022-06-16 21:30:00,141.6,141.7,140.1,140.2,453.196
2022-06-16 22:00:00,140.1,141.1,139.2,139.4,703.378
2022-06-16 22:30:00,139.4,140.0,138.4,139.3,1020.433
2022-06-16 23:00:00,139.0,139.8,138.3,139.7,864.213
2022-06-16 23:30:00,139.7,139.8,138.7,139.8,617.062
2022-06-17 00:00:00,139.8,142.6,139.2,140.0,2171.427
2022-06-17 00:30:00,140.0,140.6,138.5,139.8,1183.627
2022-06-17 01:00:00,139.8,141.0,139.8,140.2,976.549
2022-06-17 01:30:00,140.2,141.9,140.1,141.6,1329.917
2022-06-17 02:00:00,141.6,141.8,140.0,140.8,457.633
2022-06-17 02:30:00,140.8,141.6,140.3,140.6,469.24
2022-06-17 03:00:00,140.5,141.9,140.4,140.5,1206.921
2022-06-17 03:30:00,140.6,140.9,139.3,139.8,700.0
2022-06-17 04:00:00,139.7,140.2,139.4,140.0,366.05
2022-06-17 04:30:00,139.9,140.5,139.5,140.0,388.761
2022-06-17 05:00:00,140.1,141.4,140.1,140.8,870.63
2022-06-17 05:30:00,141.0,141.2,140.5,140.7,336.447
2022-06-17 06:00:00,140.7,141.3,140.2,141.3,440.663
2022-06-17 06:30:00,141.3,144.5,141.1,142.4,4388.497
2022-06-17 07:00:00,142.3,143.4,141.6,142.7,1590.291
2022-06-17 07:30:00,142.9,143.3,142.1,142.5,673.995
2022-06-17 08:00:00,142.5,142.6,141.7,142.3,449.739
2022-06-17 08:30:00,142.3,142.7,141.3,141.6,467.956
2022-06-17 09:00:00,141.5,142.9,140.8,142.4,872.897
2022-06-17 09:30:00,142.5,142.6,141.7,142.3,333.717
2022-06-17 10:00:00,142.4,142.4,141.4,142.3,277.634
2022-06-17 10:30:00,142.1,142.7,141.5,142.1,475.975
2022-06-17 11:00:00,142.1,142.5,141.9,142.1,180.284
2022-06-17 11:30:00,142.1,142.6,141.3,141.4,440.942
2022-06-17 12:00:00,141.5,142.9,141.4,142.0,850.235
2022-06-17 12:30:00,141.8,142.1,140.4,141.2,1718.312
2022-06-17 13:00:00,141.4,142.0,140.0,140.2,1174.951
2022-06-17 13:30:00,140.3,141.9,140.1,140.1,1457.256
2022-06-17 14:00:00,140.1,141.5,139.4,140.9,1709.188
2022-06-17 14:30:00,141.0,141.1,140.3,140.6,333.991
2022-06-17 15:00:00,140.6,141.3,140.5,141.2,303.322
2022-06-17 15:30:00,141.2,141.2,140.4,141.1,157.975
2022-06-17 16:00:00,141.1,141.7,140.5,140.5,299.761
2022-06-17 16:30:00,140.5,140.5,139.6,139.9,306.626
2022-06-17 17:00:00,139.9,141.5,139.9,140.4,429.563
2022-06-17 17:30:00,140.4,140.4,139.5,139.7,307.594
2022-06-17 18:00:00,139.8,141.5,139.8,140.2,240.297
2022-06-17 18:30:00,140.1,140.1,139.0,139.2,604.631
2022-06-17 19:00:00,139.2,140.0,139.2,139.4,278.633
2022-06-17 19:30:00,139.4,140.8,139.1,139.8,553.185
2022-06-17 20:00:00,139.8,140.8,139.8,140.8,221.363
2022-06-17 20:30:00,140.7,140.9,139.5,139.7,305.027
2022-06-17 21:00:00,139.8,139.9,139.3,139.5,79.529
2022-06-17 21:30:00,139.3,139.5,138.8,139.2,258.284
2022-06-17 22:00:00,139.1,139.6,138.9,139.3,987.257
2022-06-17 22:30:00,139.2,139.4,138.7,139.0,993.874
2022-06-17 23:00:00,139.0,139.2,138.7,139.2,132.762
2022-06-17 23:30:00,139.2,139.4,138.5,138.7,320.615
2022-06-18 00:00:00,138.6,139.6,138.5,139.6,331.59
2022-06-18 00:30:00,139.6,139.8,138.7,138.8,1308.291
2022-06-18 01:00:00,138.8,138.9,138.5,138.8,233.071
2022-06-18 01:30:00,138.8,138.9,138.5,138.5,1050.104
2022-06-18 02:00:00,138.5,138.8,138.4,138.7,314.503
2022-06-18 02:30:00,138.5,138.8,138.5,138.8,74.189
2022-06-18 03:00:00,138.8,139.4,138.7,139.2,206.155
2022-06-18 03:30:00,139.0,139.1,138.4,138.5,105.088
2022-06-18 04:00:00,138.6,139.5,138.6,139.4,495.944
2022-06-18 04:30:00,139.4,140.6,139.3,140.2,655.441
2022-06-18 05:00:00,140.2,140.5,139.5,139.8,267.148
2022-06-18 05:30:00,139.8,139.8,138.8,139.4,202.327
2022-06-18 06:00:00,139.3,139.8,139.3,139.4,199.617
2022-06-18 06:30:00,139.5,140.0,138.1,139.3,2529.646
2022-06-18 07:00:00,139.4,140.4,138.4,139.2,2503.306
2022-06-18 07:30:00,139.3,139.5,138.5,139.5,913.798
2022-06-18 08:00:00,139.5,140.9,138.5,140.8,2042.952
2022-06-18 08:30:00,140.7,143.0,139.4,141.2,3873.804
2022-06-18 09:00:00,141.2,141.4,139.9,141.0,975.853
2022-06-18 09:30:00,141.0,141.1,139.1,139.8,997.203
2022-06-18 10:00:00,139.8,141.6,139.8,140.3,970.749
2022-06-18 10:30:00,140.6,141.0,139.9,139.9,522.365
2022-06-18 11:00:00,140.0,140.8,139.9,140.5,337.577
2022-06-18 11:30:00,140.7,140.8,140.1,140.3,96.506
2022-06-18 12:00:00,140.3,141.8,140.3,140.5,1677.035
2022-06-18 12:30:00,140.5,141.0,140.5,140.7,322.271
2022-06-18 13:00:00,140.7,141.5,140.6,141.1,832.764
2022-06-18 13:30:00,141.0,141.8,140.7,141.3,865.833
2022-06-18 14:00:00,141.3,141.7,140.9,141.3,1063.407
2022-06-18 14:30:00,141.4,141.6,140.4,140.4,546.985
2022-06-18 15:00:00,140.5,141.2,140.2,141.0,463.598
2022-06-18 15:30:00,140.9,140.9,140.3,140.5,334.304
2022-06-18 16:00:00,140.4,140.9,140.3,140.6,165.439
2022-06-18 16:30:00,140.7,141.1,140.1,140.7,414.526
2022-06-18 17:00:00,140.7,141.1,139.7,139.9,504.044
2022-06-18 17:30:00,139.9,140.0,138.6,139.0,1279.061
2022-06-18 18:00:00,139.0,139.4,138.7,139.2,958.637
2022-06-18 18:30:00,139.1,140.3,138.8,139.7,596.683
2022-06-18 19:00:00,139.6,140.9,139.6,140.3,1054.576
2022-06-18 19:30:00,140.2,140.5,139.0,139.1,1023.487
2022-06-18 20:00:00,139.2,140.6,137.9,139.2,7448.01
2022-06-18 20:30:00,139.1,140.1,138.2,138.8,2064.594
2022-06-18 21:00:00,138.8,140.5,138.6,139.9,1071.152
2022-06-18 21:30:00,139.9,141.2,139.5,140.2,754.76
2022-06-18 22:00:00,140.2,142.8,139.8,142.3,1326.053
2022-06-18 22:30:00,142.5,142.9,141.4,142.3,419.081
2022-06-18 23:00:00,142.4,143.0,141.5,142.4,721.63
2022-06-18 23:30:00,142.4,142.9,141.4,141.9,640.704
2022-06-19 00:00:00,141.8,142.7,141.5,142.3,474.111
2022-06-19 00:30:00,142.3,142.3,140.7,141.0,481.108
2022-06-19 01:00:00,141.0,141.2,139.7,140.0,1547.716
2022-06-19 01:30:00,139.8,139.8,137.9,138.6,2194.393
2022-06-19 02:00:00,138.7,139.2,138.4,138.7,292.647
2022-06-19 02:30:00,138.7,139.5,138.7,139.3,327.73
2022-06-19 03:00:00,139.3,140.2,139.0,139.1,476.481
2022-06-19 03:30:00,139.1,139.4,138.7,138.8,106.803
2022-06-19 04:00:00,138.8,139.1,138.5,138.6,142.903
2022-06-19 04:30:00,138.5,139.0,138.3,138.5,321.943
2022-06-19 05:00:00,138.6,140.0,138.0,138.4,2143.366
2022-06-19 05:30:00,138.5,138.6,138.0,138.5,1123.048
2022-06-19 06:00:00,138.4,138.8,138.0,138.3,805.193
2022-06-19 06:30:00,138.3,139.5,138.0,138.3,1689.664
2022-06-19 07:00:00,138.4,138.9,138.4,138.8,563.513
2022-06-19 07:30:00,138.6,138.9,138.0,138.1,424.987
2022-06-19 08:00:00,138.1,138.4,138.0,138.1,505.715
2022-06-19 08:30:00,138.4,138.5,138.0,138.1,383.666
2022-06-19 09:00:00,138.1,138.9,138.0,138.7,608.711
2022-06-19 09:30:00,138.7,139.5,138.4,138.7,1292.269
2022-06-19 10:00:00,138.6,140.1,138.5,139.6,1917.058
2022-06-19 10:30:00,139.7,141.1,139.3,140.8,2509.023
2022-06-19 11:00:00,140.9,140.9,139.3,139.6,827.843
2022-06-19 11:30:00,139.7,139.9,138.9,139.9,569.137
2022-06-19 12:00:00,139.8,140.1,139.1,139.4,432.479
2022-06-19 12:30:00,139.2,139.9,139.1,139.4,213.286
2022-06-19 13:00:00,139.3,140.1,139.3,139.8,159.898
2022-06-19 13:30:00,139.9,140.0,138.9,138.9,552.241
2022-06-19 14:00:00,138.8,139.0,138.4,138.7,1204.077
2022-06-19 14:30:00,138.7,139.2,138.7,138.8,163.354
2022-06-19 15:00:00,138.8,139.2,138.5,138.7,96.449
2022-06-19 15:30:00,138.8,140.0,138.7,139.7,1045.533
2022-06-19 16:00:00,139.7,139.7,139.0,139.4,102.792
2022-06-19 16:30:00,139.2,139.3,138.6,138.7,183.456
2022-06-19 17:00:00,139.0,139.1,138.7,138.7,41.015
2022-06-19 17:30:00,138.7,139.3,138.7,139.0,98.314
2022-06-19 18:00:00,139.1,139.7,139.1,139.5,327.97
2022-06-19 18:30:00,139.6,140.3,139.0,140.2,846.035
2022-06-19 19:00:00,140.2,140.5,139.3,139.6,502.799
2022-06-19 19:30:00,139.5,140.0,139.3,139.7,280.583
2022-06-19 20:00:00,139.6,140.1,139.5,140.1,331.567
2022-06-19 20:30:00,140.1,140.6,139.5,139.6,519.614
2022-06-19 21:00:00,139.6,139.7,138.5,139.0,985.178
2022-06-19 21:30:00,139.0,139.7,138.9,139.6,172.651
2022-06-19 22:00:00,139.6,139.6,138.6,138.7,392.162
2022-06-19 22:30:00,138.8,138.8,138.0,138.4,661.929
2022-06-19 23:00:00,138.4,139.2,138.3,138.9,598.339
2022-06-19 23:30:00,138.9,139.6,138.6,139.3,248.622
2022-06-20 00:00:00,139.4,139.5,138.6,138.8,348.587
2022-06-20 00:30:00,138.8,139.1,138.0,138.2,679.454
2022-06-20 01:00:00,138.2,139.4,138.1,138.8,2008.674
2022-06-20 01:30:00,138.8,139.1,138.6,138.7,375.187
2022-06-20 02:00:00,138.7,139.1,138.1,138.1,299.154
2022-06-20 02:30:00,138.1,138.7,138.1,138.5,302.831
2022-06-20 03:00:00,138.6,138.7,138.2,138.2,516.433
2022-06-20 03:30:00,138.2,138.5,138.2,138.4,376.855
2022-06-20 04:00:00,138.2,138.5,137.9,138.2,1739.472
2022-06-20 04:30:00,138.1,138.9,138.0,138.3,1371.974
2022-06-20 05:00:00,138.3,139.2,138.3,138.8,721.747
2022-06-20 05:30:00,138.9,139.3,138.6,139.2,280.805
2022-06-20 06:00:00,139.2,139.6,138.6,138.8,424.12
2022-06-20 06:30:00,138.7,139.7,138.7,139.5,368.649
2022-06-20 07:00:00,139.5,139.8,138.7,139.3,260.457
2022-06-20 07:30:00,139.4,139.6,138.7,139.1,259.13
2022-06-20 08:00:00,139.3,140.1,139.1,140.0,787.699
2022-06-20 08:30:00,140.1,140.1,139.2,139.4,472.076
2022-06-20 09:00:00,139.5,139.9,139.2,139.7,612.324
2022-06-20 09:30:00,139.8,140.0,139.2,139.3,173.072
2022-06-20 10:00:00,139.4,139.7,139.2,139.6,366.897
2022-06-20 10:30:00,139.5,140.0,138.7,139.7,1085.2
2022-06-20 11:00:00,139.7,140.1,139.6,139.7,339.745
2022-06-20 11:30:00,139.9,139.9,139.7,139.7,115.026
2022-06-20 12:00:00,139.8,140.0,139.3,139.6,615.847
2022-06-20 12:30:00,139.6,139.7,139.2,139.5,697.796
2022-06-20 13:00:00,139.4,139.8,139.3,139.6,518.884
2022-06-20 13:30:00,139.6,139.7,139.0,139.3,616.674
2022-06-20 14:00:00,139.3,139.6,139.2,139.5,155.402
2022-06-20 14:30:00,139.7,139.8,139.2,139.4,605.508
2022-06-20 15:00:00,139.6,139.6,139.0,139.2,599.901
2022-06-20 15:30:00,139.2,139.6,139.0,139.5,692.273
2022-06-20 16:00:00,139.5,139.7,138.6,139.1,1990.983
2022-06-20 16:30:00,139.1,139.3,138.8,138.9,878.953
2022-06-20 17:00:00,138.9,139.4,138.6,139.3,246.074
2022-06-20 17:30:00,139.2,139.4,138.7,138.8,204.098
2022-06-20 18:00:00,138.8,139.1,138.7,138.8,149.903
2022-06-20 18:30:00,138.7,138.9,138.4,138.7,368.509
2022-06-20 19:00:00,138.6,138.8,138.4,138.6,96.644
2022-06-20 19:30:00,138.6,138.7,138.4,138.4,210.486
2022-06-20 20:00:00,138.4,138.5,138.3,138.4,56.941
2022-06-20 20:30:00,138.3,138.6,138.3,138.4,102.346
2022-06-20 21:00:00,138.5,138.5,138.3,138.4,65.646
2022-06-20 21:30:00,138.4,138.4,138.0,138.0,214.15
2022-06-20 22:00:00,138.0,138.1,135.1,135.2,4852.271
2022-06-20 22:30:00,135.2,136.5,135.2,136.4,450.485
2022-06-20 23:00:00,136.5,137.2,136.3,136.5,493.496
2022-06-20 23:30:00,136.8,137.6,136.4,137.1,588.16
2022-06-21 00:00:00,137.0,137.8,136.4,137.4,619.079
2022-06-21 00:30:00,137.4,137.4,136.4,137.2,348.337
2022-06-21 01:00:00,137.4,138.8,136.9,138.0,2143.886
2022-06-21 01:30:00,138.0,138.6,138.0,138.3,765.763
2022-06-21 02:00:00,138.4,138.4,138.0,138.2,845.389
2022-06-21 02:30:00,138.2,138.4,138.0,138.1,306.031
2022-06-21 03:00:00,138.0,138.0,136.9,137.6,998.213
2022-06-21 03:30:00,137.4,137.4,136.4,136.7,346.241
2022-06-21 04:00:00,136.8,137.5,136.4,136.6,297.312
2022-06-21 04:30:00,136.6,136.8,136.1,136.6,273.534
2022-06-21 05:00:00,136.6,137.1,135.8,136.7,1236.346
2022-06-21 05:30:00,136.8,137.6,136.5,137.3,990.964
2022-06-21 06:00:00,137.5,137.9,137.3,137.3,491.564
2022-06-21 06:30:00,137.3,137.3,137.0,137.2,258.327
2022-06-21 07:00:00,137.3,137.4,136.2,136.4,517.512
2022-06-21 07:30:00,136.5,136.7,135.9,136.0,339.368
2022-06-21 08:00:00,136.1,136.8,136.1,136.3,338.883
2022-06-21 08:30:00,136.4,136.8,136.1,136.5,502.041
2022-06-21 09:00:00,136.4,136.7,135.4,135.4,417.268
2022-06-21 09:30:00,135.5,135.6,135.0,135.3,1452.078
2022-06-21 10:00:00,135.3,135.6,135.2,135.6,1328.425
2022-06-21 10:30:00,135.6,136.0,135.3,135.6,580.728
2022-06-21 11:00:00,135.5,135.6,135.2,135.3,300.859
2022-06-21 11:30:00,135.2,135.4,135.0,135.0,1202.65
2022-06-21 12:00:00,135.1,135.1,132.8,134.5,6387.908
2022-06-21 12:30:00,134.2,135.2,134.2,135.0,878.484
2022-06-21 13:00:00,135.0,135.6,134.8,135.4,723.784
2022-06-21 13:30:00,135.4,135.8,134.2,134.2,1967.874
2022-06-21 14:00:00,134.2,134.6,133.2,134.6,1038.585
2022-06-21 14:30:00,134.4,134.5,132.0,132.0,2002.533
2022-06-21 15:00:00,132.0,132.8,132.0,132.6,943.207
2022-06-21 15:30:00,132.6,133.0,132.1,132.4,326.738
2022-06-21 16:00:00,132.3,135.5,132.3,133.9,2958.596
2022-06-21 16:30:00,133.8,134.0,132.7,132.9,849.903
2022-06-21 17:00:00,132.9,133.2,132.5,133.0,256.157
2022-06-21 17:30:00,133.0,133.2,132.1,132.1,389.857
2022-06-21 18:00:00,132.1,132.7,131.9,132.4,897.786
2022-06-21 18:30:00,132.4,133.0,132.2,132.7,562.219
2022-06-21 19:00:00,132.7,133.1,132.5,133.0,453.056
2022-06-21 19:30:00,132.9,133.1,132.3,132.4,856.354
2022-06-21 20:00:00,132.3,132.7,131.8,132.1,281.472
2022-06-21 20:30:00,131.9,132.3,131.8,132.1,124.648
2022-06-21 21:00:00,132.1,132.3,132.0,132.1,122.052
2022-06-21 21:30:00,132.1,132.6,132.0,132.2,290.106
2022-06-21 22:00:00,132.2,132.2,131.1,131.4,424.997
2022-06-21 22:30:00,131.4,133.2,131.4,132.9,461.138
2022-06-21 23:00:00,132.9,133.3,131.9,131.9,926.639
2022-06-21 23:30:00,131.9,137.6,131.6,137.2,9742.31
2022-06-22 00:00:00,137.3,137.6,133.6,134.6,2055.783
2022-06-22 00:30:00,134.6,135.1,134.1,134.7,249.198
2022-06-22 01:00:00,134.7,134.7,134.2,134.3,324.545
2022-06-22 01:30:00,134.3,134.4,132.8,132.8,353.043
2022-06-22 02:00:00,132.8,133.2,132.6,133.2,327.811
2022-06-22 02:30:00,133.1,133.9,133.1,133.4,157.729
2022-06-22 03:00:00,133.4,133.4,132.9,133.1,130.26
2022-06-22 03:30:00,133.0,133.0,131.9,132.2,1160.251
2022-06-22 04:00:00,132.4,132.9,132.1,132.3,142.894
2022-06-22 04:30:00,132.4,132.7,132.0,132.6,106.596
2022-06-22 05:00:00,132.6,133.4,132.4,133.1,186.839
2022-06-22 05:30:00,133.1,133.3,132.0,132.1,158.589
2022-06-22 06:00:00,132.0,132.5,131.5,132.0,329.082
2022-06-22 06:30:00,132.0,132.8,131.8,132.4,427.143
2022-06-22 07:00:00,132.4,132.4,131.7,132.0,720.104
2022-06-22 07:30:00,132.0,132.2,131.5,132.0,432.39
2022-06-22 08:00:00,132.1,132.5,131.9,132.3,177.528
2022-06-22 08:30:00,132.4,132.5,131.9,132.4,293.944
2022-06-22 09:00:00,132.4,132.6,132.2,132.2,179.332
2022-06-22 09:30:00,132.3,132.7,132.2,132.5,492.558
2022-06-22 10:00:00,132.4,133.0,132.3,132.5,273.534
2022-06-22 10:30:00,132.6,132.7,132.2,132.2,168.251
2022-06-22 11:00:00,132.3,132.4,131.7,132.1,343.908
2022-06-22 11:30:00,132.0,132.1,131.5,131.6,343.264
2022-06-22 12:00:00,131.6,132.2,131.4,131.5,295.114
2022-06-22 12:30:00,131.5,131.9,131.0,131.5,1384.527
2022-06-22 13:00:00,131.4,132.0,131.3,131.9,227.047
2022-06-22 13:30:00,131.9,132.7,131.5,132.7,566.86
2022-06-22 14:00:00,132.5,132.7,131.9,132.3,324.242
2022-06-22 14:30:00,132.2,132.4,131.5,131.5,286.547
2022-06-22 15:00:00,131.4,131.8,130.4,131.1,1552.448
2022-06-22 15:30:00,131.3,131.6,130.6,130.8,287.638
2022-06-22 16:00:00,130.6,131.3,130.5,131.0,448.379
2022-06-22 16:30:00,130.9,131.9,130.8,131.8,255.541
2022-06-22 17:00:00,131.8,131.8,131.1,131.3,193.127
2022-06-22 17:30:00,131.5,131.6,130.8,130.8,69.332
2022-06-22 18:00:00,130.8,131.2,130.7,130.7,148.259
2022-06-22 18:30:00,130.7,130.9,130.6,130.6,174.828
2022-06-22 19:00:00,130.5,130.9,130.5,130.5,114.95
2022-06-22 19:30:00,130.5,130.7,130.3,130.5,216.805
2022-06-22 20:00:00,130.5,131.2,130.4,131.1,593.675
2022-06-22 20:30:00,131.0,131.0,130.4,130.4,355.111
2022-06-22 21:00:00,130.6,130.6,130.2,130.5,228.059
2022-06-22 21:30:00,130.4,130.5,130.1,130.4,445.202
2022-06-22 22:00:00,130.4,130.6,130.1,130.1,143.129
2022-06-22 22:30:00,130.1,130.5,130.0,130.4,479.417
2022-06-22 23:00:00,130.2,130.5,130.1,130.2,45.532
2022-06-22 23:30:00,130.2,130.3,130.0,130.0,662.062
2022-06-23 00:00:00,130.0,130.0,127.9,129.6,3878.185
2022-06-23 00:30:00,129.7,130.3,129.5,130.0,450.889
2022-06-23 01:00:00,130.1,130.9,130.1,130.8,290.829
2022-06-23 01:30:00,130.8,131.0,129.7,129.8,287.955
2022-06-23 02:00:00,129.9,130.0,129.1,129.2,617.543
2022-06-23 02:30:00,129.3,129.5,128.8,129.0,175.776
2022-06-23 03:00:00,128.8,128.9,127.9,128.0,319.783
2022-06-23 03:30:00,128.1,128.3,127.8,127.9,268.6
2022-06-23 04:00:00,127.9,128.8,127.9,128.5,469.527
2022-06-23 04:30:00,128.4,129.2,128.1,128.3,404.489
2022-06-23 05:00:00,128.1,128.9,128.1,128.7,243.661
2022-06-23 05:30:00,128.8,129.0,128.2,128.2,208.188
2022-06-23 06:00:00,128.3,128.5,128.2,128.5,318.377
2022-06-23 06:30:00,128.5,129.8,128.4,129.6,1455.648
2022-06-23 07:00:00,129.6,130.3,129.0,129.4,606.997
2022-06-23 07:30:00,129.5,129.6,129.1,129.4,177.754
2022-06-23 08:00:00,129.4,131.1,128.7,129.6,1114.67
2022-06-23 08:30:00,129.6,129.8,128.7,129.1,436.694
2022-06-23 09:00:00,129.2,129.5,128.8,128.8,368.092
2022-06-23 09:30:00,128.8,129.1,128.2,129.1,590.872
2022-06-23 10:00:00,129.0,129.3,128.6,128.9,736.524
2022-06-23 10:30:00,129.0,129.4,128.6,129.3,821.496
2022-06-23 11:00:00,129.3,129.3,129.0,129.2,200.457
2022-06-23 11:30:00,129.2,129.2,128.6,128.9,222.801
2022-06-23 12:00:00,128.9,129.4,128.7,129.0,666.458
2022-06-23 12:30:00,129.0,129.6,128.2,128.5,288.338
2022-06-23 13:00:00,128.5,128.8,128.4,128.5,177.163
2022-06-23 13:30:00,128.6,128.8,126.3,126.8,1644.451
2022-06-23 14:00:00,126.7,127.8,126.2,127.5,11145.118
2022-06-23 14:30:00,127.5,128.2,127.1,128.0,977.14
2022-06-23 15:00:00,128.0,128.1,127.1,127.2,529.328
2022-06-23 15:30:00,127.3,127.7,127.1,127.4,291.124
2022-06-23 16:00:00,127.4,127.5,127.1,127.5,248.986
2022-06-23 16:30:00,127.4,128.0,127.3,127.4,208.387
2022-06-23 17:00:00,127.3,127.7,127.0,127.3,223.232
2022-06-23 17:30:00,127.3,127.7,127.1,127.4,180.592
2022-06-23 18:00:00,127.3,127.6,127.1,127.3,602.294
2022-06-23 18:30:00,127.3,127.4,127.0,127.1,192.247
2022-06-23 19:00:00,127.0,127.6,127.0,127.3,2149.503
2022-06-23 19:30:00,127.3,128.3,127.3,127.9,622.396
2022-06-23 20:00:00,128.0,133.0,127.8,131.2,9801.919
2022-06-23 20:30:00,131.2,131.5,130.3,131.2,1196.195
2022-06-23 21:00:00,131.1,131.8,130.3,131.2,666.059
2022-06-23 21:30:00,131.1,131.3,130.2,130.5,290.124
2022-06-23 22:00:00,130.4,132.4,130.4,131.8,773.617
2022-06-23 22:30:00,131.8,132.1,130.8,131.2,374.9
2022-06-23 23:00:00,131.1,132.9,131.0,132.7,1267.076
2022-06-23 23:30:00,132.6,132.8,131.9,131.9,241.526
2022-06-24 00:00:00,131.9,132.5,131.6,132.1,581.832
2022-06-24 00:30:00,132.1,132.3,130.5,130.7,1154.586
2022-06-24 01:00:00,130.7,131.8,130.6,131.6,631.602
2022-06-24 01:30:00,131.6,132.8,131.0,131.7,1306.831
2022-06-24 02:00:00,131.8,132.8,131.5,132.6,355.657
2022-06-24 02:30:00,132.7,134.7,132.6,133.3,2449.168
2022-06-24 03:00:00,133.2,134.0,133.2,133.3,491.649
2022-06-24 03:30:00,133.3,133.4,131.8,132.4,1017.319
2022-06-24 04:00:00,132.3,133.4,132.2,132.8,688.74
2022-06-24 04:30:00,132.8,133.0,131.4,131.8,1083.705
2022-06-24 05:00:00,131.8,132.2,130.7,131.9,1150.749
2022-06-24 05:30:00,132.0,132.4,130.7,130.8,830.512
2022-06-24 06:00:00,130.8,131.4,130.6,130.9,446.364
2022-06-24 06:30:00,131.0,131.2,130.4,130.6,269.508
2022-06-24 07:00:00,130.7,131.0,129.4,130.2,1153.516
2022-06-24 07:30:00,130.2,131.0,130.2,130.8,387.015
2022-06-24 08:00:00,130.6,131.5,130.5,130.7,703.341
2022-06-24 08:30:00,130.7,131.8,130.6,131.3,224.985
2022-06-24 09:00:00,131.5,131.6,130.7,130.8,176.424
2022-06-24 09:30:00,130.8,131.4,130.4,131.0,289.753
2022-06-24 10:00:00,131.1,131.7,130.4,131.7,418.565
2022-06-24 10:30:00,131.7,132.3,131.5,132.0,503.926
2022-06-24 11:00:00,132.1,132.9,132.0,132.7,981.364
2022-06-24 11:30:00,132.7,133.0,132.4,132.6,569.995
2022-06-24 12:00:00,132.6,134.1,132.4,133.7,1990.142
2022-06-24 12:30:00,133.7,133.7,132.2,132.6,557.461
2022-06-24 13:00:00,132.6,133.4,132.6,133.2,581.319
2022-06-24 13:30:00,133.2,133.4,132.6,132.6,247.998
2022-06-24 14:00:00,132.6,133.1,132.6,132.7,254.52
2022-06-24 14:30:00,132.6,132.6,131.3,131.8,756.82
2022-06-24 15:00:00,131.7,131.9,131.0,131.4,545.092
2022-06-24 15:30:00,131.5,131.9,131.2,131.9,255.342
2022-06-24 16:00:00,131.9,132.2,131.7,131.9,331.55
2022-06-24 16:30:00,131.9,132.1,131.1,131.8,450.682
2022-06-24 17:00:00,131.8,132.3,131.8,132.0,378.046
2022-06-24 17:30:00,132.0,132.0,131.2,131.3,114.268
2022-06-24 18:00:00,131.2,131.4,130.6,131.2,508.498
2022-06-24 18:30:00,131.2,132.1,131.2,131.9,386.495
2022-06-24 19:00:00,132.1,132.4,131.9,132.2,410.453
2022-06-24 19:30:00,132.2,132.6,131.9,131.9,305.351
2022-06-24 20:00:00,132.0,132.7,132.0,132.6,465.909
2022-06-24 20:30:00,132.5,132.8,132.1,132.2,284.264
2022-06-24 21:00:00,132.2,132.9,132.2,132.8,251.767
2022-06-24 21:30:00,132.9,133.1,132.5,132.8,134.663
2022-06-24 22:00:00,132.7,133.1,132.4,132.6,256.102
2022-06-24 22:30:00,132.6,132.6,132.0,132.0,176.784
2022-06-24 23:00:00,132.1,132.1,131.6,132.0,156.832
2022-06-24 23:30:00,131.9,132.2,131.0,131.0,389.265
2022-06-25 00:00:00,131.1,131.9,130.6,131.6,594.687
2022-06-25 00:30:00,131.6,131.8,130.9,131.5,560.242
2022-06-25 01:00:00,131.5,132.4,131.2,132.1,1207.533
2022-06-25 01:30:00,132.2,132.7,132.0,132.6,939.081
2022-06-25 02:00:00,132.4,132.6,131.1,131.6,309.231
2022-06-25 02:30:00,131.6,131.6,130.7,130.9,522.244
2022-06-25 03:00:00,130.9,131.3,130.8,131.3,212.793
2022-06-25 03:30:00,131.1,131.5,130.8,131.4,556.281
2022-06-25 04:00:00,131.2,132.0,131.1,131.1,760.991
2022-06-25 04:30:00,131.1,131.5,131.0,131.5,194.505
2022-06-25 05:00:00,131.5,131.9,131.1,131.1,757.618
2022-06-25 05:30:00,131.2,131.4,130.9,131.0,237.306
2022-06-25 06:00:00,131.0,131.1,130.2,130.4,722.628
2022-06-25 06:30:00,130.4,131.1,130.3,131.0,327.166
2022-06-25 07:00:00,131.1,131.6,131.0,131.4,748.107
2022-06-25 07:30:00,131.5,131.7,131.1,131.2,490.958
2022-06-25 08:00:00,131.3,131.6,130.8,131.0,1116.912
2022-06-25 08:30:00,130.8,130.9,129.0,130.3,3065.556
2022-06-25 09:00:00,130.3,130.8,130.2,130.6,623.94
2022-06-25 09:30:00,130.6,131.0,130.1,130.4,702.777
2022-06-25 10:00:00,130.5,130.8,129.9,129.9,229.375
2022-06-25 10:30:00,129.9,130.0,129.4,129.8,216.332
2022-06-25 11:00:00,129.8,129.9,129.5,129.8,182.043
2022-06-25 11:30:00,129.7,129.7,129.1,129.1,133.526
2022-06-25 12:00:00,129.1,129.4,127.0,127.0,3510.315
2022-06-25 12:30:00,127.0,128.4,127.0,127.6,1370.332
2022-06-25 13:00:00,127.5,128.4,127.3,128.3,209.276
2022-06-25 13:30:00,128.2,128.8,127.9,128.1,428.692
2022-06-25 14:00:00,128.2,128.5,127.8,128.3,121.167
2022-06-25 14:30:00,128.3,128.3,127.7,128.2,828.489
2022-06-25 15:00:00,128.2,128.5,128.0,128.4,166.728
2022-06-25 15:30:00,128.4,128.6,127.9,128.1,278.73
2022-06-25 16:00:00,128.0,128.1,127.6,127.7,296.4
2022-06-25 16:30:00,128.0,128.0,127.7,128.0,101.851
2022-06-25 17:00:00,128.0,128.0,127.7,127.9,213.424
2022-06-25 17:30:00,128.0,128.2,127.8,128.1,158.641
2022-06-25 18:00:00,128.1,128.3,127.7,127.8,164.229
2022-06-25 18:30:00,127.6,128.6,127.6,128.4,307.467
2022-06-25 19:00:00,128.4,128.5,128.1,128.5,410.474
2022-06-25 19:30:00,128.5,128.6,127.8,127.9,84.071
2022-06-25 20:00:00,127.9,127.9,127.5,127.6,144.835
2022-06-25 20:30:00,127.6,127.8,127.5,127.6,77.293
2022-06-25 21:00:00,127.9,128.5,127.8,128.4,234.541
2022-06-25 21:30:00,128.4,128.6,128.1,128.4,166.953
2022-06-25 22:00:00,128.4,128.5,127.8,128.4,175.257
2022-06-25 22:30:00,128.3,128.5,128.1,128.3,201.573
2022-06-25 23:00:00,128.4,128.7,128.3,128.6,194.921
2022-06-25 23:30:00,128.3,128.7,128.2,128.5,231.408
2022-06-26 00:00:00,128.5,128.6,127.7,127.8,294.712
2022-06-26 00:30:00,127.9,128.4,127.7,128.4,93.927
2022-06-26 01:00:00,128.4,128.5,128.1,128.3,229.926
2022-06-26 01:30:00,128.3,128.3,127.2,127.7,630.82
2022-06-26 02:00:00,127.7,127.7,127.4,127.7,191.419
2022-06-26 02:30:00,127.7,128.0,127.5,127.6,232.747
2022-06-26 03:00:00,127.6,127.8,127.6,127.8,117.366
2022-06-26 03:30:00,127.8,128.4,127.6,128.1,348.797
2022-06-26 04:00:00,128.2,128.2,128.1,128.1,135.026
2022-06-26 04:30:00,128.1,128.3,128.1,128.1,194.665
2022-06-26 05:00:00,128.2,128.3,127.8,128.0,95.768
2022-06-26 05:30:00,128.0,128.7,127.9,128.5,428.341
2022-06-26 06:00:00,128.6,129.7,128.3,129.5,1145.968
2022-06-26 06:30:00,129.5,130.0,129.3,129.4,371.611
2022-06-26 07:00:00,129.3,129.7,128.7,129.0,196.841
2022-06-26 07:30:00,129.1,129.5,128.9,129.3,108.181
2022-06-26 08:00:00,129.3,130.5,129.2,129.2,522.775
2022-06-26 08:30:00,129.2,129.4,128.6,128.8,528.796
2022-06-26 09:00:00,128.9,129.3,128.7,129.1,86.04
2022-06-26 09:30:00,129.1,129.1,127.9,128.3,171.298
2022-06-26 10:00:00,128.5,128.6,128.2,128.4,104.76
2022-06-26 10:30:00,128.4,128.6,128.0,128.5,137.093
2022-06-26 11:00:00,128.5,128.8,128.4,128.5,121.775
2022-06-26 11:30:00,128.5,129.5,128.4,129.3,407.337
2022-06-26 12:00:00,129.4,129.8,128.8,129.0,659.116
2022-06-26 12:30:00,128.9,129.2,128.5,128.7,113.701
2022-06-26 13:00:00,128.7,129.3,128.6,129.2,254.306
2022-06-26 13:30:00,129.3,129.5,129.0,129.1,254.326
2022-06-26 14:00:00,129.0,129.7,129.0,129.6,377.18
2022-06-26 14:30:00,129.6,129.8,129.4,129.5,303.721
2022-06-26 15:00:00,129.5,129.5,128.2,128.7,677.008
2022-06-26 15:30:00,128.7,129.1,128.7,128.8,129.927
2022-06-26 16:00:00,128.7,128.8,128.5,128.6,116.093
2022-06-26 16:30:00,128.7,128.8,128.5,128.5,18.424
2022-06-26 17:00:00,128.6,128.7,127.3,127.6,564.902
2022-06-26 17:30:00,127.4,127.9,127.4,127.9,131.867
2022-06-26 18:00:00,127.8,127.9,127.1,127.2,279.95
2022-06-26 18:30:00,127.2,127.4,127.2,127.3,62.467
2022-06-26 19:00:00,127.2,127.6,127.2,127.6,99.235
2022-06-26 19:30:00,127.6,127.9,127.6,127.7,136.965
2022-06-26 20:00:00,127.8,127.9,127.3,127.6,89.808
2022-06-26 20:30:00,127.5,128.2,127.4,127.9,229.187
2022-06-26 21:00:00,128.0,128.1,127.2,127.4,273.45
2022-06-26 21:30:00,127.3,127.5,127.1,127.5,292.395
2022-06-26 22:00:00,127.4,127.6,127.1,127.6,234.08
2022-06-26 22:30:00,127.5,127.5,127.1,127.3,236.633
2022-06-26 23:00:00,127.3,127.4,127.2,127.3,198.311
2022-06-26 23:30:00,127.4,127.4,127.1,127.3,352.005
2022-06-27 00:00:00,127.3,127.5,127.1,127.4,204.834
2022-06-27 00:30:00,127.5,127.9,127.4,127.7,413.335
2022-06-27 01:00:00,127.7,128.0,127.5,127.9,349.164
2022-06-27 01:30:00,127.7,128.2,127.7,128.2,197.025
2022-06-27 02:00:00,128.2,128.4,128.0,128.2,340.787
2022-06-27 02:30:00,128.2,128.8,128.1,128.7,461.371
2022-06-27 03:00:00,128.7,128.7,128.2,128.2,100.836
2022-06-27 03:30:00,128.3,128.7,128.3,128.5,294.512
2022-06-27 04:00:00,128.6,128.6,128.0,128.2,150.879
2022-06-27 04:30:00,128.1,128.2,127.8,128.1,99.738
2022-06-27 05:00:00,128.0,128.1,127.7,127.7,70.148
2022-06-27 05:30:00,127.6,127.9,126.5,126.9,2485.019
2022-06-27 06:00:00,126.9,127.4,126.7,127.3,243.332
2022-06-27 06:30:00,127.3,127.5,127.2,127.5,143.275
2022-06-27 07:00:00,127.5,127.9,127.4,127.8,630.212
2022-06-27 07:30:00,127.9,128.0,126.8,127.1,461.343
2022-06-27 08:00:00,127.2,127.6,127.2,127.6,176.056
2022-06-27 08:30:00,127.5,128.2,127.4,128.0,522.778
2022-06-27 09:00:00,128.0,128.0,127.5,127.5,168.428
2022-06-27 09:30:00,127.5,127.7,127.4,127.4,54.352
2022-06-27 10:00:00,127.6,127.6,127.2,127.4,57.921
2022-06-27 10:30:00,127.4,127.6,127.4,127.5,124.302
2022-06-27 11:00:00,127.5,127.5,127.0,127.1,272.988
2022-06-27 11:30:00,127.1,127.1,126.5,126.6,619.718
2022-06-27 12:00:00,126.7,126.9,126.5,126.8,378.753
2022-06-27 12:30:00,126.8,127.1,126.5,126.8,287.68
2022-06-27 13:00:00,126.8,127.2,126.8,127.0,291.563
2022-06-27 13:30:00,127.0,127.1,124.0,125.4,6513.876
2022-06-27 14:00:00,125.4,125.9,125.1,125.7,568.082
2022-06-27 14:30:00,125.7,125.9,125.6,125.7,410.906
2022-06-27 15:00:00,125.7,125.8,125.3,125.6,437.594
2022-06-27 15:30:00,125.4,125.8,125.4,125.5,185.262
2022-06-27 16:00:00,125.6,125.6,124.6,124.7,380.079
2022-06-27 16:30:00,124.6,125.0,123.4,124.3,2864.852
2022-06-27 17:00:00,124.1,124.1,123.5,123.7,479.148
2022-06-27 17:30:00,123.8,124.1,123.5,123.9,114.793
2022-06-27 18:00:00,123.8,124.1,122.7,123.9,993.103
2022-06-27 18:30:00,124.0,124.4,123.7,123.8,325.747
2022-06-27 19:00:00,123.7,123.7,122.5,122.7,1733.625
2022-06-27 19:30:00,122.7,123.5,122.2,123.5,1129.998
2022-06-27 20:00:00,123.4,123.9,123.3,123.7,331.467
2022-06-27 20:30:00,123.8,123.9,123.4,123.6,95.882
2022-06-27 21:00:00,123.5,123.8,122.4,122.5,562.875
2022-06-27 21:30:00,122.6,123.3,122.2,122.6,372.68
2022-06-27 22:00:00,122.6,123.4,122.3,123.2,473.518
2022-06-27 22:30:00,123.2,124.1,123.2,123.4,357.181
2022-06-27 23:00:00,123.3,123.5,123.3,123.5,254.888
2022-06-27 23:30:00,123.5,123.6,122.2,122.5,376.184
2022-06-28 00:00:00,122.4,123.6,122.4,123.3,364.423
2022-06-28 00:30:00,123.2,123.2,121.5,121.6,964.674
2022-06-28 01:00:00,121.6,123.1,121.1,121.2,975.164
2022-06-28 01:30:00,121.1,121.2,120.0,120.2,1822.91
2022-06-28 02:00:00,120.1,120.4,120.1,120.2,1257.396
2022-06-28 02:30:00,120.3,120.7,120.2,120.7,228.695
2022-06-28 03:00:00,120.6,121.0,120.3,121.0,395.092
2022-06-28 03:30:00,121.0,122.0,121.0,121.1,594.489
2022-06-28 04:00:00,121.3,121.3,121.1,121.3,131.258
2022-06-28 04:30:00,121.4,121.6,121.3,121.6,32.646
2022-06-28 05:00:00,121.5,121.5,121.1,121.3,320.175
2022-06-28 05:30:00,121.4,121.4,121.0,121.2,125.264
2022-06-28 06:00:00,121.1,122.6,121.0,121.6,1190.919
2022-06-28 06:30:00,121.7,121.8,121.2,121.5,309.514
2022-06-28 07:00:00,121.5,121.8,121.3,121.4,280.079
2022-06-28 07:30:00,121.4,121.6,121.0,121.1,173.051
2022-06-28 08:00:00,121.1,121.2,120.4,120.4,316.088
2022-06-28 08:30:00,120.4,121.0,120.0,120.8,3479.062
2022-06-28 09:00:00,120.8,121.4,120.8,120.8,452.596
2022-06-28 09:30:00,120.8,121.4,120.5,121.3,437.88
2022-06-28 10:00:00,121.1,121.3,120.7,120.7,1029.25
2022-06-28 10:30:00,120.8,121.3,120.7,121.1,369.008
2022-06-28 11:00:00,121.2,121.3,120.7,121.0,278.956
2022-06-28 11:30:00,121.1,121.3,120.7,120.7,233.621
2022-06-28 12:00:00,120.7,121.3,120.6,120.8,334.013
2022-06-28 12:30:00,120.7,120.9,120.6,120.6,131.354
2022-06-28 13:00:00,120.6,120.8,120.1,120.5,704.931
2022-06-28 13:30:00,120.8,121.2,120.7,121.1,390.764
2022-06-28 14:00:00,121.0,121.0,120.1,120.3,264.724
2022-06-28 14:30:00,120.1,120.2,118.2,120.1,5148.454
2022-06-28 15:00:00,120.1,121.0,119.9,120.3,1363.28
2022-06-28 15:30:00,120.4,120.6,120.0,120.1,731.117
2022-06-28 16:00:00,120.1,121.7,120.0,120.2,1066.017
2022-06-28 16:30:00,120.2,120.5,120.2,120.5,73.665
2022-06-28 17:00:00,120.4,120.4,120.1,120.2,55.219
2022-06-28 17:30:00,120.2,120.5,120.1,120.3,123.626
2022-06-28 18:00:00,120.1,120.4,120.0,120.2,1091.286
2022-06-28 18:30:00,120.1,120.3,119.9,120.2,208.354
2022-06-28 19:00:00,120.3,120.3,118.8,119.3,1382.453
2022-06-28 19:30:00,119.3,119.5,118.8,119.0,555.882
2022-06-28 20:00:00,118.8,119.9,118.8,119.9,331.219
2022-06-28 20:30:00,119.9,120.0,119.4,119.7,217.587
2022-06-28 21:00:00,119.7,120.0,119.5,119.9,278.068
2022-06-28 21:30:00,119.6,119.9,119.6,119.8,62.608
2022-06-28 22:00:00,119.9,119.9,119.1,119.4,107.437
2022-06-28 22:30:00,119.3,119.3,117.1,117.8,948.966
2022-06-28 23:00:00,117.8,118.3,117.5,118.1,387.425
2022-06-28 23:30:00,118.1,118.2,117.6,118.0,369.228
2022-06-29 00:00:00,118.0,118.0,115.7,116.6,2436.955
2022-06-29 00:30:00,116.8,116.9,116.2,116.3,604.529
2022-06-29 01:00:00,116.4,116.6,116.0,116.6,169.989
2022-06-29 01:30:00,116.6,117.6,116.5,117.3,447.481
2022-06-29 02:00:00,117.2,117.2,116.2,116.3,308.76
2022-06-29 02:30:00,116.2,117.4,116.2,117.1,394.75
2022-06-29 03:00:00,117.1,117.2,116.1,116.1,525.167
2022-06-29 03:30:00,116.2,116.7,115.6,115.6,713.728
2022-06-29 04:00:00,115.7,115.7,115.1,115.2,1533.702
2022-06-29 04:30:00,115.3,115.7,115.3,115.5,318.858
2022-06-29 05:00:00,115.5,115.8,115.1,115.2,364.965
2022-06-29 05:30:00,115.3,116.6,115.1,115.9,2525.848
2022-06-29 06:00:00,115.9,116.1,115.6,115.9,287.116
2022-06-29 06:30:00,116.1,116.2,115.3,115.6,467.794
2022-06-29 07:00:00,115.6,116.0,115.5,115.8,186.786
2022-06-29 07:30:00,115.8,116.4,115.3,116.4,475.273
2022-06-29 08:00:00,116.3,116.5,115.7,115.8,199.532
2022-06-29 08:30:00,115.8,116.0,115.5,115.8,286.528
2022-06-29 09:00:00,115.8,116.1,115.6,115.8,193.98
2022-06-29 09:30:00,116.0,116.0,115.7,115.8,100.966
2022-06-29 10:00:00,115.8,116.1,115.8,116.0,175.188
2022-06-29 10:30:00,115.9,116.1,115.8,115.8,190.621
2022-06-29 11:00:00,115.8,115.9,115.4,115.6,415.19
2022-06-29 11:30:00,115.5,116.2,115.2,116.0,1054.419
2022-06-29 12:00:00,116.0,116.2,115.5,115.5,314.894
2022-06-29 12:30:00,115.6,115.8,115.3,115.4,274.63
2022-06-29 13:00:00,115.4,115.6,115.3,115.5,117.698
2022-06-29 13:30:00,115.5,115.9,115.2,115.6,848.56
2022-06-29 14:00:00,115.5,115.7,115.3,115.4,296.078
2022-06-29 14:30:00,115.4,115.8,115.2,115.5,271.985
2022-06-29 15:00:00,115.4,115.6,115.2,115.2,205.808
2022-06-29 15:30:00,115.3,115.5,115.2,115.3,515.778
2022-06-29 16:00:00,115.3,115.9,115.3,115.9,704.183
2022-06-29 16:30:00,115.7,115.8,115.4,115.5,241.972
2022-06-29 17:00:00,115.4,115.7,115.4,115.6,53.814
2022-06-29 17:30:00,115.5,115.8,115.4,115.7,48.864
2022-06-29 18:00:00,115.7,116.5,115.6,116.4,762.486
2022-06-29 18:30:00,116.4,116.4,115.6,116.0,91.658
2022-06-29 19:00:00,115.9,116.2,115.7,116.2,87.502
2022-06-29 19:30:00,116.3,116.7,116.2,116.7,350.69
2022-06-29 20:00:00,116.6,117.5,116.5,116.9,1133.119
2022-06-29 20:30:00,116.9,116.9,116.1,116.3,303.889
2022-06-29 21:00:00,116.3,116.4,115.8,116.3,200.28
2022-06-29 21:30:00,116.3,116.6,115.9,116.0,228.786
2022-06-29 22:00:00,116.3,116.5,116.2,116.2,53.242
2022-06-29 22:30:00,116.1,116.1,115.7,116.0,111.832
2022-06-29 23:00:00,116.0,116.0,115.4,115.5,227.357
2022-06-29 23:30:00,115.4,115.5,115.3,115.5,176.298
2022-06-30 00:00:00,115.7,115.7,115.2,115.2,224.11
2022-06-30 00:30:00,115.2,115.6,115.1,115.1,258.614
2022-06-30 01:00:00,115.1,115.3,115.0,115.2,1580.936
2022-06-30 01:30:00,115.3,115.3,115.0,115.0,7035.753
2022-06-30 02:00:00,115.1,115.7,115.0,115.5,141.363
2022-06-30 02:30:00,115.6,116.9,115.6,116.5,931.805
2022-06-30 03:00:00,116.4,116.7,116.0,116.1,224.768
2022-06-30 03:30:00,116.1,116.1,115.9,116.0,148.519
2022-06-30 04:00:00,116.1,116.1,116.0,116.0,51.501
2022-06-30 04:30:00,116.1,116.1,115.2,115.5,488.608
2022-06-30 05:00:00,115.5,115.6,115.2,115.5,226.141
2022-06-30 05:30:00,115.5,115.5,115.2,115.3,158.284
2022-06-30 06:00:00,115.3,115.6,115.2,115.3,225.375
2022-06-30 06:30:00,115.3,115.5,110.4,112.1,10137.022
2022-06-30 07:00:00,112.1,115.6,112.1,113.3,12421.961
2022-06-30 07:30:00,113.3,113.7,110.8,112.3,10350.502
2022-06-30 08:00:00,112.3,112.5,111.0,111.0,937.402
2022-06-30 08:30:00,111.0,111.1,110.2,110.4,1228.397
2022-06-30 09:00:00,110.5,111.6,110.3,110.6,786.936
2022-06-30 09:30:00,110.6,111.3,110.4,111.1,521.844
2022-06-30 10:00:00,111.2,111.7,111.1,111.7,235.995
2022-06-30 10:30:00,111.6,113.5,111.3,112.8,1812.441
2022-06-30 11:00:00,112.8,113.0,112.0,112.1,655.735
2022-06-30 11:30:00,112.1,112.5,111.7,112.2,439.454
2022-06-30 12:00:00,112.2,112.3,111.3,112.0,1079.604
2022-06-30 12:30:00,111.9,112.6,111.9,112.4,453.639
2022-06-30 13:00:00,112.5,112.6,111.5,111.7,344.616
2022-06-30 13:30:00,111.7,111.8,110.8,111.3,564.605
2022-06-30 14:00:00,111.6,111.6,111.0,111.4,158.588
2022-06-30 14:30:00,111.5,111.9,111.3,111.9,232.917
2022-06-30 15:00:00,111.9,112.8,111.7,112.6,866.227
2022-06-30 15:30:00,112.6,112.8,111.3,111.7,547.426
2022-06-30 16:00:00,111.7,112.8,111.6,112.6,492.629
2022-06-30 16:30:00,112.6,112.8,112.1,112.1,356.332
2022-06-30 17:00:00,112.1,112.3,112.0,112.0,147.83
2022-06-30 17:30:00,112.1,112.3,111.6,111.9,295.684
2022-06-30 18:00:00,111.9,112.1,111.1,111.1,622.104
2022-06-30 18:30:00,111.1,111.3,110.8,110.9,329.462
2022-06-30 19:00:00,110.9,112.0,110.9,111.6,256.508
2022-06-30 19:30:00,111.8,111.8,111.0,111.6,230.991
2022-06-30 20:00:00,111.6,111.7,111.3,111.7,147.101
2022-06-30 20:30:00,111.6,111.6,110.9,111.4,236.047
2022-06-30 21:00:00,111.5,111.9,111.3,111.5,209.206
2022-06-30 21:30:00,111.5,112.7,111.3,111.3,399.303
2022-06-30 22:00:00,111.3,111.9,111.3,111.8,63.657
2022-06-30 22:30:00,111.7,112.1,111.6,111.9,57.753
2022-06-30 23:00:00,111.9,112.5,111.7,111.9,287.458
2022-06-30 23:30:00,111.9,113.5,111.9,113.0,711.969
2022-07-01 00:00:00,113.0,116.1,112.6,115.1,2237.762
2022-07-01 00:30:00,115.4,119.7,115.1,117.9,4695.507
2022-07-01 01:00:00,118.0,119.5,117.8,118.7,957.351
2022-07-01 01:30:00,118.4,118.9,117.7,117.7,449.161
2022-07-01 02:00:00,117.7,118.3,116.8,117.1,831.794
2022-07-01 02:30:00,117.0,117.4,116.0,116.2,504.356
2022-07-01 03:00:00,116.2,116.3,115.0,115.1,691.454
2022-07-01 03:30:00,115.0,116.7,113.9,114.9,2151.537
2022-07-01 04:00:00,114.9,114.9,113.2,113.4,1647.133
2022-07-01 04:30:00,113.4,114.4,113.2,113.6,953.14
2022-07-01 05:00:00,113.5,114.5,113.4,114.2,346.774
2022-07-01 05:30:00,113.8,114.1,113.7,114.0,49.081
2022-07-01 06:00:00,113.9,114.1,113.5,114.1,440.937
2022-07-01 06:30:00,114.1,114.8,113.8,114.4,666.089
2022-07-01 07:00:00,114.5,114.9,114.3,114.7,301.998
2022-07-01 07:30:00,114.8,116.0,114.4,114.5,593.546
2022-07-01 08:00:00,114.6,115.3,114.4,114.7,666.771
2022-07-01 08:30:00,114.6,115.0,114.4,114.4,159.735
2022-07-01 09:00:00,114.4,114.8,114.3,114.5,331.471
2022-07-01 09:30:00,114.5,114.7,114.4,114.6,317.456
2022-07-01 10:00:00,114.6,114.7,114.3,114.4,100.088
2022-07-01 10:30:00,114.3,114.3,112.7,113.9,876.38
2022-07-01 11:00:00,113.8,114.3,113.6,114.2,156.249
2022-07-01 11:30:00,114.3,114.5,114.0,114.3,255.172
2022-07-01 12:00:00,114.3,115.4,114.1,115.3,670.979
2022-07-01 12:30:00,115.3,115.3,114.4,114.4,937.497
2022-07-01 13:00:00,114.4,115.3,114.4,115.1,183.434
2022-07-01 13:30:00,115.2,116.5,115.1,115.9,910.505
2022-07-01 14:00:00,115.9,116.7,115.4,115.5,1267.01
2022-07-01 14:30:00,115.6,115.7,115.0,115.5,296.775
2022-07-01 15:00:00,115.5,116.5,115.1,115.9,872.72
2022-07-01 15:30:00,115.9,116.2,114.7,115.2,428.197
2022-07-01 16:00:00,115.2,115.2,114.4,114.8,272.477
2022-07-01 16:30:00,114.8,115.2,114.7,114.8,151.749
2022-07-01 17:00:00,114.8,116.1,114.7,115.8,548.358
2022-07-01 17:30:00,115.7,116.3,115.7,116.0,165.762
2022-07-01 18:00:00,116.0,116.3,115.6,115.8,132.079
2022-07-01 18:30:00,115.8,116.1,115.6,116.0,217.538
2022-07-01 19:00:00,115.9,115.9,115.2,115.2,150.346
2022-07-01 19:30:00,115.4,115.7,115.4,115.7,52.076
2022-07-01 20:00:00,115.7,115.9,115.2,115.7,314.315
2022-07-01 20:30:00,115.8,116.1,115.4,115.8,424.895
2022-07-01 21:00:00,115.8,117.3,115.7,116.8,632.398
2022-07-01 21:30:00,116.8,116.8,115.3,115.7,325.82
2022-07-01 22:00:00,115.8,115.8,114.7,114.9,484.973
2022-07-01 22:30:00,114.9,115.5,114.9,115.2,141.241
2022-07-01 23:00:00,115.2,115.8,115.1,115.5,100.962
2022-07-01 23:30:00,115.5,115.8,114.5,114.8,323.011
2022-07-02 00:00:00,114.7,115.4,114.5,115.0,270.807
2022-07-02 00:30:00,115.1,115.3,113.8,113.9,613.75
2022-07-02 01:00:00,113.9,114.3,113.8,114.1,128.279
2022-07-02 01:30:00,114.2,114.5,114.0,114.2,226.826
2022-07-02 02:00:00,114.2,114.4,114.0,114.0,604.616
2022-07-02 02:30:00,113.9,113.9,113.5,113.5,153.863
2022-07-02 03:00:00,113.5,114.1,113.5,113.9,373.926
2022-07-02 03:30:00,113.6,114.0,113.5,113.9,47.014
2022-07-02 04:00:00,114.0,114.5,113.9,114.4,151.742
2022-07-02 04:30:00,114.2,114.6,114.2,114.5,112.517
2022-07-02 05:00:00,114.4,114.6,114.3,114.5,64.666
2022-07-02 05:30:00,114.4,114.6,114.1,114.2,50.235
2022-07-02 06:00:00,114.3,114.4,114.2,114.2,23.722
2022-07-02 06:30:00,114.2,114.2,114.1,114.1,183.144
2022-07-02 07:00:00,114.2,114.6,113.9,114.5,188.692
2022-07-02 07:30:00,114.3,114.6,113.9,113.9,350.138
2022-07-02 08:00:00,113.9,114.0,113.8,113.9,70.671
2022-07-02 08:30:00,114.0,114.0,113.6,113.7,161.497
2022-07-02 09:00:00,113.6,113.8,113.4,113.4,166.01
2022-07-02 09:30:00,113.4,113.8,113.4,113.7,30.149
2022-07-02 10:00:00,114.0,114.1,113.9,114.0,71.713
2022-07-02 10:30:00,114.0,114.2,113.9,114.1,128.937
2022-07-02 11:00:00,114.1,114.2,114.1,114.1,10.201
2022-07-02 11:30:00,114.0,114.0,113.8,114.0,29.797
2022-07-02 12:00:00,113.6,113.7,113.2,113.4,118.92
2022-07-02 12:30:00,113.4,114.2,113.3,113.9,303.254
2022-07-02 13:00:00,114.0,114.1,113.6,113.9,119.636
2022-07-02 13:30:00,113.8,113.8,113.6,113.6,17.295
2022-07-02 14:00:00,113.6,113.8,113.5,113.6,146.108
2022-07-02 14:30:00,113.6,113.7,113.5,113.5,39.078
2022-07-02 15:00:00,113.4,113.6,113.2,113.5,304.504
2022-07-02 15:30:00,113.5,114.0,113.5,113.7,219.561
2022-07-02 16:00:00,113.7,113.7,112.9,113.7,339.01
2022-07-02 16:30:00,113.6,113.8,113.4,113.6,91.537
2022-07-02 17:00:00,113.7,114.1,113.6,114.1,273.93
2022-07-02 17:30:00,114.1,114.2,114.0,114.1,149.948
2022-07-02 18:00:00,114.1,114.3,114.0,114.0,164.117
2022-07-02 18:30:00,114.0,114.9,114.0,114.5,738.212
2022-07-02 19:00:00,114.6,114.8,114.1,114.4,138.751
2022-07-02 19:30:00,114.3,114.3,114.1,114.1,59.128
2022-07-02 20:00:00,114.1,114.1,113.9,113.9,27.113
2022-07-02 20:30:00,113.9,114.1,113.9,114.1,31.493
2022-07-02 21:00:00,114.1,114.8,114.1,114.5,345.949
2022-07-02 21:30:00,114.5,114.6,114.2,114.6,18.309
2022-07-02 22:00:00,114.6,114.6,114.4,114.6,104.217
2022-07-02 22:30:00,114.6,114.7,114.5,114.7,159.559
2022-07-02 23:00:00,114.6,114.8,114.3,114.4,114.034
2022-07-02 23:30:00,114.4,114.6,114.2,114.4,100.563
2022-07-03 00:00:00,114.3,114.5,113.9,113.9,88.651
2022-07-03 00:30:00,113.9,114.2,113.8,113.9,170.576
2022-07-03 01:00:00,113.8,113.8,113.6,113.7,34.033
2022-07-03 01:30:00,113.6,113.6,113.1,113.3,147.337
2022-07-03 02:00:00,113.3,113.5,113.2,113.4,87.588
2022-07-03 02:30:00,113.5,113.7,113.4,113.7,41.188
2022-07-03 03:00:00,113.7,114.1,113.7,114.1,181.319
2022-07-03 03:30:00,114.0,114.3,114.0,114.1,94.111
2022-07-03 04:00:00,114.1,114.2,114.0,114.1,101.702
2022-07-03 04:30:00,114.0,114.6,112.7,114.3,943.636
2022-07-03 05:00:00,114.4,114.9,113.9,113.9,586.077
2022-07-03 05:30:00,113.9,114.2,113.6,114.0,297.097
2022-07-03 06:00:00,113.9,114.3,113.9,114.2,149.914
2022-07-03 06:30:00,114.3,114.3,114.0,114.2,71.106
2022-07-03 07:00:00,114.2,114.2,113.9,113.9,69.288
2022-07-03 07:30:00,114.0,114.0,113.7,113.8,50.151
2022-07-03 08:00:00,113.8,113.9,113.6,113.9,55.789
2022-07-03 08:30:00,113.9,114.3,113.8,114.1,330.284
2022-07-03 09:00:00,114.1,114.6,113.9,114.3,510.789
2022-07-03 09:30:00,114.4,114.5,114.2,114.3,208.873
2022-07-03 10:00:00,114.3,114.5,114.3,114.5,67.85
2022-07-03 10:30:00,114.5,114.6,114.2,114.4,238.211
2022-07-03 11:00:00,114.5,114.9,114.4,114.9,400.008
2022-07-03 11:30:00,114.9,116.8,114.7,116.7,1586.508
2022-07-03 12:00:00,116.6,118.7,116.4,117.2,2818.163
2022-07-03 12:30:00,117.2,117.2,116.0,116.9,977.036
2022-07-03 13:00:00,116.8,117.0,115.8,116.0,671.175
2022-07-03 13:30:00,116.0,116.0,115.4,115.7,274.935
2022-07-03 14:00:00,115.7,115.7,114.4,115.1,3156.1
2022-07-03 14:30:00,115.1,115.2,114.7,115.1,929.718
2022-07-03 15:00:00,115.1,116.1,114.7,115.8,3469.521
2022-07-03 15:30:00,115.8,116.8,115.8,116.0,773.129
2022-07-03 16:00:00,115.8,116.7,115.6,116.6,439.835
2022-07-03 16:30:00,116.5,116.7,116.1,116.4,171.453
2022-07-03 17:00:00,116.4,118.4,116.3,116.9,959.623
2022-07-03 17:30:00,116.9,117.5,116.8,117.4,245.488
2022-07-03 18:00:00,117.5,117.6,116.9,117.3,240.962
2022-07-03 18:30:00,117.4,117.7,117.0,117.3,197.618
2022-07-03 19:00:00,117.3,117.6,117.1,117.5,88.776
2022-07-03 19:30:00,117.6,118.1,117.5,117.9,453.807
2022-07-03 20:00:00,118.0,118.6,117.9,118.3,754.677
2022-07-03 20:30:00,118.3,118.3,117.7,118.1,171.597
2022-07-03 21:00:00,118.2,118.3,117.1,117.4,164.728
2022-07-03 21:30:00,117.5,117.5,117.2,117.2,85.177
2022-07-03 22:00:00,117.2,117.6,116.6,116.8,141.396
2022-07-03 22:30:00,116.8,116.9,116.5,116.9,88.303
2022-07-03 23:00:00,117.0,117.0,116.3,116.3,123.009
2022-07-03 23:30:00,116.3,117.2,116.2,117.1,119.724
2022-07-04 00:00:00,117.1,117.3,116.6,116.6,116.079
2022-07-04 00:30:00,116.6,117.0,116.2,116.6,321.714
2022-07-04 01:00:00,116.6,116.6,115.5,116.1,480.326
2022-07-04 01:30:00,116.0,116.6,115.9,116.4,98.862
2022-07-04 02:00:00,116.6,116.8,116.0,116.2,120.865
2022-07-04 02:30:00,116.2,116.3,114.9,115.2,603.287
2022-07-04 03:00:00,114.9,114.9,113.6,114.8,753.544
2022-07-04 03:30:00,114.7,114.9,114.6,114.9,107.916
2022-07-04 04:00:00,114.8,115.5,114.7,115.3,169.244
2022-07-04 04:30:00,115.4,115.4,115.1,115.4,102.867
2022-07-04 05:00:00,115.4,115.5,115.0,115.0,26.566
2022-07-04 05:30:00,115.1,115.3,115.0,115.3,59.834
2022-07-04 06:00:00,115.2,115.4,115.0,115.1,173.414
2022-07-04 06:30:00,115.1,115.2,114.4,114.7,141.536
2022-07-04 07:00:00,114.7,115.3,114.5,114.7,168.989
2022-07-04 07:30:00,114.6,114.9,114.6,114.6,133.837
2022-07-04 08:00:00,114.6,115.3,114.4,115.0,318.93
2022-07-04 08:30:00,115.0,115.1,114.8,114.8,53.801
2022-07-04 09:00:00,114.8,115.0,114.6,114.8,113.163
2022-07-04 09:30:00,114.9,115.6,114.9,115.2,575.455
2022-07-04 10:00:00,115.3,115.6,115.0,115.2,418.16
2022-07-04 10:30:00,115.3,115.3,115.0,115.1,62.524
2022-07-04 11:00:00,115.1,115.1,114.6,114.8,103.556
2022-07-04 11:30:00,114.8,115.9,114.8,115.7,458.518
2022-07-04 12:00:00,115.8,116.4,115.3,115.3,668.402
2022-07-04 12:30:00,115.2,115.8,115.1,115.6,91.309
2022-07-04 13:00:00,115.7,115.9,115.3,115.4,174.57
2022-07-04 13:30:00,115.2,115.3,114.8,115.1,214.866
2022-07-04 14:00:00,115.1,115.2,114.9,115.0,60.341
2022-07-04 14:30:00,115.0,115.4,114.9,115.2,203.131
2022-07-04 15:00:00,115.3,116.8,115.3,116.1,1275.731
2022-07-04 15:30:00,116.1,116.3,115.8,116.2,480.035
2022-07-04 16:00:00,116.1,116.2,115.3,115.3,105.946
2022-07-04 16:30:00,115.5,115.9,115.4,115.9,61.12
2022-07-04 17:00:00,115.9,116.2,115.7,116.1,176.286
2022-07-04 17:30:00,116.1,116.5,116.0,116.2,300.582
2022-07-04 18:00:00,116.2,116.4,116.0,116.2,163.431
2022-07-04 18:30:00,116.2,117.9,116.2,117.5,1164.277
2022-07-04 19:00:00,117.5,117.6,117.0,117.2,174.64
2022-07-04 19:30:00,117.1,117.2,116.9,117.0,110.255
2022-07-04 20:00:00,117.0,117.0,116.3,116.3,223.284
2022-07-04 20:30:00,116.2,116.6,116.0,116.1,290.432
2022-07-04 21:00:00,116.0,116.0,115.6,115.6,135.891
2022-07-04 21:30:00,115.7,116.8,115.7,116.7,135.246
2022-07-04 22:00:00,116.4,116.9,116.2,116.9,97.884
2022-07-04 22:30:00,116.7,117.5,116.7,117.2,446.882
2022-07-04 23:00:00,117.2,117.4,116.5,117.1,185.576
2022-07-04 23:30:00,117.1,117.1,115.9,116.3,515.215
2022-07-05 00:00:00,116.3,117.9,116.3,117.9,1332.6
2022-07-05 00:30:00,117.8,118.1,116.8,117.0,852.852
2022-07-05 01:00:00,117.1,117.2,116.3,116.5,311.781
2022-07-05 01:30:00,116.5,116.9,116.5,116.7,74.273
2022-07-05 02:00:00,116.8,117.0,116.0,116.1,196.222
2022-07-05 02:30:00,116.2,116.3,115.5,115.7,281.281
2022-07-05 03:00:00,115.6,116.3,115.6,116.0,45.567
2022-07-05 03:30:00,116.0,116.9,115.9,116.9,335.753
2022-07-05 04:00:00,116.8,116.9,116.4,116.6,122.525
2022-07-05 04:30:00,116.7,116.9,116.5,116.9,234.972
2022-07-05 05:00:00,116.9,117.4,116.8,117.2,429.873
2022-07-05 05:30:00,117.3,117.8,117.1,117.2,406.508
2022-07-05 06:00:00,117.2,119.0,117.2,118.9,1546.904
2022-07-05 06:30:00,118.9,121.0,118.9,119.9,2929.986
2022-07-05 07:00:00,120.0,120.4,118.9,120.1,1209.397
2022-07-05 07:30:00,120.0,120.8,119.6,119.7,775.887
2022-07-05 08:00:00,119.6,119.6,118.5,119.1,933.199
2022-07-05 08:30:00,119.1,119.2,118.6,118.9,685.115
2022-07-05 09:00:00,118.9,119.2,118.5,118.8,435.326
2022-07-05 09:30:00,118.7,118.9,117.9,118.2,718.562
2022-07-05 10:00:00,118.3,119.0,118.0,118.9,311.629
2022-07-05 10:30:00,118.9,119.9,118.9,119.4,609.988
2022-07-05 11:00:00,119.5,120.0,119.5,119.8,879.642
2022-07-05 11:30:00,119.8,119.8,118.0,118.1,903.697
2022-07-05 12:00:00,118.1,118.2,116.9,117.3,813.691
2022-07-05 12:30:00,117.4,118.3,117.1,117.5,285.328
2022-07-05 13:00:00,117.4,118.6,117.4,117.8,323.336
2022-07-05 13:30:00,117.8,119.3,117.6,118.6,787.843
2022-07-05 14:00:00,118.6,118.8,118.2,118.3,493.495
2022-07-05 14:30:00,118.4,119.0,118.1,118.2,227.87
2022-07-05 15:00:00,118.2,118.3,117.5,117.8,560.65
2022-07-05 15:30:00,117.8,119.3,117.8,118.4,930.195
2022-07-05 16:00:00,118.2,118.3,117.5,117.5,305.034
2022-07-05 16:30:00,117.6,117.7,117.3,117.4,84.766
2022-07-05 17:00:00,117.3,117.9,117.3,117.7,71.08
2022-07-05 17:30:00,117.7,118.0,117.6,117.8,101.799
2022-07-05 18:00:00,117.8,118.0,117.6,117.7,149.383
2022-07-05 18:30:00,117.8,118.5,117.8,118.4,414.614
2022-07-05 19:00:00,118.5,118.7,118.3,118.6,218.356
2022-07-05 19:30:00,118.6,119.4,118.5,118.9,751.054
2022-07-05 20:00:00,119.0,119.7,118.8,118.8,641.115
2022-07-05 20:30:00,118.9,118.9,118.3,118.8,426.453
2022-07-05 21:00:00,118.9,119.4,117.1,117.5,721.972
2022-07-05 21:30:00,117.6,118.5,117.6,118.5,77.874
2022-07-05 22:00:00,118.6,118.7,117.7,117.8,148.153
2022-07-05 22:30:00,117.8,118.7,117.8,118.7,127.746
2022-07-05 23:00:00,118.6,118.7,117.6,117.8,112.271
2022-07-05 23:30:00,117.7,117.9,117.6,117.6,107.917
2022-07-06 00:00:00,117.7,118.1,117.4,117.6,78.132
2022-07-06 00:30:00,117.6,118.8,117.6,118.7,311.473
2022-07-06 01:00:00,118.5,118.7,118.0,118.4,122.831
2022-07-06 01:30:00,118.4,118.4,117.4,117.9,271.855
2022-07-06 02:00:00,117.8,118.0,117.0,117.5,378.513
2022-07-06 02:30:00,117.6,118.0,117.3,118.0,83.968
2022-07-06 03:00:00,117.8,117.9,117.0,117.7,250.338
2022-07-06 03:30:00,117.8,118.2,117.7,118.1,161.719
2022-07-06 04:00:00,118.0,119.4,117.9,118.9,859.779
2022-07-06 04:30:00,118.9,119.3,118.4,118.4,399.67
2022-07-06 05:00:00,118.5,119.7,118.5,119.5,425.039
2022-07-06 05:30:00,119.4,119.9,119.3,119.6,676.602
2022-07-06 06:00:00,119.5,119.5,118.7,118.7,172.728
2022-07-06 06:30:00,118.8,119.7,118.7,119.2,417.823
2022-07-06 07:00:00,119.3,119.5,118.8,119.3,422.773
2022-07-06 07:30:00,119.4,119.8,118.9,119.0,570.641
2022-07-06 08:00:00,119.0,119.5,118.7,118.9,204.819
2022-07-06 08:30:00,119.0,119.2,118.9,118.9,98.011
2022-07-06 09:00:00,119.0,119.3,118.9,119.2,131.001
2022-07-06 09:30:00,119.2,119.3,119.1,119.2,84.139
2022-07-06 10:00:00,119.2,119.3,118.8,119.1,273.697
2022-07-06 10:30:00,119.1,119.3,117.6,118.1,721.332
2022-07-06 11:00:00,118.3,118.6,117.6,118.0,418.574
2022-07-06 11:30:00,117.9,118.4,117.9,118.3,213.505
2022-07-06 12:00:00,118.4,118.6,117.8,118.1,428.633
2022-07-06 12:30:00,118.2,118.3,117.8,118.0,245.836
2022-07-06 13:00:00,117.9,118.4,117.8,118.1,148.426
2022-07-06 13:30:00,118.2,118.6,117.6,118.6,582.862
2022-07-06 14:00:00,118.5,118.8,118.3,118.5,487.319
2022-07-06 14:30:00,118.5,118.8,118.4,118.5,107.143
2022-07-06 15:00:00,118.6,118.7,118.2,118.2,139.097
2022-07-06 15:30:00,118.3,118.6,118.1,118.6,217.215
2022-07-06 16:00:00,118.6,118.9,118.2,118.5,548.627
2022-07-06 16:30:00,118.4,118.6,118.3,118.5,413.614
2022-07-06 17:00:00,118.5,118.8,118.2,118.4,316.81
2022-07-06 17:30:00,118.2,118.4,118.1,118.2,102.226
2022-07-06 18:00:00,118.2,118.6,118.0,118.4,257.379
2022-07-06 18:30:00,118.5,118.9,118.4,118.7,440.516
2022-07-06 19:00:00,118.7,119.0,118.6,118.8,166.591
2022-07-06 19:30:00,118.7,119.2,117.8,118.6,821.607
2022-07-06 20:00:00,118.7,119.0,118.7,118.9,228.398
2022-07-06 20:30:00,118.9,119.1,118.8,119.0,115.171
2022-07-06 21:00:00,119.0,119.2,118.7,118.8,202.958
2022-07-06 21:30:00,118.8,118.8,118.4,118.7,28.777
2022-07-06 22:00:00,118.7,119.3,118.7,118.8,211.078
2022-07-06 22:30:00,118.9,119.0,118.8,118.8,167.806
2022-07-06 23:00:00,118.9,119.2,118.7,119.0,357.742
2022-07-06 23:30:00,118.9,119.1,118.7,118.7,86.627
2022-07-07 00:00:00,118.8,119.0,118.6,118.8,59.762
2022-07-07 00:30:00,118.8,119.1,118.8,118.8,37.527
2022-07-07 01:00:00,118.9,119.1,118.7,119.0,48.865
2022-07-07 01:30:00,119.1,119.1,118.8,119.0,108.512
2022-07-07 02:00:00,119.1,119.1,118.7,118.9,147.692
2022-07-07 02:30:00,118.9,118.9,118.6,118.9,44.085
2022-07-07 03:00:00,118.8,118.9,118.6,118.7,40.647
2022-07-07 03:30:00,118.7,119.1,118.5,118.8,385.502
2022-07-07 04:00:00,118.8,118.9,118.5,118.5,86.791
2022-07-07 04:30:00,118.5,118.9,118.5,118.9,76.717
2022-07-07 05:00:00,118.8,118.9,118.4,118.6,263.861
2022-07-07 05:30:00,118.5,118.8,118.3,118.4,89.557
2022-07-07 06:00:00,118.4,118.8,118.4,118.8,117.701
2022-07-07 06:30:00,118.8,118.8,118.4,118.5,73.793
2022-07-07 07:00:00,118.5,118.7,118.5,118.6,26.728
2022-07-07 07:30:00,118.6,118.8,118.5,118.8,77.629
2022-07-07 08:00:00,118.8,119.0,118.7,118.7,165.609
2022-07-07 08:30:00,118.9,118.9,118.2,118.5,745.251
2022-07-07 09:00:00,118.6,118.7,118.3,118.5,238.453
2022-07-07 09:30:00,118.3,118.6,118.0,118.3,465.97
2022-07-07 10:00:00,118.1,118.3,118.0,118.3,81.734
2022-07-07 10:30:00,118.3,118.5,117.7,117.9,284.954
2022-07-07 11:00:00,117.8,118.1,117.6,117.9,219.236
2022-07-07 11:30:00,117.8,118.1,117.7,117.9,142.322
2022-07-07 12:00:00,118.0,118.1,117.8,118.1,145.378
2022-07-07 12:30:00,118.0,118.0,117.8,117.8,43.269
2022-07-07 13:00:00,117.8,117.8,117.6,117.8,20.575
2022-07-07 13:30:00,117.8,118.2,117.8,118.1,69.22
2022-07-07 14:00:00,118.1,118.7,118.0,118.5,432.504
2022-07-07 14:30:00,118.5,118.7,118.3,118.5,549.128
2022-07-07 15:00:00,118.6,118.7,118.2,118.2,220.25
2022-07-07 15:30:00,118.2,118.2,117.6,118.0,218.095
2022-07-07 16:00:00,118.0,118.3,118.0,118.3,113.278
2022-07-07 16:30:00,118.2,118.5,118.2,118.2,304.648
2022-07-07 17:00:00,118.2,118.2,117.7,117.9,186.834
2022-07-07 17:30:00,117.9,118.2,117.9,118.2,89.106
2022-07-07 18:00:00,118.0,118.4,118.0,118.2,107.27
2022-07-07 18:30:00,118.3,118.5,118.2,118.3,257.247
2022-07-07 19:00:00,118.5,118.5,118.2,118.5,248.782
2022-07-07 19:30:00,118.3,119.2,118.3,119.0,846.027
2022-07-07 20:00:00,119.1,119.4,117.9,118.4,468.361
2022-07-07 20:30:00,118.4,118.4,118.2,118.2,36.364
2022-07-07 21:00:00,118.3,118.5,118.0,118.0,601.112
2022-07-07 21:30:00,118.0,118.1,117.6,117.9,130.031
2022-07-07 22:00:00,117.9,118.0,117.1,117.2,469.92
2022-07-07 22:30:00,117.2,117.3,116.6,117.3,440.281
2022-07-07 23:00:00,117.2,117.6,117.2,117.5,185.785
2022-07-07 23:30:00,117.5,117.7,117.4,117.7,236.227
2022-07-08 00:00:00,117.6,117.8,117.1,117.3,66.504
2022-07-08 00:30:00,117.2,117.7,117.1,117.6,121.943
2022-07-08 01:00:00,117.8,119.4,117.6,119.2,1253.795
2022-07-08 01:30:00,119.2,119.2,118.4,118.5,1520.442
2022-07-08 02:00:00,118.5,118.5,117.3,117.7,683.426
2022-07-08 02:30:00,117.7,118.0,117.5,117.9,111.348
2022-07-08 03:00:00,117.9,118.1,117.4,118.0,990.663
2022-07-08 03:30:00,118.1,118.3,117.9,117.9,333.035
2022-07-08 04:00:00,118.0,118.1,117.3,117.9,289.04
2022-07-08 04:30:00,117.8,117.8,117.5,117.5,246.019
2022-07-08 05:00:00,117.5,117.5,117.3,117.5,70.45
2022-07-08 05:30:00,117.5,117.8,116.9,116.9,229.316
2022-07-08 06:00:00,116.9,117.0,115.6,115.8,1095.615
2022-07-08 06:30:00,115.9,116.0,115.6,115.8,213.404
2022-07-08 07:00:00,115.9,116.1,115.5,115.7,785.81
2022-07-08 07:30:00,115.6,116.1,115.6,115.7,273.532
2022-07-08 08:00:00,115.8,116.3,115.8,116.2,348.461
2022-07-08 08:30:00,116.2,116.5,115.1,115.3,1780.679
2022-07-08 09:00:00,115.2,115.7,112.8,114.2,2366.881
2022-07-08 09:30:00,114.2,114.9,114.1,114.8,677.395
2022-07-08 10:00:00,114.7,114.9,114.4,114.7,431.444
2022-07-08 10:30:00,114.7,114.7,113.9,113.9,166.658
2022-07-08 11:00:00,113.9,114.0,113.1,113.7,408.833
2022-07-08 11:30:00,113.7,114.3,113.7,114.0,350.675
2022-07-08 12:00:00,114.1,114.5,113.8,114.3,288.113
2022-07-08 12:30:00,114.2,114.2,112.8,113.1,555.673
2022-07-08 13:00:00,113.2,113.5,112.9,113.2,213.151
2022-07-08 13:30:00,113.2,114.1,112.5,113.2,801.507
2022-07-08 14:00:00,113.1,113.9,113.1,113.6,247.84
2022-07-08 14:30:00,113.7,114.3,113.5,114.3,291.344
2022-07-08 15:00:00,114.3,114.8,114.2,114.6,480.544
2022-07-08 15:30:00,114.6,114.8,114.3,114.4,246.918
2022-07-08 16:00:00,114.4,114.4,112.9,113.3,473.56
2022-07-08 16:30:00,113.2,113.6,113.2,113.4,114.781
2022-07-08 17:00:00,113.3,113.4,112.8,113.3,183.599
2022-07-08 17:30:00,113.2,113.6,113.2,113.3,480.018
2022-07-08 18:00:00,113.3,113.7,113.1,113.3,226.422
2022-07-08 18:30:00,113.5,113.6,113.0,113.0,308.333
2022-07-08 19:00:00,113.2,113.4,112.9,113.0,95.716
2022-07-08 19:30:00,113.0,113.4,113.0,113.2,140.978
2022-07-08 20:00:00,113.2,113.8,113.1,113.6,153.548
2022-07-08 20:30:00,113.8,114.1,113.5,114.1,146.133
2022-07-08 21:00:00,114.0,114.5,114.0,114.3,239.16
2022-07-08 21:30:00,114.2,114.6,113.6,113.9,356.53
2022-07-08 22:00:00,113.7,114.2,113.7,114.2,44.143
2022-07-08 22:30:00,114.2,114.4,113.9,114.2,111.968
2022-07-08 23:00:00,114.3,114.8,113.7,114.5,735.178
2022-07-08 23:30:00,114.4,114.6,113.9,114.1,205.598
2022-07-09 00:00:00,114.0,114.8,113.6,114.2,618.429
2022-07-09 00:30:00,114.3,114.6,114.0,114.4,205.354
2022-07-09 01:00:00,114.3,114.5,114.0,114.0,110.916
2022-07-09 01:30:00,114.0,114.0,113.4,113.4,152.54
2022-07-09 02:00:00,113.5,113.9,113.3,113.5,96.423
2022-07-09 02:30:00,113.5,113.8,113.5,113.7,78.056
2022-07-09 03:00:00,113.7,113.8,113.6,113.6,32.229
2022-07-09 03:30:00,113.6,113.9,113.4,113.8,343.526
2022-07-09 04:00:00,113.8,114.1,113.7,114.0,336.786
2022-07-09 04:30:00,114.0,114.6,113.9,114.5,421.861
2022-07-09 05:00:00,114.5,114.7,114.1,114.2,298.186
2022-07-09 05:30:00,114.3,114.5,114.2,114.5,98.627
2022-07-09 06:00:00,114.4,114.8,114.4,114.8,348.081
2022-07-09 06:30:00,114.8,115.0,114.7,115.0,405.483
2022-07-09 07:00:00,115.0,116.1,115.0,115.9,1571.045
2022-07-09 07:30:00,115.8,116.2,115.8,116.1,359.071
2022-07-09 08:00:00,116.0,116.8,116.0,116.6,834.067
2022-07-09 08:30:00,116.7,118.4,116.6,117.4,1791.498
2022-07-09 09:00:00,117.4,117.5,116.5,117.1,437.381
2022-07-09 09:30:00,117.2,117.5,116.8,117.0,316.848
2022-07-09 10:00:00,116.9,117.4,116.8,117.0,306.828
2022-07-09 10:30:00,117.0,117.2,116.9,117.2,128.833
2022-07-09 11:00:00,117.1,117.3,117.0,117.1,196.164
2022-07-09 11:30:00,117.1,117.1,114.6,116.0,956.235
2022-07-09 12:00:00,115.9,116.7,115.6,116.6,474.572
2022-07-09 12:30:00,116.6,117.3,116.5,117.2,600.95
2022-07-09 13:00:00,117.2,118.2,117.1,117.8,1167.028
2022-07-09 13:30:00,117.7,117.7,117.0,117.1,140.216
2022-07-09 14:00:00,117.0,117.3,117.0,117.0,45.419
2022-07-09 14:30:00,117.0,117.2,116.8,117.0,101.851
2022-07-09 15:00:00,117.0,117.6,117.0,117.5,198.113
2022-07-09 15:30:00,117.5,118.4,117.2,117.8,902.156
2022-07-09 16:00:00,117.7,118.0,117.4,117.6,189.938
2022-07-09 16:30:00,117.4,117.8,117.4,117.6,167.67
2022-07-09 17:00:00,117.6,117.8,117.6,117.7,67.093
2022-07-09 17:30:00,117.7,117.9,117.5,117.5,100.679
2022-07-09 18:00:00,117.5,117.6,117.3,117.3,92.131
2022-07-09 18:30:00,117.3,117.9,117.3,117.9,190.408
2022-07-09 19:00:00,117.8,118.1,117.4,117.7,401.54
2022-07-09 19:30:00,117.7,118.1,117.6,117.9,89.826
2022-07-09 20:00:00,118.1,118.8,117.9,118.4,688.713
2022-07-09 20:30:00,118.4,118.8,118.2,118.5,212.767
2022-07-09 21:00:00,118.4,119.6,118.4,119.5,1054.403
2022-07-09 21:30:00,119.3,119.5,118.9,119.0,104.413
2022-07-09 22:00:00,118.9,119.1,118.6,118.8,194.201
2022-07-09 22:30:00,118.8,119.2,118.6,118.7,88.691
2022-07-09 23:00:00,118.7,119.0,118.7,118.8,78.093
2022-07-09 23:30:00,118.8,119.0,117.7,117.9,438.545
2022-07-10 00:00:00,117.9,118.0,116.8,116.9,607.493
2022-07-10 00:30:00,117.0,117.3,116.8,117.0,196.22
2022-07-10 01:00:00,116.9,117.1,116.8,117.1,55.966
2022-07-10 01:30:00,117.2,117.2,117.0,117.0,12.046
2022-07-10 02:00:00,116.9,117.6,116.7,116.8,253.846
2022-07-10 02:30:00,116.7,116.8,115.8,115.9,512.051
2022-07-10 03:00:00,115.9,116.1,115.9,116.1,66.036
2022-07-10 03:30:00,116.3,116.6,115.4,116.2,548.095
2022-07-10 04:00:00,116.3,116.8,116.3,116.7,222.763
2022-07-10 04:30:00,116.6,117.7,116.6,117.6,526.021
2022-07-10 05:00:00,117.5,118.0,117.3,117.9,524.089
2022-07-10 05:30:00,117.9,117.9,117.3,117.5,117.97
2022-07-10 06:00:00,117.5,117.5,117.2,117.3,42.617
2022-07-10 06:30:00,117.3,117.3,116.9,116.9,165.884
2022-07-10 07:00:00,116.9,117.2,116.9,117.1,9.254
2022-07-10 07:30:00,117.2,117.4,116.2,116.3,466.065
2022-07-10 08:00:00,116.4,116.8,116.4,116.6,156.315
2022-07-10 08:30:00,116.6,116.9,116.5,116.5,114.757
2022-07-10 09:00:00,116.5,117.1,113.8,115.9,9163.49
2022-07-10 09:30:00,115.9,115.9,115.6,115.6,129.806
2022-07-10 10:00:00,115.7,116.8,115.5,115.9,3495.196
2022-07-10 10:30:00,115.8,116.2,115.6,115.9,421.188
2022-07-10 11:00:00,115.9,116.0,115.4,115.5,134.385
2022-07-10 11:30:00,115.5,115.5,115.3,115.3,73.254
2022-07-10 12:00:00,115.4,115.6,115.3,115.4,103.205
2022-07-10 12:30:00,115.3,115.5,115.3,115.5,49.425
2022-07-10 13:00:00,115.5,115.7,115.3,115.3,33.969
2022-07-10 13:30:00,115.2,115.2,113.7,113.7,1038.161
2022-07-10 14:00:00,113.9,113.9,113.3,113.7,663.546
2022-07-10 14:30:00,113.5,114.3,113.5,114.2,162.221
2022-07-10 15:00:00,114.2,114.2,113.8,114.0,167.998
2022-07-10 15:30:00,113.9,114.8,113.9,114.2,639.415
2022-07-10 16:00:00,114.1,114.1,113.6,113.8,116.949
2022-07-10 16:30:00,113.9,116.1,113.9,114.6,1312.291
2022-07-10 17:00:00,114.7,114.9,112.7,113.6,2870.825
2022-07-10 17:30:00,113.8,114.1,113.8,113.9,187.323
2022-07-10 18:00:00,113.9,113.9,113.2,113.3,166.4
2022-07-10 18:30:00,113.4,113.7,113.2,113.7,82.669
2022-07-10 19:00:00,113.7,114.2,113.3,114.2,222.911
2022-07-10 19:30:00,114.0,114.3,113.9,114.2,177.581
2022-07-10 20:00:00,114.2,114.5,113.9,114.5,182.159
2022-07-10 20:30:00,114.4,114.8,114.3,114.6,337.705
2022-07-10 21:00:00,114.7,115.3,114.6,114.9,380.28
2022-07-10 21:30:00,114.9,115.0,114.7,114.8,38.843
2022-07-10 22:00:00,114.6,114.7,113.8,114.1,348.296
2022-07-10 22:30:00,114.2,114.5,114.1,114.5,72.672
2022-07-10 23:00:00,114.4,114.4,114.2,114.3,60.621
2022-07-10 23:30:00,114.3,114.3,114.3,114.3,16.63
2022-07-11 00:00:00,114.2,114.2,113.6,113.6,267.096
2022-07-11 00:30:00,113.7,114.4,113.7,114.3,152.578
2022-07-11 01:00:00,114.4,114.5,113.9,114.1,135.222
2022-07-11 01:30:00,114.1,114.1,113.4,113.5,164.423
2022-07-11 02:00:00,113.5,113.9,113.3,113.8,189.908
2022-07-11 02:30:00,113.9,114.0,113.7,114.0,117.488
2022-07-11 03:00:00,113.8,114.2,113.6,113.8,119.934
2022-07-11 03:30:00,113.8,114.0,113.8,113.9,41.678
2022-07-11 04:00:00,114.0,114.1,113.8,113.8,146.676
2022-07-11 04:30:00,113.9,114.3,113.8,114.2,230.252
2022-07-11 05:00:00,114.1,114.7,114.1,114.5,375.272
2022-07-11 05:30:00,114.6,114.8,114.2,114.4,319.109
2022-07-11 06:00:00,114.3,114.7,113.8,114.5,570.28
2022-07-11 06:30:00,114.5,114.7,114.1,114.3,511.579
2022-07-11 07:00:00,114.2,114.8,114.2,114.6,327.546
2022-07-11 07:30:00,114.6,114.6,114.4,114.4,37.514
2022-07-11 08:00:00,114.3,114.7,114.0,114.7,180.729
2022-07-11 08:30:00,114.6,115.0,114.5,114.7,368.446
2022-07-11 09:00:00,114.8,115.1,114.7,114.9,358.408
2022-07-11 09:30:00,114.9,115.0,114.6,114.6,227.096
2022-07-11 10:00:00,114.7,115.0,114.6,114.9,70.698
2022-07-11 10:30:00,115.0,115.2,114.6,114.6,254.899
2022-07-11 11:00:00,114.6,114.6,114.4,114.5,115.286
2022-07-11 11:30:00,114.5,114.5,114.2,114.2,139.085
2022-07-11 12:00:00,114.2,114.4,114.0,114.3,156.456
2022-07-11 12:30:00,114.4,115.1,114.4,115.0,289.305
2022-07-11 13:00:00,115.1,115.4,114.7,115.0,337.097
2022-07-11 13:30:00,114.9,115.3,114.2,114.4,441.756
2022-07-11 14:00:00,114.2,115.3,114.2,115.1,548.711
2022-07-11 14:30:00,115.2,115.9,115.0,115.6,724.951
2022-07-11 15:00:00,115.5,116.7,115.5,116.5,1197.068
2022-07-11 15:30:00,116.4,116.6,115.8,116.0,407.32
2022-07-11 16:00:00,115.9,116.5,115.7,116.2,262.499
2022-07-11 16:30:00,116.2,116.2,115.8,116.0,91.681
2022-07-11 17:00:00,115.9,116.7,115.9,116.6,684.52
2022-07-11 17:30:00,116.6,117.4,116.5,116.9,519.156
2022-07-11 18:00:00,116.8,116.9,116.4,116.6,241.94
2022-07-11 18:30:00,116.6,116.8,116.5,116.5,269.065
2022-07-11 19:00:00,116.6,116.7,116.3,116.4,168.591
2022-07-11 19:30:00,116.5,116.5,116.0,116.1,133.722
2022-07-11 20:00:00,116.1,116.1,114.7,115.0,811.101
2022-07-11 20:30:00,115.0,115.2,114.9,114.9,107.053
2022-07-11 21:00:00,114.8,114.8,114.4,114.6,357.639
2022-07-11 21:30:00,114.6,115.3,114.2,115.3,379.921
2022-07-11 22:00:00,115.3,115.4,114.0,114.2,353.569
2022-07-11 22:30:00,114.2,114.3,111.0,112.6,2168.678
2022-07-11 23:00:00,112.6,113.4,111.8,113.4,550.497
2022-07-11 23:30:00,113.4,114.1,113.1,113.3,589.13
2022-07-12 00:00:00,113.4,113.4,112.9,113.4,327.546
2022-07-12 00:30:00,113.3,114.3,113.0,113.3,782.66
2022-07-12 01:00:00,113.2,114.1,113.1,113.5,252.301
2022-07-12 01:30:00,113.5,114.0,113.4,113.9,343.589
2022-07-12 02:00:00,113.8,113.8,113.4,113.6,82.821
2022-07-12 02:30:00,113.6,114.0,113.6,113.8,167.272
2022-07-12 03:00:00,113.8,114.2,113.8,114.0,243.886
2022-07-12 03:30:00,114.1,114.9,113.8,114.4,539.937
2022-07-12 04:00:00,114.4,115.2,114.3,114.8,349.987
2022-07-12 04:30:00,114.6,114.6,113.9,114.2,315.212
2022-07-12 05:00:00,114.0,114.4,114.0,114.4,32.884
2022-07-12 05:30:00,114.3,114.3,113.9,113.9,83.023
2022-07-12 06:00:00,113.8,114.1,113.8,114.0,278.173
2022-07-12 06:30:00,114.1,114.2,113.9,114.1,136.457
2022-07-12 07:00:00,114.1,114.5,113.9,114.4,305.757
2022-07-12 07:30:00,114.1,114.3,113.7,113.9,141.024
2022-07-12 08:00:00,113.8,114.6,113.7,114.4,391.809
2022-07-12 08:30:00,114.5,114.7,114.4,114.4,58.307
2022-07-12 09:00:00,114.3,114.4,113.7,113.9,262.124
2022-07-12 09:30:00,113.9,114.1,113.2,113.2,291.98
2022-07-12 10:00:00,113.3,113.6,113.1,113.1,205.942
2022-07-12 10:30:00,113.2,113.9,113.2,113.5,425.598
2022-07-12 11:00:00,113.5,114.8,113.5,114.6,1049.892
2022-07-12 11:30:00,114.6,114.9,114.4,114.4,603.269
2022-07-12 12:00:00,114.3,114.9,114.3,114.7,268.785
2022-07-12 12:30:00,114.8,115.3,114.5,114.8,686.903
2022-07-12 13:00:00,114.8,115.0,114.4,114.6,148.906
2022-07-12 13:30:00,114.8,115.7,114.8,115.0,922.845
2022-07-12 14:00:00,114.9,115.0,114.8,114.8,93.309
2022-07-12 14:30:00,114.9,115.1,114.8,115.0,234.598
2022-07-12 15:00:00,114.9,115.5,114.9,115.1,98.381
2022-07-12 15:30:00,115.3,115.4,114.8,114.8,181.669
2022-07-12 16:00:00,114.8,115.2,114.8,115.2,61.861
2022-07-12 16:30:00,115.0,115.4,114.7,114.8,185.191
2022-07-12 17:00:00,114.9,115.0,114.4,114.4,95.677
2022-07-12 17:30:00,114.4,114.5,114.3,114.3,246.612
2022-07-12 18:00:00,114.3,114.5,113.7,114.3,258.458
2022-07-12 18:30:00,114.3,114.3,113.9,113.9,118.608
2022-07-12 19:00:00,113.9,114.1,113.5,113.6,488.522
2022-07-12 19:30:00,113.6,114.9,113.5,114.3,803.887
2022-07-12 20:00:00,114.3,114.4,113.6,113.8,135.348
2022-07-12 20:30:00,113.8,114.4,113.8,114.3,49.567
2022-07-12 21:00:00,114.2,115.1,114.2,114.7,592.273
2022-07-12 21:30:00,114.7,114.7,114.2,114.3,45.391
2022-07-12 22:00:00,114.2,114.6,114.0,114.5,63.761
2022-07-12 22:30:00,114.4,114.9,114.4,114.7,186.23
2022-07-12 23:00:00,114.8,115.4,114.7,114.8,276.116
2022-07-12 23:30:00,114.9,115.3,114.7,115.0,313.349
2022-07-13 00:00:00,115.0,115.2,114.6,114.9,299.401
2022-07-13 00:30:00,114.8,115.1,114.7,115.0,117.226
2022-07-13 01:00:00,115.0,115.4,115.0,115.2,89.213
2022-07-13 01:30:00,115.2,115.3,114.8,115.0,61.071
2022-07-13 02:00:00,115.0,115.4,115.0,115.0,138.835
2022-07-13 02:30:00,115.0,115.2,114.8,115.0,92.016
2022-07-13 03:00:00,115.0,115.3,114.9,114.9,39.692
2022-07-13 03:30:00,114.9,115.4,114.9,115.1,179.878
2022-07-13 04:00:00,115.2,116.9,115.1,116.3,1226.844
2022-07-13 04:30:00,116.2,116.5,116.0,116.3,218.76
2022-07-13 05:00:00,116.3,116.5,116.0,116.0,590.75
2022-07-13 05:30:00,116.2,116.6,116.0,116.2,541.988
2022-07-13 06:00:00,116.0,116.4,115.9,116.3,420.091
2022-07-13 06:30:00,116.3,117.3,116.2,116.6,1344.744
2022-07-13 07:00:00,116.6,117.5,116.2,116.3,1993.587
2022-07-13 07:30:00,116.3,117.0,116.3,116.8,824.377
2022-07-13 08:00:00,116.8,117.2,116.6,116.7,541.737
2022-07-13 08:30:00,116.8,117.2,116.8,116.9,564.867
2022-07-13 09:00:00,116.9,117.5,116.8,117.2,701.611
2022-07-13 09:30:00,117.2,117.3,117.0,117.1,54.665
2022-07-13 10:00:00,117.1,117.1,116.7,116.9,140.811
2022-07-13 10:30:00,116.9,117.5,116.7,116.9,317.69
2022-07-13 11:00:00,116.9,117.0,116.7,116.8,39.843
2022-07-13 11:30:00,116.8,117.0,116.7,116.8,44.845
2022-07-13 12:00:00,117.1,117.5,116.4,117.1,393.198
2022-07-13 12:30:00,117.1,117.2,115.2,115.8,2836.767
2022-07-13 13:00:00,115.9,116.3,115.7,115.7,890.247
2022-07-13 13:30:00,115.7,116.4,115.7,116.2,158.903
2022-07-13 14:00:00,116.3,116.7,116.2,116.5,546.423
2022-07-13 14:30:00,116.5,117.4,116.5,116.9,484.246
2022-07-13 15:00:00,116.7,116.8,116.2,116.2,450.752
2022-07-13 15:30:00,116.2,116.7,116.2,116.4,347.212
2022-07-13 16:00:00,116.3,116.4,116.0,116.3,108.561
2022-07-13 16:30:00,116.2,116.5,116.1,116.2,110.736
2022-07-13 17:00:00,116.3,116.9,116.3,116.6,715.19
2022-07-13 17:30:00,116.6,116.6,116.1,116.4,51.43
2022-07-13 18:00:00,116.5,116.6,116.1,116.6,175.801
2022-07-13 18:30:00,116.5,116.8,116.4,116.5,259.441
2022-07-13 19:00:00,116.7,116.7,116.4,116.7,58.631
2022-07-13 19:30:00,116.6,116.8,116.6,116.8,42.105
2022-07-13 20:00:00,116.8,116.9,116.6,116.7,47.174
2022-07-13 20:30:00,116.6,116.7,116.3,116.3,18.844
2022-07-13 21:00:00,116.3,116.6,116.3,116.5,39.724
2022-07-13 21:30:00,116.5,116.6,116.4,116.5,222.231
2022-07-13 22:00:00,116.6,117.2,116.6,116.9,128.809
2022-07-13 22:30:00,116.9,117.0,116.2,116.2,456.713
2022-07-13 23:00:00,116.3,117.5,116.3,116.7,443.287
2022-07-13 23:30:00,116.8,117.4,116.8,117.3,197.21
2022-07-14 00:00:00,117.4,117.6,116.5,116.6,618.803
2022-07-14 00:30:00,116.7,116.8,116.5,116.5,119.98
2022-07-14 01:00:00,116.5,116.8,116.2,116.7,298.685
2022-07-14 01:30:00,116.6,116.6,116.3,116.4,36.725
2022-07-14 02:00:00,116.4,116.5,116.3,116.3,18.444
2022-07-14 02:30:00,116.4,116.5,116.2,116.3,40.623
2022-07-14 03:00:00,116.4,116.6,116.4,116.5,170.507
2022-07-14 03:30:00,116.7,116.7,116.4,116.4,53.275
2022-07-14 04:00:00,116.4,116.4,116.1,116.1,85.657
2022-07-14 04:30:00,116.2,116.2,115.9,115.9,211.601
2022-07-14 05:00:00,116.1,116.2,116.0,116.2,37.513
2022-07-14 05:30:00,116.3,116.5,116.1,116.2,238.326
2022-07-14 06:00:00,116.1,116.2,115.9,116.0,207.448
2022-07-14 06:30:00,116.0,116.2,115.8,115.9,216.935
2022-07-14 07:00:00,115.9,116.0,115.8,116.0,61.449
2022-07-14 07:30:00,116.0,116.0,115.9,116.0,57.268
2022-07-14 08:00:00,116.0,116.0,115.4,115.6,1201.915
2022-07-14 08:30:00,115.6,115.7,115.1,115.2,518.278
2022-07-14 09:00:00,115.1,115.2,115.0,115.1,133.873
2022-07-14 09:30:00,115.1,115.5,115.0,115.5,135.44
2022-07-14 10:00:00,115.4,115.4,115.2,115.3,231.741
2022-07-14 10:30:00,115.3,115.6,115.3,115.3,188.938
2022-07-14 11:00:00,115.2,115.2,115.1,115.1,11.829
2022-07-14 11:30:00,115.2,115.2,114.9,115.0,422.572
2022-07-14 12:00:00,115.0,115.0,114.6,114.8,264.172
2022-07-14 12:30:00,114.6,115.1,114.6,114.9,348.101
2022-07-14 13:00:00,114.9,115.2,114.8,115.0,274.134
2022-07-14 13:30:00,115.1,115.1,114.8,115.0,157.735
2022-07-14 14:00:00,114.8,115.1,114.6,114.9,156.703
2022-07-14 14:30:00,115.0,116.0,114.9,115.3,725.32
2022-07-14 15:00:00,115.4,116.0,115.4,115.8,330.733
2022-07-14 15:30:00,115.7,116.1,115.5,116.0,550.115
2022-07-14 16:00:00,116.0,116.3,115.7,115.8,274.726
2022-07-14 16:30:00,115.8,115.9,115.4,115.5,223.317
2022-07-14 17:00:00,115.4,116.2,115.4,116.1,405.64
2022-07-14 17:30:00,116.2,116.2,115.7,115.9,309.805
2022-07-14 18:00:00,116.0,116.1,115.7,115.8,118.654
2022-07-14 18:30:00,116.0,116.1,115.7,115.7,67.67
2022-07-14 19:00:00,115.8,116.1,115.4,115.6,171.952
2022-07-14 19:30:00,115.9,116.0,115.6,115.9,44.229
2022-07-14 20:00:00,115.8,115.9,115.6,115.8,25.269
2022-07-14 20:30:00,115.7,115.9,115.6,115.8,31.828
2022-07-14 21:00:00,115.9,116.0,115.5,115.5,92.317
2022-07-14 21:30:00,115.4,115.5,115.0,115.0,28.181
2022-07-14 22:00:00,115.1,115.3,115.0,115.1,32.944
2022-07-14 22:30:00,115.3,115.7,115.3,115.5,36.87
2022-07-14 23:00:00,115.6,115.9,115.5,115.7,246.178
2022-07-14 23:30:00,115.8,116.0,115.7,115.7,143.475
2022-07-15 00:00:00,115.8,115.9,114.7,115.0,219.333
2022-07-15 00:30:00,115.2,115.4,115.1,115.1,52.871
2022-07-15 01:00:00,115.1,115.1,114.9,114.9,31.378
2022-07-15 01:30:00,115.0,115.9,114.9,115.8,231.232
2022-07-15 02:00:00,115.8,116.0,115.5,115.5,188.169
2022-07-15 02:30:00,115.6,115.6,115.1,115.4,94.552
2022-07-15 03:00:00,115.4,115.4,115.2,115.4,46.268
2022-07-15 03:30:00,115.5,115.8,115.4,115.7,60.952
2022-07-15 04:00:00,115.7,116.1,115.6,115.7,322.937
2022-07-15 04:30:00,115.9,115.9,115.6,115.7,182.013
2022-07-15 05:00:00,115.7,116.1,115.6,116.0,322.107
2022-07-15 05:30:00,115.8,116.2,115.7,116.1,198.441
2022-07-15 06:00:00,116.2,116.2,115.9,116.0,143.011
2022-07-15 06:30:00,116.1,116.2,115.9,116.0,143.541
2022-07-15 07:00:00,116.0,118.0,113.8,116.1,9688.99
2022-07-15 07:30:00,116.1,116.4,116.0,116.3,135.397
2022-07-15 08:00:00,116.3,116.7,116.2,116.6,474.981
2022-07-15 08:30:00,116.6,117.1,116.4,116.8,632.005
2022-07-15 09:00:00,116.8,117.5,116.8,117.4,316.563
2022-07-15 09:30:00,117.4,117.4,116.2,116.4,147.555
2022-07-15 10:00:00,116.4,116.4,116.2,116.3,118.564
2022-07-15 10:30:00,116.3,116.3,116.0,116.1,65.25
2022-07-15 11:00:00,116.2,116.4,116.0,116.1,55.938
2022-07-15 11:30:00,116.1,116.1,115.7,115.8,120.628
2022-07-15 12:00:00,115.8,116.2,115.6,116.2,82.562
2022-07-15 12:30:00,116.1,116.8,115.9,116.5,654.497
2022-07-15 13:00:00,116.5,116.6,115.9,116.1,182.503
2022-07-15 13:30:00,116.1,116.2,115.6,115.8,257.218
2022-07-15 14:00:00,115.9,116.0,115.6,116.0,211.404
2022-07-15 14:30:00,116.0,116.3,116.0,116.2,153.883
2022-07-15 15:00:00,116.2,116.2,115.8,115.9,75.411
2022-07-15 15:30:00,115.8,115.9,115.7,115.8,47.01
2022-07-15 16:00:00,115.7,115.7,115.1,115.3,255.363
2022-07-15 16:30:00,115.3,115.3,115.2,115.3,15.416
2022-07-15 17:00:00,115.3,115.8,115.3,115.4,169.219
2022-07-15 17:30:00,115.4,115.5,115.0,115.1,67.203
2022-07-15 18:00:00,115.1,115.3,115.1,115.2,17.758
2022-07-15 18:30:00,115.2,115.5,115.1,115.5,99.984
2022-07-15 19:00:00,115.4,115.4,115.1,115.1,240.626
2022-07-15 19:30:00,115.2,115.7,115.2,115.7,205.942
2022-07-15 20:00:00,115.6,115.8,115.2,115.5,208.657
2022-07-15 20:30:00,115.6,115.6,115.0,115.0,106.701
2022-07-15 21:00:00,115.1,115.2,114.8,114.9,146.963
2022-07-15 21:30:00,114.9,115.4,114.9,115.4,78.199
2022-07-15 22:00:00,115.5,116.0,115.4,115.5,202.986
2022-07-15 22:30:00,115.5,115.8,115.4,115.8,67.781
2022-07-15 23:00:00,115.6,115.8,115.3,115.5,41.394
2022-07-15 23:30:00,115.3,115.5,115.0,115.0,83.723
2022-07-16 00:00:00,115.0,115.0,114.5,114.7,152.146
2022-07-16 00:30:00,114.7,114.9,114.7,114.8,27.623
2022-07-16 01:00:00,114.8,114.9,114.7,114.7,22.91
2022-07-16 01:30:00,114.7,114.7,114.6,114.6,9.862
2022-07-16 02:00:00,114.5,114.7,114.5,114.7,33.4
2022-07-16 02:30:00,114.6,114.6,114.5,114.5,33.321
2022-07-16 03:00:00,114.7,114.7,114.7,114.7,1.2
2022-07-16 03:30:00,114.6,114.6,114.4,114.6,26.978
2022-07-16 04:00:00,114.5,114.6,114.4,114.6,8.725
2022-07-16 04:30:00,114.6,114.6,114.6,114.6,0.495
2022-07-16 05:00:00,114.6,114.6,114.4,114.5,15.328
2022-07-16 05:30:00,114.4,114.4,114.3,114.3,13.549
2022-07-16 06:00:00,114.3,114.4,114.1,114.4,61.054
2022-07-16 06:30:00,114.4,114.4,114.1,114.2,22.47
2022-07-16 07:00:00,114.2,114.5,114.2,114.4,16.961
2022-07-16 07:30:00,114.3,114.5,114.2,114.2,59.674
2022-07-16 08:00:00,114.1,114.8,113.8,114.7,600.348
2022-07-16 08:30:00,114.8,115.1,114.6,115.0,284.368
2022-07-16 09:00:00,115.0,115.1,114.8,114.8,121.749
2022-07-16 09:30:00,114.8,114.8,114.5,114.7,141.213
2022-07-16 10:00:00,114.7,114.9,114.5,114.6,56.078
2022-07-16 10:30:00,114.5,114.6,114.2,114.2,191.411
2022-07-16 11:00:00,114.2,114.4,114.0,114.3,165.772
2022-07-16 11:30:00,114.4,114.4,114.2,114.2,30.759
2022-07-16 12:00:00,114.2,114.2,113.9,114.1,187.787
2022-07-16 12:30:00,114.1,114.5,114.0,114.5,575.318
2022-07-16 13:00:00,114.4,114.8,114.4,114.6,344.857
2022-07-16 13:30:00,114.7,115.4,114.4,114.6,588.092
2022-07-16 14:00:00,114.6,114.9,114.5,114.8,251.324
2022-07-16 14:30:00,114.9,115.0,114.7,114.7,83.682
2022-07-16 15:00:00,114.7,114.9,114.6,114.7,487.829
2022-07-16 15:30:00,114.7,115.3,114.7,115.3,455.394
2022-07-16 16:00:00,115.1,115.6,114.2,114.9,1282.097
2022-07-16 16:30:00,115.0,115.5,115.0,115.2,463.631
2022-07-16 17:00:00,115.3,115.7,115.2,115.7,468.328
2022-07-16 17:30:00,115.6,115.7,115.1,115.2,391.947
2022-07-16 18:00:00,115.1,115.5,115.1,115.4,44.422
2022-07-16 18:30:00,115.4,115.4,115.1,115.3,34.656
2022-07-16 19:00:00,115.3,115.7,115.3,115.4,157.718
2022-07-16 19:30:00,115.5,115.5,114.9,115.1,126.511
2022-07-16 20:00:00,115.0,115.0,113.9,114.3,418.818
2022-07-16 20:30:00,114.5,115.2,114.5,115.2,74.269
2022-07-16 21:00:00,115.2,115.5,115.1,115.3,167.539
2022-07-16 21:30:00,115.3,115.6,115.2,115.3,89.892
2022-07-16 22:00:00,115.2,115.7,115.1,115.6,122.185
2022-07-16 22:30:00,115.6,115.6,115.3,115.4,56.625
2022-07-16 23:00:00,115.4,115.8,115.4,115.6,209.523
2022-07-16 23:30:00,115.5,115.6,115.3,115.5,62.04
2022-07-17 00:00:00,115.5,115.7,115.0,115.1,97.463
2022-07-17 00:30:00,115.2,115.2,114.7,114.7,64.034
2022-07-17 01:00:00,114.7,115.6,114.7,115.1,149.207
2022-07-17 01:30:00,115.1,115.1,114.9,114.9,57.38
2022-07-17 02:00:00,114.9,115.3,114.9,115.3,113.332
2022-07-17 02:30:00,115.3,115.5,115.1,115.3,278.169
2022-07-17 03:00:00,115.4,115.7,115.2,115.6,316.828
2022-07-17 03:30:00,115.6,115.7,115.2,115.3,141.007
2022-07-17 04:00:00,115.3,115.6,115.1,115.4,269.086
2022-07-17 04:30:00,115.4,115.4,115.1,115.3,179.779
2022-07-17 05:00:00,115.4,115.6,115.4,115.4,63.099
2022-07-17 05:30:00,115.5,115.7,115.4,115.6,130.691
2022-07-17 06:00:00,115.5,115.6,115.4,115.4,113.606
2022-07-17 06:30:00,115.6,117.1,115.5,116.9,1704.056
2022-07-17 07:00:00,117.1,117.8,116.9,117.7,984.897
2022-07-17 07:30:00,117.6,118.5,117.4,118.1,1112.161
2022-07-17 08:00:00,117.9,118.1,117.5,117.5,253.785
2022-07-17 08:30:00,117.6,117.9,117.6,117.7,230.565
2022-07-17 09:00:00,117.6,117.6,115.9,116.4,413.447
2022-07-17 09:30:00,116.3,117.0,116.3,116.8,217.326
2022-07-17 10:00:00,116.8,117.1,116.6,117.1,157.675
2022-07-17 10:30:00,116.9,117.3,116.8,117.3,354.506
2022-07-17 11:00:00,117.3,117.3,116.7,116.7,105.52
2022-07-17 11:30:00,116.7,117.2,116.7,117.1,200.681
2022-07-17 12:00:00,117.2,117.2,116.6,116.8,121.598
2022-07-17 12:30:00,116.8,117.0,116.6,116.7,124.618
2022-07-17 13:00:00,116.7,116.7,116.1,116.3,358.642
2022-07-17 13:30:00,116.3,116.6,116.1,116.1,128.037
2022-07-17 14:00:00,116.1,116.7,116.1,116.7,116.216
2022-07-17 14:30:00,116.6,117.3,116.6,117.0,747.483
2022-07-17 15:00:00,117.0,117.7,117.0,117.4,498.752
2022-07-17 15:30:00,117.4,117.7,117.3,117.5,205.672
2022-07-17 16:00:00,117.4,118.2,117.0,117.2,801.132
2022-07-17 16:30:00,117.2,117.5,117.0,117.5,255.486
2022-07-17 17:00:00,117.5,118.7,117.5,118.1,745.439
2022-07-17 17:30:00,118.1,118.1,117.4,117.7,319.463
2022-07-17 18:00:00,117.6,117.6,116.9,117.6,201.938
2022-07-17 18:30:00,117.6,118.0,117.6,117.9,140.032
2022-07-17 19:00:00,118.0,118.1,117.4,117.6,181.355
2022-07-17 19:30:00,117.6,118.8,117.6,118.6,545.003
2022-07-17 20:00:00,118.6,118.7,117.9,118.0,178.101
2022-07-17 20:30:00,118.0,118.0,117.6,117.6,181.646
2022-07-17 21:00:00,117.5,117.5,117.2,117.4,183.991
2022-07-17 21:30:00,117.5,117.6,117.5,117.6,17.367
2022-07-17 22:00:00,117.8,117.8,117.2,117.5,48.75
2022-07-17 22:30:00,117.4,117.6,117.2,117.2,60.437
2022-07-17 23:00:00,117.3,117.4,117.0,117.1,89.707
2022-07-17 23:30:00,117.0,117.2,116.8,116.8,93.63
2022-07-18 00:00:00,116.7,116.9,116.6,116.9,38.562
2022-07-18 00:30:00,116.8,116.9,116.6,116.6,26.651
2022-07-18 01:00:00,116.7,117.7,116.7,117.5,138.124
2022-07-18 01:30:00,117.5,117.7,117.4,117.4,56.857
2022-07-18 02:00:00,117.4,117.7,117.4,117.5,240.314
2022-07-18 02:30:00,117.7,118.5,117.6,118.4,659.414
2022-07-18 03:00:00,118.4,118.5,118.1,118.5,360.251
2022-07-18 03:30:00,118.3,118.4,118.2,118.3,79.482
2022-07-18 04:00:00,118.3,118.3,117.9,118.2,50.318
2022-07-18 04:30:00,118.2,118.3,118.2,118.3,43.799
2022-07-18 05:00:00,118.3,118.7,118.2,118.7,694.62
2022-07-18 05:30:00,118.6,119.5,117.9,118.0,1499.005
2022-07-18 06:00:00,118.2,118.5,118.0,118.3,180.846
2022-07-18 06:30:00,118.4,119.1,118.4,118.5,529.716
2022-07-18 07:00:00,118.6,119.0,118.2,118.6,178.728
2022-07-18 07:30:00,118.6,118.8,118.3,118.7,100.021
2022-07-18 08:00:00,118.7,119.1,118.0,118.1,850.96
2022-07-18 08:30:00,118.1,118.3,117.2,118.2,895.233
2022-07-18 09:00:00,118.2,118.8,118.1,118.6,397.677
2022-07-18 09:30:00,118.7,118.9,118.1,118.3,381.26
2022-07-18 10:00:00,118.2,118.8,118.1,118.7,319.566
2022-07-18 10:30:00,118.8,119.0,118.6,118.8,347.764
2022-07-18 11:00:00,118.8,119.0,118.4,119.0,317.691
2022-07-18 11:30:00,119.0,119.5,117.9,118.3,950.547
2022-07-18 12:00:00,118.2,118.9,118.2,118.7,277.955
2022-07-18 12:30:00,118.7,119.3,118.6,119.2,504.861
2022-07-18 13:00:00,119.1,119.4,119.1,119.4,449.07
2022-07-18 13:30:00,119.4,119.6,118.9,119.1,313.69
2022-07-18 14:00:00,119.2,119.2,118.6,118.7,191.52
2022-07-18 14:30:00,118.9,119.1,118.8,119.0,125.486
2022-07-18 15:00:00,119.1,119.2,118.9,119.0,161.405
2022-07-18 15:30:00,119.1,119.3,118.8,119.1,307.106
2022-07-18 16:00:00,119.2,119.3,118.6,119.1,285.998
2022-07-18 16:30:00,119.2,119.8,119.0,119.2,566.443
2022-07-18 17:00:00,119.1,119.7,118.7,119.6,563.504
2022-07-18 17:30:00,119.6,120.6,119.2,120.5,775.055
2022-07-18 18:00:00,120.5,123.0,120.4,121.5,3313.805
2022-07-18 18:30:00,121.5,122.4,121.4,122.2,539.68
2022-07-18 19:00:00,122.0,122.7,121.3,122.7,853.409
2022-07-18 19:30:00,122.7,122.7,121.9,122.3,188.376
2022-07-18 20:00:00,122.3,123.3,121.8,122.5,671.857
2022-07-18 20:30:00,122.5,123.1,121.8,122.0,341.481
2022-07-18 21:00:00,122.1,122.1,121.6,122.0,214.935
2022-07-18 21:30:00,122.0,122.0,120.8,120.8,300.362
2022-07-18 22:00:00,120.9,121.0,120.5,120.8,161.8
2022-07-18 22:30:00,120.8,121.8,120.7,121.6,298.976
2022-07-18 23:00:00,121.7,123.0,121.7,122.7,797.717
2022-07-18 23:30:00,122.7,122.9,122.2,122.6,376.114
2022-07-19 00:00:00,122.4,124.2,121.4,123.2,1733.594
2022-07-19 00:30:00,123.2,123.4,121.7,122.1,1015.784
2022-07-19 01:00:00,122.3,122.6,121.6,122.4,785.123
2022-07-19 01:30:00,122.5,122.9,122.0,122.5,721.56
2022-07-19 02:00:00,122.7,122.8,121.9,122.7,335.511
2022-07-19 02:30:00,122.8,122.9,122.2,122.3,299.063
2022-07-19 03:00:00,122.3,123.0,122.2,122.8,232.137
2022-07-19 03:30:00,122.8,123.0,122.1,122.2,191.377
2022-07-19 04:00:00,122.0,122.2,121.8,122.0,95.304
2022-07-19 04:30:00,121.9,122.3,121.8,122.2,205.218
2022-07-19 05:00:00,122.0,122.1,121.7,122.1,64.961
2022-07-19 05:30:00,122.0,122.2,121.9,121.9,36.077
2022-07-19 06:00:00,121.9,122.1,121.8,122.0,87.694
2022-07-19 06:30:00,122.0,122.1,121.6,121.7,614.951
2022-07-19 07:00:00,121.7,121.8,121.6,121.6,196.824
2022-07-19 07:30:00,121.6,121.7,120.8,121.1,1251.389
2022-07-19 08:00:00,121.2,121.7,121.0,121.6,122.877
2022-07-19 08:30:00,121.6,121.8,121.6,121.7,97.185
2022-07-19 09:00:00,121.9,122.1,121.7,121.8,269.474
2022-07-19 09:30:00,121.9,122.1,121.4,121.5,501.998
2022-07-19 10:00:00,121.5,121.7,121.1,121.4,147.498
2022-07-19 10:30:00,121.4,121.8,121.3,121.7,526.549
2022-07-19 11:00:00,121.7,122.1,121.6,122.1,373.184
2022-07-19 11:30:00,122.1,122.2,121.3,121.5,448.23
2022-07-19 12:00:00,121.5,121.8,121.5,121.7,91.759
2022-07-19 12:30:00,121.7,122.2,121.7,122.2,427.6
2022-07-19 13:00:00,122.2,122.8,122.0,122.6,612.784
2022-07-19 13:30:00,122.6,122.7,121.7,122.5,742.771
2022-07-19 14:00:00,122.5,122.8,122.2,122.5,825.547
2022-07-19 14:30:00,122.4,122.7,121.6,122.0,586.92
2022-07-19 15:00:00,122.1,122.2,120.8,121.4,986.244
2022-07-19 15:30:00,121.4,121.7,120.8,121.3,461.492
2022-07-19 16:00:00,121.3,121.6,120.8,121.2,827.816
2022-07-19 16:30:00,121.2,121.4,121.0,121.2,519.923
2022-07-19 17:00:00,121.3,121.5,121.0,121.1,158.989
2022-07-19 17:30:00,121.0,121.3,120.7,121.0,298.775
2022-07-19 18:00:00,121.0,121.3,121.0,121.1,35.469
2022-07-19 18:30:00,121.0,121.2,120.5,120.7,114.113
2022-07-19 19:00:00,120.7,121.4,120.3,120.5,198.045
2022-07-19 19:30:00,120.4,120.7,120.3,120.3,167.36
2022-07-19 20:00:00,120.3,120.7,120.2,120.5,130.338
2022-07-19 20:30:00,120.5,120.5,120.1,120.2,106.323
2022-07-19 21:00:00,120.2,120.7,120.2,120.5,115.911
2022-07-19 21:30:00,120.5,120.8,120.5,120.6,116.804
2022-07-19 22:00:00,120.5,120.7,120.1,120.1,136.172
2022-07-19 22:30:00,120.0,120.3,119.9,119.9,184.901
2022-07-19 23:00:00,119.9,120.5,119.9,120.0,83.079
2022-07-19 23:30:00,120.0,120.0,119.4,119.7,223.07
2022-07-20 00:00:00,119.6,119.7,118.8,119.6,581.455
2022-07-20 00:30:00,119.6,119.6,118.9,118.9,173.284
2022-07-20 01:00:00,118.8,119.3,118.4,119.3,417.958
2022-07-20 01:30:00,119.2,120.0,119.2,119.8,310.889
2022-07-20 02:00:00,119.7,121.2,119.7,120.8,726.716
2022-07-20 02:30:00,120.8,121.4,120.7,120.7,208.542
2022-07-20 03:00:00,120.9,121.2,120.6,121.2,56.049
2022-07-20 03:30:00,121.2,121.3,120.8,120.9,138.896
2022-07-20 04:00:00,121.0,121.2,120.7,120.7,120.224
2022-07-20 04:30:00,120.6,124.6,120.5,122.4,6586.432
2022-07-20 05:00:00,122.4,122.5,122.0,122.5,320.867
2022-07-20 05:30:00,122.5,123.0,122.5,122.8,423.543
2022-07-20 06:00:00,122.7,123.8,122.6,123.7,658.261
2022-07-20 06:30:00,123.7,124.0,123.3,124.0,515.168
2022-07-20 07:00:00,124.0,124.5,123.5,123.5,499.088
2022-07-20 07:30:00,123.5,123.6,122.4,122.8,646.245
2022-07-20 08:00:00,123.0,123.2,122.8,122.9,218.633
2022-07-20 08:30:00,122.8,122.9,121.7,122.1,600.072
2022-07-20 09:00:00,122.0,124.3,122.0,123.4,943.17
2022-07-20 09:30:00,123.4,125.7,123.2,124.7,2108.564
2022-07-20 10:00:00,124.8,125.4,124.8,125.1,431.953
2022-07-20 10:30:00,125.1,125.4,124.6,125.2,784.723
2022-07-20 11:00:00,125.3,125.4,124.6,124.9,907.892
2022-07-20 11:30:00,124.8,124.8,124.5,124.8,178.834
2022-07-20 12:00:00,124.8,125.0,123.5,124.0,845.898
2022-07-20 12:30:00,124.1,124.5,124.0,124.2,496.078
2022-07-20 13:00:00,124.3,124.9,124.2,124.7,309.739
2022-07-20 13:30:00,124.6,125.0,124.2,124.6,456.012
2022-07-20 14:00:00,124.6,125.4,124.4,124.9,740.098
2022-07-20 14:30:00,125.0,125.0,124.6,124.8,270.544
2022-07-20 15:00:00,124.8,124.9,124.3,124.4,604.763
2022-07-20 15:30:00,124.5,124.5,124.3,124.5,216.37
2022-07-20 16:00:00,124.4,125.6,124.2,124.7,1024.972
2022-07-20 16:30:00,124.8,124.9,124.1,124.7,481.765
2022-07-20 17:00:00,124.5,124.8,124.0,124.5,994.717
2022-07-20 17:30:00,124.6,125.8,124.6,124.8,1033.168
2022-07-20 18:00:00,124.7,125.0,124.1,124.6,873.835
2022-07-20 18:30:00,124.6,124.6,124.0,124.2,291.933
2022-07-20 19:00:00,124.3,124.4,123.7,123.7,219.021
2022-07-20 19:30:00,123.6,123.6,122.6,122.8,604.997
2022-07-20 20:00:00,122.7,123.9,121.8,123.0,1356.845
2022-07-20 20:30:00,122.9,123.1,122.2,122.9,297.187
2022-07-20 21:00:00,122.9,123.3,122.1,122.3,202.457
2022-07-20 21:30:00,122.2,123.2,121.9,122.3,299.478
2022-07-20 22:00:00,122.2,123.0,121.5,122.6,517.368
2022-07-20 22:30:00,122.7,122.7,121.8,121.9,121.629
2022-07-20 23:00:00,121.8,122.1,121.7,121.8,82.485
2022-07-20 23:30:00,121.8,122.6,121.8,122.3,132.317
2022-07-21 00:00:00,122.3,122.5,122.1,122.1,39.229
2022-07-21 00:30:00,121.7,122.6,121.5,122.6,126.103
2022-07-21 01:00:00,122.4,123.1,122.3,122.6,419.275
2022-07-21 01:30:00,122.5,122.7,122.0,122.4,294.163
2022-07-21 02:00:00,122.5,123.0,121.9,122.3,773.163
2022-07-21 02:30:00,122.2,123.2,122.0,122.3,1615.634
2022-07-21 03:00:00,122.3,122.8,121.9,122.4,1252.846
2022-07-21 03:30:00,122.2,122.3,121.8,122.3,373.593
2022-07-21 04:00:00,122.1,122.3,121.6,121.8,375.527
2022-07-21 04:30:00,121.7,121.9,121.0,121.5,416.873
2022-07-21 05:00:00,121.3,122.2,121.3,121.9,221.86
2022-07-21 05:30:00,122.0,122.2,121.7,122.1,279.927
2022-07-21 06:00:00,122.1,122.3,121.8,122.1,116.123
2022-07-21 06:30:00,122.0,122.2,121.7,121.7,59.493
2022-07-21 07:00:00,121.7,122.4,121.6,122.3,200.769
2022-07-21 07:30:00,122.3,122.3,121.7,121.8,91.894
2022-07-21 08:00:00,121.8,122.2,121.7,122.1,149.678
2022-07-21 08:30:00,122.1,122.3,121.8,122.0,233.339
2022-07-21 09:00:00,122.2,122.8,122.1,122.2,173.657
2022-07-21 09:30:00,122.0,122.7,122.0,122.6,271.216
2022-07-21 10:00:00,122.6,122.8,122.3,122.3,86.489
2022-07-21 10:30:00,122.3,122.8,122.1,122.3,225.149
2022-07-21 11:00:00,122.0,123.3,122.0,122.6,455.123
2022-07-21 11:30:00,122.6,122.9,121.2,121.6,995.86
2022-07-21 12:00:00,121.3,121.7,120.5,121.6,1131.232
2022-07-21 12:30:00,121.6,122.2,121.6,122.0,626.867
2022-07-21 13:00:00,122.1,127.8,121.6,126.1,11689.913
2022-07-21 13:30:00,126.2,128.9,125.5,128.6,10790.375
2022-07-21 14:00:00,128.7,129.1,127.5,127.6,3495.224
2022-07-21 14:30:00,127.6,128.1,126.4,128.1,4531.198
2022-07-21 15:00:00,128.0,128.9,127.5,127.7,954.435
2022-07-21 15:30:00,127.8,128.1,125.4,126.6,2162.399
2022-07-21 16:00:00,126.5,127.8,126.4,127.2,763.721
2022-07-21 16:30:00,127.5,127.6,126.8,127.1,385.147
2022-07-21 17:00:00,127.2,127.9,127.1,127.6,314.262
2022-07-21 17:30:00,127.5,128.3,127.3,127.3,396.694
2022-07-21 18:00:00,127.5,128.0,127.3,127.3,123.769
2022-07-21 18:30:00,127.5,127.5,126.6,127.4,245.134
2022-07-21 19:00:00,127.5,128.0,127.5,127.5,93.079
2022-07-21 19:30:00,127.5,127.7,127.3,127.3,142.541
2022-07-21 20:00:00,127.5,127.6,127.0,127.5,204.864
2022-07-21 20:30:00,127.6,127.8,127.3,127.4,197.674
2022-07-21 21:00:00,127.3,127.7,127.1,127.7,91.893
2022-07-21 21:30:00,127.8,128.0,127.7,128.0,149.525
2022-07-21 22:00:00,127.8,127.8,126.6,127.4,326.15
2022-07-21 22:30:00,127.4,127.8,127.3,127.8,160.254
2022-07-21 23:00:00,127.7,128.0,127.7,128.0,254.439
2022-07-21 23:30:00,127.9,128.0,127.1,127.2,541.423
2022-07-22 00:00:00,127.4,128.0,127.3,127.7,533.878
2022-07-22 00:30:00,127.8,128.2,127.8,127.9,228.456
2022-07-22 01:00:00,128.0,128.2,127.7,128.0,412.149
2022-07-22 01:30:00,128.1,128.4,127.8,128.0,729.2
2022-07-22 02:00:00,127.9,128.3,127.9,128.2,138.178
2022-07-22 02:30:00,128.2,128.5,128.1,128.3,334.72
2022-07-22 03:00:00,128.4,129.5,128.3,129.2,1078.189
2022-07-22 03:30:00,129.3,129.3,128.5,128.7,216.441
2022-07-22 04:00:00,128.7,129.8,128.7,128.9,988.605
2022-07-22 04:30:00,128.6,129.3,128.6,129.1,277.959
2022-07-22 05:00:00,129.0,129.1,128.2,128.5,390.91
2022-07-22 05:30:00,128.6,129.2,128.6,129.2,233.015
2022-07-22 06:00:00,129.2,129.4,128.8,129.1,103.02
2022-07-22 06:30:00,129.1,129.3,129.0,129.0,594.155
2022-07-22 07:00:00,128.9,128.9,128.3,128.6,307.679
2022-07-22 07:30:00,128.6,128.6,127.8,128.3,532.352
2022-07-22 08:00:00,128.3,128.8,128.3,128.8,83.943
2022-07-22 08:30:00,128.8,128.8,128.4,128.8,139.273
2022-07-22 09:00:00,128.9,129.1,128.4,129.0,405.684
2022-07-22 09:30:00,129.0,129.5,128.8,129.5,758.05
2022-07-22 10:00:00,129.5,129.7,129.2,129.3,388.982
2022-07-22 10:30:00,129.4,129.6,129.4,129.4,107.18
2022-07-22 11:00:00,129.5,129.7,129.3,129.6,340.516
2022-07-22 11:30:00,129.5,129.7,129.5,129.5,161.743
2022-07-22 12:00:00,129.5,129.6,129.0,129.2,492.557
2022-07-22 12:30:00,129.2,129.9,129.2,129.7,405.024
2022-07-22 13:00:00,129.7,130.9,129.6,129.6,1230.265
2022-07-22 13:30:00,129.7,131.6,128.6,130.8,4645.429
2022-07-22 14:00:00,130.8,134.0,130.7,133.5,6385.292
2022-07-22 14:30:00,133.4,133.4,132.7,133.1,2746.997
2022-07-22 15:00:00,133.1,133.4,132.8,132.9,234.988
2022-07-22 15:30:00,132.8,132.9,131.0,131.2,1579.3
2022-07-22 16:00:00,131.2,131.7,131.0,131.3,185.255
2022-07-22 16:30:00,131.3,132.2,131.1,132.2,359.249
2022-07-22 17:00:00,132.2,132.2,130.6,130.6,276.958
2022-07-22 17:30:00,130.7,131.0,130.0,130.3,1183.58
2022-07-22 18:00:00,130.3,130.4,129.8,129.9,297.256
2022-07-22 18:30:00,129.9,130.0,128.2,128.4,1100.927
2022-07-22 19:00:00,128.4,128.7,127.8,128.6,495.581
2022-07-22 19:30:00,128.5,128.5,126.0,127.3,1411.894
2022-07-22 20:00:00,127.1,128.0,127.1,128.0,270.435
2022-07-22 20:30:00,127.9,129.4,127.8,129.4,625.657
2022-07-22 21:00:00,129.4,132.0,129.2,130.2,1968.005
2022-07-22 21:30:00,130.0,130.0,129.0,129.3,461.406
2022-07-22 22:00:00,129.4,129.8,129.1,129.1,69.331
2022-07-22 22:30:00,129.2,129.6,129.2,129.6,15.631
2022-07-22 23:00:00,129.5,129.8,129.1,129.3,238.844
2022-07-22 23:30:00,129.4,129.4,129.2,129.2,7.147
2022-07-23 00:00:00,129.0,129.9,128.9,129.8,92.45
2022-07-23 00:30:00,129.8,130.0,129.7,130.0,93.298
2022-07-23 01:00:00,130.0,130.0,129.6,129.9,124.912
2022-07-23 01:30:00,129.9,130.2,129.8,129.9,745.135
2022-07-23 02:00:00,130.0,130.5,130.0,130.3,168.494
2022-07-23 02:30:00,130.5,130.6,130.3,130.5,96.424
2022-07-23 03:00:00,130.5,130.9,130.5,130.7,300.317
2022-07-23 03:30:00,130.7,131.1,130.5,131.0,210.524
2022-07-23 04:00:00,130.8,131.0,130.8,130.8,33.982
2022-07-23 04:30:00,131.0,131.1,130.9,131.0,179.275
2022-07-23 05:00:00,131.0,131.3,130.8,131.1,178.823
2022-07-23 05:30:00,131.1,131.1,130.2,130.3,333.689
2022-07-23 06:00:00,130.3,130.6,130.1,130.3,136.608
2022-07-23 06:30:00,130.2,130.3,130.0,130.1,87.686
2022-07-23 07:00:00,130.1,130.3,129.3,129.6,330.644
2022-07-23 07:30:00,129.5,129.8,129.5,129.5,173.5
2022-07-23 08:00:00,129.7,129.9,129.5,129.5,68.511
2022-07-23 08:30:00,129.5,129.5,128.1,128.1,609.164
2022-07-23 09:00:00,128.1,128.6,128.1,128.5,110.626
2022-07-23 09:30:00,128.5,129.0,128.4,128.9,272.282
2022-07-23 10:00:00,129.0,129.2,128.8,129.0,237.766
2022-07-23 10:30:00,129.0,129.0,126.8,127.3,821.507
2022-07-23 11:00:00,127.3,127.4,126.6,127.3,332.926
2022-07-23 11:30:00,127.3,127.3,126.3,126.4,401.833
2022-07-23 12:00:00,126.5,128.3,126.5,127.9,776.02
2022-07-23 12:30:00,128.0,129.2,127.9,128.3,385.316
2022-07-23 13:00:00,128.3,128.6,128.2,128.3,33.173
2022-07-23 13:30:00,128.1,128.1,128.0,128.0,26.55
2022-07-23 14:00:00,128.0,128.6,127.9,128.4,181.239
2022-07-23 14:30:00,128.3,128.5,127.7,127.9,64.485
2022-07-23 15:00:00,128.4,128.6,127.8,127.8,176.081
2022-07-23 15:30:00,128.3,128.5,128.1,128.4,51.532
2022-07-23 16:00:00,128.5,128.9,128.5,128.9,143.276
2022-07-23 16:30:00,128.8,129.1,128.5,128.6,130.944
2022-07-23 17:00:00,128.5,128.9,128.1,128.2,115.534
2022-07-23 17:30:00,128.2,128.2,127.0,127.0,302.149
2022-07-23 18:00:00,127.0,127.1,125.7,126.4,1048.941
2022-07-23 18:30:00,126.4,126.4,125.3,125.4,440.173
2022-07-23 19:00:00,125.4,125.6,124.5,125.1,1232.672
2022-07-23 19:30:00,125.1,125.6,125.1,125.5,163.786
2022-07-23 20:00:00,125.3,125.9,125.3,125.3,195.054
2022-07-23 20:30:00,125.2,125.8,125.2,125.7,32.884
2022-07-23 21:00:00,125.7,126.0,125.3,125.9,231.678
2022-07-23 21:30:00,125.9,126.0,125.7,125.7,34.881
2022-07-23 22:00:00,125.5,127.0,125.5,126.8,423.591
2022-07-23 22:30:00,126.8,127.2,126.8,127.0,253.369
2022-07-23 23:00:00,127.1,127.4,127.0,127.2,168.258
2022-07-23 23:30:00,127.3,127.5,126.7,126.7,207.99
2022-07-24 00:00:00,126.7,127.3,126.7,126.9,72.494
2022-07-24 00:30:00,127.1,127.6,127.1,127.4,101.273
2022-07-24 01:00:00,127.5,127.8,127.4,127.7,177.564
2022-07-24 01:30:00,127.6,127.7,127.1,127.3,50.047
2022-07-24 02:00:00,127.4,127.6,127.4,127.5,27.257
2022-07-24 02:30:00,127.6,127.8,127.5,127.7,161.833
2022-07-24 03:00:00,127.7,127.8,127.0,127.2,123.0
2022-07-24 03:30:00,127.1,127.1,126.0,126.5,797.307
2022-07-24 04:00:00,126.5,126.8,126.4,126.7,89.782
2022-07-24 04:30:00,126.9,127.0,126.2,126.3,78.921
2022-07-24 05:00:00,126.3,127.1,126.3,127.0,519.064
2022-07-24 05:30:00,127.0,127.3,126.8,127.0,392.98
2022-07-24 06:00:00,126.9,127.0,126.8,126.9,100.518
2022-07-24 06:30:00,127.0,127.0,126.6,126.7,73.907
2022-07-24 07:00:00,126.8,127.0,126.7,126.9,39.519
2022-07-24 07:30:00,126.9,127.4,126.9,127.4,379.08
2022-07-24 08:00:00,127.4,127.4,126.7,127.0,495.505
2022-07-24 08:30:00,126.9,126.9,126.7,126.9,50.218
2022-07-24 09:00:00,126.9,126.9,126.7,126.8,12.107
2022-07-24 09:30:00,126.9,126.9,126.2,126.4,80.185
2022-07-24 10:00:00,126.3,126.6,126.3,126.6,14.492
2022-07-24 10:30:00,126.5,126.6,126.2,126.5,71.583
2022-07-24 11:00:00,126.5,127.7,126.3,127.1,488.06
2022-07-24 11:30:00,127.1,127.2,126.8,127.1,107.667
2022-07-24 12:00:00,127.0,127.5,126.9,127.1,222.876
2022-07-24 12:30:00,127.0,127.0,126.5,126.6,88.588
2022-07-24 13:00:00,126.4,126.4,126.1,126.2,65.783
2022-07-24 13:30:00,126.1,126.1,125.8,126.1,559.229
2022-07-24 14:00:00,126.1,126.4,126.0,126.3,329.922
2022-07-24 14:30:00,126.3,126.5,126.2,126.3,61.513
2022-07-24 15:00:00,126.2,126.3,126.1,126.3,160.701
2022-07-24 15:30:00,126.3,126.3,126.1,126.2,71.202
2022-07-24 16:00:00,126.1,126.2,125.8,125.9,106.075
2022-07-24 16:30:00,125.9,126.2,125.8,126.1,123.698
2022-07-24 17:00:00,126.2,126.4,126.1,126.3,128.354
2022-07-24 17:30:00,126.3,126.3,125.5,126.0,56.628
2022-07-24 18:00:00,126.0,126.0,125.6,125.9,37.048
2022-07-24 18:30:00,125.8,125.9,125.6,125.7,68.941
2022-07-24 19:00:00,125.6,125.6,125.2,125.3,68.676
2022-07-24 19:30:00,125.5,125.5,125.1,125.2,41.082
2022-07-24 20:00:00,125.2,125.3,125.2,125.2,25.333
2022-07-24 20:30:00,125.2,125.3,125.2,125.3,148.676
2022-07-24 21:00:00,125.2,125.4,125.2,125.4,42.516
2022-07-24 21:30:00,125.7,125.7,125.4,125.6,22.053
2022-07-24 22:00:00,125.6,125.6,125.3,125.3,38.503
2022-07-24 22:30:00,125.3,126.0,124.5,124.8,640.648
2022-07-24 23:00:00,124.7,125.3,124.5,125.3,94.811
2022-07-24 23:30:00,125.2,125.2,124.3,124.3,43.322
2022-07-25 00:00:00,124.3,124.6,123.6,123.7,286.981
2022-07-25 00:30:00,123.7,124.0,123.6,123.6,110.125
2022-07-25 01:00:00,123.6,123.7,123.1,123.2,264.744
2022-07-25 01:30:00,123.2,123.5,122.9,122.9,135.075
2022-07-25 02:00:00,123.0,123.5,122.8,122.9,331.305
2022-07-25 02:30:00,122.9,122.9,121.8,122.6,450.706
2022-07-25 03:00:00,122.6,122.9,122.3,122.4,230.252
2022-07-25 03:30:00,122.3,122.9,122.3,122.8,223.511
2022-07-25 04:00:00,122.7,123.4,122.6,123.2,408.076
2022-07-25 04:30:00,123.1,123.5,122.5,123.0,649.607
2022-07-25 05:00:00,123.1,123.3,122.9,122.9,66.744
2022-07-25 05:30:00,122.9,123.3,122.8,123.3,39.267
2022-07-25 06:00:00,123.4,123.6,123.3,123.5,118.382
2022-07-25 06:30:00,123.4,123.9,123.3,123.6,230.06
2022-07-25 07:00:00,123.7,124.2,123.6,123.8,285.034
2022-07-25 07:30:00,123.8,124.2,123.7,124.1,138.215
2022-07-25 08:00:00,124.1,124.7,123.5,123.5,560.128
2022-07-25 08:30:00,123.5,124.0,123.5,123.7,98.563
2022-07-25 09:00:00,123.7,124.1,123.7,124.0,112.82
2022-07-25 09:30:00,124.0,124.6,124.0,124.1,361.686
2022-07-25 10:00:00,124.2,124.8,124.2,124.8,263.652
2022-07-25 10:30:00,124.6,124.8,124.2,124.2,116.736
2022-07-25 11:00:00,124.2,124.5,123.7,123.7,365.548
2022-07-25 11:30:00,123.7,124.3,123.6,124.0,87.898
2022-07-25 12:00:00,124.0,124.4,123.6,123.9,68.554
2022-07-25 12:30:00,123.9,124.3,123.9,124.3,69.619
2022-07-25 13:00:00,124.3,124.6,123.5,123.9,447.216
2022-07-25 13:30:00,124.0,124.1,123.6,123.9,94.428
2022-07-25 14:00:00,124.1,124.6,123.6,123.6,346.613
2022-07-25 14:30:00,123.6,124.1,123.5,124.0,38.096
2022-07-25 15:00:00,124.0,124.5,123.7,124.3,251.493
2022-07-25 15:30:00,124.4,124.5,124.1,124.4,59.388
2022-07-25 16:00:00,124.6,125.4,124.4,124.8,570.121
2022-07-25 16:30:00,124.8,125.1,124.4,124.5,196.79
2022-07-25 17:00:00,124.6,124.6,124.4,124.6,34.551
2022-07-25 17:30:00,124.6,124.6,123.9,124.1,113.416
2022-07-25 18:00:00,124.1,124.5,123.9,124.4,150.069
2022-07-25 18:30:00,124.4,124.8,124.4,124.7,137.671
2022-07-25 19:00:00,124.3,124.3,123.5,123.8,240.197
2022-07-25 19:30:00,123.9,124.6,123.7,124.4,188.335
2022-07-25 20:00:00,124.3,125.1,124.3,124.6,404.152
2022-07-25 20:30:00,124.8,125.2,124.2,124.3,346.829
2022-07-25 21:00:00,124.2,124.6,124.2,124.3,7.662
2022-07-25 21:30:00,124.1,124.1,124.0,124.0,10.115
2022-07-25 22:00:00,124.0,124.1,123.0,123.4,413.508
2022-07-25 22:30:00,123.3,123.5,123.1,123.5,125.179
2022-07-25 23:00:00,123.4,123.6,123.3,123.5,34.954
2022-07-25 23:30:00,123.5,123.5,122.5,122.9,367.927
2022-07-26 00:00:00,122.8,123.2,122.6,123.0,231.457
2022-07-26 00:30:00,123.0,123.2,122.5,122.5,157.079
2022-07-26 01:00:00,122.5,123.3,122.5,123.0,215.731
2022-07-26 01:30:00,123.0,123.0,122.7,122.8,69.74
2022-07-26 02:00:00,122.8,123.6,122.7,122.8,312.201
2022-07-26 02:30:00,122.8,122.9,121.4,121.5,551.951
2022-07-26 03:00:00,121.6,121.7,120.3,120.8,670.583
2022-07-26 03:30:00,120.7,121.3,120.7,121.2,234.947
2022-07-26 04:00:00,121.3,121.3,120.9,121.1,141.743
2022-07-26 04:30:00,121.1,121.3,120.6,120.6,168.926
2022-07-26 05:00:00,120.5,121.0,120.5,121.0,88.685
2022-07-26 05:30:00,121.0,122.0,120.9,121.2,867.035
2022-07-26 06:00:00,121.2,121.8,121.1,121.4,278.674
2022-07-26 06:30:00,121.5,121.7,121.3,121.3,96.041
2022-07-26 07:00:00,121.4,122.1,121.4,122.0,199.261
2022-07-26 07:30:00,122.0,122.3,122.0,122.1,301.789
2022-07-26 08:00:00,122.1,122.4,122.0,122.1,326.513
2022-07-26 08:30:00,122.1,122.1,121.6,121.8,109.917
2022-07-26 09:00:00,121.7,121.7,121.4,121.5,74.961
2022-07-26 09:30:00,121.6,121.8,121.5,121.7,124.669
2022-07-26 10:00:00,121.7,121.7,121.2,121.3,212.912
2022-07-26 10:30:00,121.4,121.6,121.2,121.5,269.889
2022-07-26 11:00:00,121.5,121.7,121.0,121.0,559.059
2022-07-26 11:30:00,121.0,121.1,119.2,120.1,2481.105
2022-07-26 12:00:00,120.0,120.2,118.7,119.4,1097.843
2022-07-26 12:30:00,119.4,119.5,118.6,118.6,724.696
2022-07-26 13:00:00,118.6,119.2,118.1,119.1,521.029
2022-07-26 13:30:00,119.2,119.8,119.0,119.1,259.249
2022-07-26 14:00:00,119.0,120.2,119.0,119.8,263.932
2022-07-26 14:30:00,119.8,120.4,119.8,120.2,194.406
2022-07-26 15:00:00,120.2,120.3,119.6,119.7,73.031
2022-07-26 15:30:00,119.7,119.9,119.4,119.7,38.684
2022-07-26 16:00:00,119.7,120.3,119.5,120.1,235.234
2022-07-26 16:30:00,120.1,120.3,120.0,120.2,102.314
2022-07-26 17:00:00,120.2,120.5,120.2,120.5,124.741
2022-07-26 17:30:00,120.3,120.3,120.0,120.1,30.29
2022-07-26 18:00:00,120.0,120.0,119.3,119.7,194.599
2022-07-26 18:30:00,119.5,119.5,119.1,119.3,147.35
2022-07-26 19:00:00,119.3,119.4,119.1,119.3,12.355
2022-07-26 19:30:00,119.2,119.3,118.9,119.1,114.803
2022-07-26 20:00:00,119.2,119.6,119.2,119.3,28.852
2022-07-26 20:30:00,119.5,120.1,119.5,119.9,153.695
2022-07-26 21:00:00,119.9,120.3,119.9,120.3,143.418
2022-07-26 21:30:00,120.1,120.3,120.0,120.2,75.128
2022-07-26 22:00:00,120.3,121.3,120.2,121.1,439.428
2022-07-26 22:30:00,121.3,121.5,121.2,121.4,170.156
2022-07-26 23:00:00,121.4,121.6,121.3,121.5,104.173
2022-07-26 23:30:00,121.4,122.0,121.4,121.9,358.844
2022-07-27 00:00:00,122.1,122.7,121.8,122.1,612.966
2022-07-27 00:30:00,121.9,122.1,121.6,121.9,100.771
2022-07-27 01:00:00,122.3,122.5,122.3,122.4,84.405
2022-07-27 01:30:00,122.5,122.7,122.4,122.4,128.042
2022-07-27 02:00:00,122.4,122.4,121.8,121.8,50.35
2022-07-27 02:30:00,121.7,122.5,121.6,122.3,130.557
2022-07-27 03:00:00,122.4,123.2,121.9,122.3,634.262
2022-07-27 03:30:00,122.2,122.2,121.1,121.3,599.845
2022-07-27 04:00:00,121.4,121.5,121.0,121.4,77.261
2022-07-27 04:30:00,121.4,121.4,121.2,121.4,36.898
2022-07-27 05:00:00,121.5,122.2,121.4,122.2,198.993
2022-07-27 05:30:00,122.2,122.4,121.9,122.4,222.177
2022-07-27 06:00:00,122.1,122.5,121.3,121.4,260.748
2022-07-27 06:30:00,121.4,122.2,121.3,122.0,303.404
2022-07-27 07:00:00,122.1,122.5,122.0,122.0,233.119
2022-07-27 07:30:00,122.2,122.5,122.0,122.1,524.628
2022-07-27 08:00:00,122.0,122.4,121.8,122.3,72.445
2022-07-27 08:30:00,122.3,122.9,122.3,122.8,594.674
2022-07-27 09:00:00,122.7,122.9,121.8,122.2,363.261
2022-07-27 09:30:00,122.2,122.2,121.6,121.8,119.034
2022-07-27 10:00:00,121.8,122.1,121.5,121.5,49.892
2022-07-27 10:30:00,121.6,121.6,121.1,121.2,256.248
2022-07-27 11:00:00,121.2,121.2,121.0,121.1,52.18
2022-07-27 11:30:00,121.2,121.6,120.8,120.9,257.761
2022-07-27 12:00:00,120.9,122.0,120.9,121.8,261.894
2022-07-27 12:30:00,121.8,122.5,121.8,122.3,520.495
2022-07-27 13:00:00,122.4,122.5,121.5,122.0,1560.015
2022-07-27 13:30:00,122.0,122.7,121.6,122.4,1112.535
2022-07-27 14:00:00,122.5,123.7,122.5,123.6,949.815
2022-07-27 14:30:00,123.7,123.8,123.2,123.3,274.91
2022-07-27 15:00:00,123.3,123.4,123.0,123.1,42.481
2022-07-27 15:30:00,123.0,123.4,122.9,123.3,96.062
2022-07-27 16:00:00,123.2,123.8,123.0,123.8,200.619
2022-07-27 16:30:00,123.7,123.9,122.7,123.0,486.11
2022-07-27 17:00:00,123.1,123.7,122.9,123.3,121.759
2022-07-27 17:30:00,123.6,123.9,123.4,123.6,90.784
2022-07-27 18:00:00,123.8,125.3,123.8,124.7,1898.381
2022-07-27 18:30:00,124.7,125.4,124.1,124.3,1072.036
2022-07-27 19:00:00,124.5,125.1,124.4,124.9,361.372
2022-07-27 19:30:00,124.8,125.0,124.4,124.5,226.743
2022-07-27 20:00:00,124.5,124.9,124.4,124.9,129.815
2022-07-27 20:30:00,124.9,125.3,124.7,125.1,236.163
2022-07-27 21:00:00,125.0,125.4,124.6,124.6,341.634
2022-07-27 21:30:00,124.8,124.9,124.6,124.9,64.003
2022-07-27 22:00:00,125.0,125.6,124.9,125.5,213.853
2022-07-27 22:30:00,125.6,126.1,125.3,125.9,721.501
2022-07-27 23:00:00,125.9,126.1,125.6,125.9,87.176
2022-07-27 23:30:00,126.0,126.0,125.3,125.5,2155.417
2022-07-28 00:00:00,125.6,126.3,124.8,124.9,3960.493
2022-07-28 00:30:00,124.9,125.5,124.8,125.1,2384.966
2022-07-28 01:00:00,125.2,125.3,124.5,124.6,523.815
2022-07-28 01:30:00,124.5,125.2,124.2,124.9,387.654
2022-07-28 02:00:00,125.0,125.0,124.5,124.5,59.638
2022-07-28 02:30:00,124.5,125.7,124.5,125.4,702.43
2022-07-28 03:00:00,125.4,125.6,125.3,125.5,299.898
2022-07-28 03:30:00,125.3,125.3,124.5,124.6,89.104
2022-07-28 04:00:00,124.6,124.6,124.0,124.5,285.343
2022-07-28 04:30:00,124.4,124.4,124.2,124.3,27.561
2022-07-28 05:00:00,124.3,124.3,124.0,124.1,207.7
2022-07-28 05:30:00,124.1,124.4,123.9,124.4,626.633
2022-07-28 06:00:00,124.4,124.5,123.9,123.9,156.939
2022-07-28 06:30:00,124.1,124.1,123.8,124.0,596.611
2022-07-28 07:00:00,124.1,124.6,124.0,124.3,301.273
2022-07-28 07:30:00,124.3,124.3,123.8,123.8,138.277
2022-07-28 08:00:00,123.8,124.6,123.8,124.6,135.587
2022-07-28 08:30:00,124.6,125.1,124.3,125.1,104.24
2022-07-28 09:00:00,125.2,126.1,124.7,125.9,1754.242
2022-07-28 09:30:00,125.9,128.6,125.3,128.5,5267.065
2022-07-28 10:00:00,128.6,128.8,126.5,126.5,2913.05
2022-07-28 10:30:00,126.5,126.6,125.2,125.2,582.089
2022-07-28 11:00:00,125.2,125.8,125.2,125.4,108.087
2022-07-28 11:30:00,125.6,125.6,124.5,124.7,481.236
2022-07-28 12:00:00,124.7,125.2,122.2,122.7,1778.982
2022-07-28 12:30:00,122.8,124.2,121.3,123.2,897.686
2022-07-28 13:00:00,123.1,123.8,123.0,123.8,217.691
2022-07-28 13:30:00,123.9,124.5,122.1,122.6,524.269
2022-07-28 14:00:00,122.7,126.4,122.2,126.0,4860.085
2022-07-28 14:30:00,126.0,130.9,126.0,130.6,15825.229
2022-07-28 15:00:00,130.5,134.8,130.1,134.6,8308.311
2022-07-28 15:30:00,134.6,143.9,134.5,140.5,18537.955
2022-07-28 16:00:00,140.5,140.6,138.0,138.3,7265.684
2022-07-28 16:30:00,138.3,140.3,137.5,139.2,6222.592
2022-07-28 17:00:00,139.3,140.3,137.5,138.6,1609.114
2022-07-28 17:30:00,138.8,139.4,138.3,139.0,541.834
2022-07-28 18:00:00,139.1,139.4,136.0,136.2,2144.546
2022-07-28 18:30:00,136.3,136.4,135.3,135.9,684.45
2022-07-28 19:00:00,135.9,137.1,135.9,136.1,248.455
2022-07-28 19:30:00,136.0,136.9,135.3,136.8,612.155
2022-07-28 20:00:00,136.7,139.1,136.7,138.8,450.12
2022-07-28 20:30:00,138.7,139.6,137.9,138.2,911.629
2022-07-28 21:00:00,138.4,138.9,137.4,137.8,241.939
2022-07-28 21:30:00,137.8,138.9,136.7,138.1,285.821
2022-07-28 22:00:00,138.2,138.2,136.9,137.7,188.63
2022-07-28 22:30:00,137.7,138.0,137.1,137.6,169.966
2022-07-28 23:00:00,137.6,137.8,136.4,136.4,335.856
2022-07-28 23:30:00,136.5,140.9,136.4,140.6,1434.917
2022-07-29 00:00:00,140.6,140.7,139.1,139.3,671.371
2022-07-29 00:30:00,139.3,140.3,138.3,138.7,661.62
2022-07-29 01:00:00,138.7,139.2,138.1,138.2,458.717
2022-07-29 01:30:00,138.1,138.3,137.8,138.1,362.721
2022-07-29 02:00:00,138.1,138.8,137.3,137.9,463.953
2022-07-29 02:30:00,137.9,138.9,137.9,138.6,166.614
2022-07-29 03:00:00,138.5,139.0,137.9,138.1,80.103
2022-07-29 03:30:00,138.2,139.3,138.2,138.2,191.541
2022-07-29 04:00:00,138.3,138.8,138.2,138.5,120.891
2022-07-29 04:30:00,138.4,139.1,138.1,139.0,423.114
2022-07-29 05:00:00,139.0,139.0,137.2,138.0,374.099
2022-07-29 05:30:00,138.0,139.1,138.0,138.1,777.011
2022-07-29 06:00:00,138.2,138.5,137.7,138.1,144.275
2022-07-29 06:30:00,138.1,139.0,137.7,138.1,547.637
2022-07-29 07:00:00,138.0,138.9,137.5,138.1,276.811
2022-07-29 07:30:00,138.0,138.3,137.3,137.4,123.353
2022-07-29 08:00:00,137.6,137.6,135.0,135.5,1641.003
2022-07-29 08:30:00,135.5,136.3,135.5,135.8,272.375
2022-07-29 09:00:00,135.9,136.5,134.8,136.1,1217.722
2022-07-29 09:30:00,136.4,137.0,136.2,136.6,224.536
2022-07-29 10:00:00,136.6,136.9,136.1,136.4,203.303
2022-07-29 10:30:00,136.4,137.4,136.4,136.8,64.226
2022-07-29 11:00:00,136.6,136.9,134.7,135.6,780.145
2022-07-29 11:30:00,135.6,136.8,135.2,135.7,631.653
2022-07-29 12:00:00,135.5,135.8,134.6,134.7,306.33
2022-07-29 12:30:00,134.8,135.1,134.1,134.6,398.688
2022-07-29 13:00:00,134.5,135.0,134.2,134.2,308.681
2022-07-29 13:30:00,134.2,135.0,134.0,134.5,832.787
2022-07-29 14:00:00,134.5,136.6,134.3,136.5,826.675
2022-07-29 14:30:00,136.5,136.5,135.2,135.2,275.999
2022-07-29 15:00:00,135.2,135.5,134.8,134.9,435.317
2022-07-29 15:30:00,134.9,135.4,134.9,135.2,147.482
2022-07-29 16:00:00,135.3,135.3,134.0,134.0,1266.587
2022-07-29 16:30:00,134.0,135.1,134.0,134.8,154.004
2022-07-29 17:00:00,134.6,134.9,134.3,134.4,62.657
2022-07-29 17:30:00,134.5,135.5,134.4,135.1,93.585
2022-07-29 18:00:00,135.1,136.6,134.7,135.4,358.26
2022-07-29 18:30:00,135.5,135.9,135.1,135.3,127.197
2022-07-29 19:00:00,135.3,135.5,134.8,135.2,125.532
2022-07-29 19:30:00,135.3,135.9,134.8,135.1,197.658
2022-07-29 20:00:00,135.2,136.0,135.2,135.5,79.815
2022-07-29 20:30:00,135.6,135.8,135.3,135.4,39.723
2022-07-29 21:00:00,135.4,135.5,134.9,135.1,29.646
2022-07-29 21:30:00,134.8,135.2,134.6,135.2,18.627
2022-07-29 22:00:00,135.2,136.3,135.2,136.0,76.835
2022-07-29 22:30:00,136.1,136.6,135.9,136.0,126.091
2022-07-29 23:00:00,135.9,136.8,135.7,136.6,105.426
2022-07-29 23:30:00,136.7,136.7,134.1,134.7,460.191
2022-07-30 00:00:00,134.7,135.4,134.7,135.2,75.564
2022-07-30 00:30:00,135.2,135.2,134.3,134.4,205.17
2022-07-30 01:00:00,134.6,135.0,134.5,134.9,56.103
2022-07-30 01:30:00,135.0,135.2,134.5,135.1,356.049
2022-07-30 02:00:00,135.1,135.1,134.5,134.5,137.498
2022-07-30 02:30:00,134.7,135.2,134.6,134.7,61.471
2022-07-30 03:00:00,134.8,134.8,134.5,134.6,164.083
2022-07-30 03:30:00,134.6,134.8,134.3,134.8,507.32
2022-07-30 04:00:00,134.8,134.8,134.2,134.2,106.911
2022-07-30 04:30:00,134.3,134.6,134.2,134.5,46.374
2022-07-30 05:00:00,134.4,134.8,134.4,134.6,38.724
2022-07-30 05:30:00,134.7,135.1,134.7,135.1,23.347
2022-07-30 06:00:00,135.1,135.7,134.9,135.6,108.368
2022-07-30 06:30:00,135.5,136.1,135.5,136.1,161.145
2022-07-30 07:00:00,136.1,136.3,136.0,136.1,209.636
2022-07-30 07:30:00,136.2,136.6,136.1,136.6,224.934
2022-07-30 08:00:00,136.6,137.0,136.1,136.6,509.99
2022-07-30 08:30:00,136.6,136.6,136.0,136.5,282.103
2022-07-30 09:00:00,136.3,136.5,136.2,136.3,46.465
2022-07-30 09:30:00,136.3,136.5,136.1,136.2,50.424
2022-07-30 10:00:00,136.1,136.1,134.6,135.4,213.098
2022-07-30 10:30:00,135.4,135.8,135.1,135.1,92.344
2022-07-30 11:00:00,135.1,135.7,135.1,135.7,35.966
2022-07-30 11:30:00,135.6,136.3,135.6,135.8,177.217
2022-07-30 12:00:00,135.6,136.1,135.4,136.1,186.642
2022-07-30 12:30:00,136.1,136.3,136.0,136.2,134.354
2022-07-30 13:00:00,136.2,136.4,134.7,135.2,886.744
2022-07-30 13:30:00,135.3,135.9,135.0,135.6,118.605
2022-07-30 14:00:00,135.7,135.9,135.5,135.5,160.064
2022-07-30 14:30:00,135.6,135.6,134.9,135.1,134.353
2022-07-30 15:00:00,135.2,136.2,135.2,135.5,198.401
2022-07-30 15:30:00,135.5,135.9,135.4,135.6,92.857
2022-07-30 16:00:00,135.6,135.7,135.0,135.4,83.815
2022-07-30 16:30:00,135.4,136.0,135.4,135.8,93.18
2022-07-30 17:00:00,135.6,135.9,135.5,135.5,80.521
2022-07-30 17:30:00,135.6,135.6,135.1,135.3,45.624
2022-07-30 18:00:00,135.3,135.6,135.3,135.6,61.097
2022-07-30 18:30:00,135.6,135.7,135.4,135.6,41.289
2022-07-30 19:00:00,135.6,135.7,135.2,135.5,148.604
2022-07-30 19:30:00,135.5,135.7,135.0,135.6,398.688
2022-07-30 20:00:00,135.5,135.5,134.4,135.1,154.034
2022-07-30 20:30:00,135.1,135.3,135.0,135.0,52.034
2022-07-30 21:00:00,135.0,135.1,135.0,135.0,247.943
2022-07-30 21:30:00,135.0,135.1,134.7,135.0,130.105
2022-07-30 22:00:00,134.6,134.6,134.3,134.4,469.641
2022-07-30 22:30:00,134.5,134.6,134.2,134.5,63.815
2022-07-30 23:00:00,134.5,134.5,134.2,134.2,190.154
2022-07-30 23:30:00,134.3,134.8,134.2,134.7,154.637
2022-07-31 00:00:00,134.7,134.7,134.3,134.4,31.476
2022-07-31 00:30:00,134.3,134.6,134.3,134.5,79.805
2022-07-31 01:00:00,134.6,135.0,134.5,134.9,86.869
2022-07-31 01:30:00,134.9,135.0,134.7,134.8,20.482
2022-07-31 02:00:00,134.7,135.4,134.7,135.0,48.401
2022-07-31 02:30:00,134.9,135.0,134.7,134.9,49.195
2022-07-31 03:00:00,134.8,135.1,134.5,134.5,54.253
2022-07-31 03:30:00,134.6,134.7,134.5,134.6,31.427
2022-07-31 04:00:00,134.8,135.7,134.8,135.7,97.887
2022-07-31 04:30:00,135.7,135.9,135.5,135.9,339.238
2022-07-31 05:00:00,135.7,136.2,135.5,135.5,204.406
2022-07-31 05:30:00,135.5,135.8,135.4,135.4,308.667
2022-07-31 06:00:00,135.4,135.4,135.1,135.3,132.293
2022-07-31 06:30:00,135.3,135.5,135.2,135.4,132.701
2022-07-31 07:00:00,135.6,136.2,135.6,135.9,135.762
2022-07-31 07:30:00,135.9,136.2,135.0,135.1,362.032
2022-07-31 08:00:00,135.1,135.3,134.6,135.0,193.224
2022-07-31 08:30:00,135.0,135.1,134.4,134.4,88.554
2022-07-31 09:00:00,134.3,135.3,134.3,135.1,234.454
2022-07-31 09:30:00,135.0,135.3,135.0,135.2,182.541
2022-07-31 10:00:00,135.2,135.3,134.7,135.2,231.172
2022-07-31 10:30:00,135.2,135.5,134.8,135.3,302.615
2022-07-31 11:00:00,135.3,135.5,135.0,135.0,139.14
2022-07-31 11:30:00,135.0,135.3,134.4,135.3,731.473
2022-07-31 12:00:00,135.2,135.2,134.8,134.8,50.783
2022-07-31 12:30:00,134.8,135.3,134.8,135.2,80.32
2022-07-31 13:00:00,135.3,135.5,134.7,134.9,158.656
2022-07-31 13:30:00,134.9,135.0,134.8,134.9,8.915
2022-07-31 14:00:00,134.8,134.9,134.7,134.9,130.403
2022-07-31 14:30:00,134.9,135.0,134.6,134.8,139.842
2022-07-31 15:00:00,134.8,134.9,134.2,134.3,309.354
2022-07-31 15:30:00,134.4,134.6,134.3,134.3,104.338
2022-07-31 16:00:00,134.2,135.0,133.0,134.8,2326.211
2022-07-31 16:30:00,135.0,135.4,135.0,135.3,246.541
2022-07-31 17:00:00,135.3,135.7,134.5,134.6,294.561
2022-07-31 17:30:00,134.8,135.0,134.3,134.9,330.511
2022-07-31 18:00:00,134.9,136.0,133.8,133.8,428.415
2022-07-31 18:30:00,133.9,134.7,133.1,134.7,639.534
2022-07-31 19:00:00,134.7,135.5,134.5,134.5,175.598
2022-07-31 19:30:00,134.4,134.8,134.4,134.6,44.443
2022-07-31 20:00:00,134.3,135.6,134.2,135.2,284.658
2022-07-31 20:30:00,135.1,135.4,134.9,135.4,45.377
2022-07-31 21:00:00,135.3,135.5,134.8,135.0,37.565
2022-07-31 21:30:00,134.7,134.7,134.1,134.5,69.408
2022-07-31 22:00:00,134.1,134.8,134.0,134.7,275.442
2022-07-31 22:30:00,134.8,135.2,133.5,134.0,410.642
2022-07-31 23:00:00,134.0,134.0,133.5,133.6,74.18
2022-07-31 23:30:00,133.6,135.5,133.5,134.3,406.838
2022-08-01 00:00:00,134.2,135.3,133.6,135.2,386.488
2022-08-01 00:30:00,135.3,135.3,134.7,135.1,70.297
2022-08-01 01:00:00,135.1,135.1,134.1,135.0,53.306
2022-08-01 01:30:00,135.1,135.1,134.2,134.6,79.467
2022-08-01 02:00:00,134.9,134.9,133.8,134.0,170.28
2022-08-01 02:30:00,134.0,134.6,133.9,134.4,77.762
2022-08-01 03:00:00,134.5,134.5,134.0,134.0,45.898
2022-08-01 03:30:00,134.0,134.4,134.0,134.3,50.749
2022-08-01 04:00:00,134.4,134.4,133.8,134.0,40.462
2022-08-01 04:30:00,133.8,133.8,133.5,133.8,120.326
2022-08-01 05:00:00,133.9,133.9,133.3,133.8,51.338
2022-08-01 05:30:00,133.9,133.9,133.4,133.8,66.186
2022-08-01 06:00:00,133.8,134.2,133.5,133.6,110.916
2022-08-01 06:30:00,133.6,133.6,133.4,133.4,17.249
2022-08-01 07:00:00,133.5,133.8,133.0,133.0,1239.324
2022-08-01 07:30:00,132.9,133.3,132.3,133.1,135.992
2022-08-01 08:00:00,133.0,133.0,132.0,132.3,796.736
2022-08-01 08:30:00,132.3,132.5,132.0,132.5,34.041
2022-08-01 09:00:00,132.5,133.2,132.5,133.1,156.101
2022-08-01 09:30:00,133.3,133.6,132.0,133.5,934.506
2022-08-01 10:00:00,133.3,133.5,133.1,133.1,301.839
2022-08-01 10:30:00,133.1,133.1,132.3,132.4,364.531
2022-08-01 11:00:00,132.3,132.7,132.0,132.5,167.97
2022-08-01 11:30:00,132.5,132.8,132.4,132.6,32.582
2022-08-01 12:00:00,132.6,132.8,132.4,132.5,107.187
2022-08-01 12:30:00,132.7,132.7,132.0,132.2,68.112
2022-08-01 13:00:00,132.2,132.4,132.0,132.2,303.71
2022-08-01 13:30:00,132.2,133.0,132.0,132.5,799.008
2022-08-01 14:00:00,132.6,133.1,132.1,132.3,505.28
2022-08-01 14:30:00,132.4,133.2,132.2,132.5,148.575
2022-08-01 15:00:00,132.5,132.8,132.0,132.2,856.478
2022-08-01 15:30:00,132.3,132.6,132.1,132.1,79.953
2022-08-01 16:00:00,132.2,132.3,131.6,132.0,479.452
2022-08-01 16:30:00,131.9,132.0,131.3,131.5,73.379
2022-08-01 17:00:00,131.3,131.3,130.3,130.3,1453.128
2022-08-01 17:30:00,130.2,130.2,129.4,129.6,782.774
2022-08-01 18:00:00,129.6,129.6,128.4,128.4,341.064
2022-08-01 18:30:00,128.4,128.7,127.3,128.1,822.836
2022-08-01 19:00:00,128.1,128.2,127.6,127.8,91.252
2022-08-01 19:30:00,127.7,129.1,127.6,129.1,99.388
2022-08-01 20:00:00,128.9,129.5,128.8,129.2,56.383
2022-08-01 20:30:00,129.2,129.2,128.1,128.6,80.501
2022-08-01 21:00:00,128.6,128.6,128.3,128.5,36.154
2022-08-01 21:30:00,128.5,128.5,128.1,128.5,27.094
2022-08-01 22:00:00,128.5,128.8,127.8,128.8,97.194
2022-08-01 22:30:00,128.6,129.5,128.5,129.3,134.769
2022-08-01 23:00:00,129.3,130.4,129.3,130.3,154.42
2022-08-01 23:30:00,130.2,130.2,129.4,129.5,107.804
2022-08-02 00:00:00,129.5,129.7,128.7,128.8,268.988
2022-08-02 00:30:00,128.8,128.8,127.7,127.9,176.722
2022-08-02 01:00:00,128.0,128.2,127.8,128.0,60.952
2022-08-02 01:30:00,127.9,127.9,126.9,127.1,466.518
2022-08-02 02:00:00,127.1,128.0,127.0,127.5,117.155
2022-08-02 02:30:00,127.4,127.4,126.4,126.8,262.98
2022-08-02 03:00:00,126.8,126.8,125.3,125.4,1372.334
2022-08-02 03:30:00,125.3,125.5,124.2,124.5,681.96
2022-08-02 04:00:00,124.5,126.2,124.4,126.1,235.857
2022-08-02 04:30:00,126.0,126.4,125.7,126.2,128.491
2022-08-02 05:00:00,126.2,126.9,126.1,126.8,84.274
2022-08-02 05:30:00,126.6,126.6,126.3,126.3,11.67
2022-08-02 06:00:00,126.3,127.6,126.3,127.0,36.016
2022-08-02 06:30:00,127.2,127.5,126.8,126.8,49.008
2022-08-02 07:00:00,126.8,127.0,126.3,126.4,60.087
2022-08-02 07:30:00,126.6,127.5,126.6,127.4,51.834
2022-08-02 08:00:00,127.4,127.5,127.0,127.0,58.421
2022-08-02 08:30:00,127.1,127.3,126.5,126.5,76.601
2022-08-02 09:00:00,126.4,127.1,126.4,126.9,54.299
2022-08-02 09:30:00,126.9,126.9,126.0,126.2,265.523
2022-08-02 10:00:00,126.0,126.7,126.0,126.5,76.566
2022-08-02 10:30:00,126.5,127.8,126.5,127.4,125.442
2022-08-02 11:00:00,127.4,128.6,127.3,127.8,290.6
2022-08-02 11:30:00,127.8,128.7,127.8,128.0,285.711
2022-08-02 12:00:00,128.0,128.4,125.6,127.0,783.868
2022-08-02 12:30:00,127.0,130.7,125.7,125.9,2344.2
2022-08-02 13:00:00,125.8,126.3,124.5,126.0,1863.648
2022-08-02 13:30:00,126.0,126.5,125.9,126.5,292.237
2022-08-02 14:00:00,126.2,126.7,125.3,126.7,164.317
2022-08-02 14:30:00,126.8,127.5,125.7,127.2,455.809
2022-08-02 15:00:00,127.2,128.0,126.6,126.8,556.991
2022-08-02 15:30:00,126.9,127.7,126.7,127.4,270.122
2022-08-02 16:00:00,127.4,128.3,127.0,128.2,164.238
2022-08-02 16:30:00,128.3,128.8,127.7,128.0,214.739
2022-08-02 17:00:00,128.1,128.3,127.7,127.8,97.568
2022-08-02 17:30:00,127.7,127.7,127.3,127.5,87.635
2022-08-02 18:00:00,127.5,127.9,127.3,127.4,17.852
2022-08-02 18:30:00,127.4,127.5,126.7,126.8,86.312
2022-08-02 19:00:00,126.7,128.2,126.5,128.2,206.304
2022-08-02 19:30:00,128.1,128.1,127.1,127.1,52.384
2022-08-02 20:00:00,127.1,127.9,127.1,127.8,43.94
2022-08-02 20:30:00,127.8,127.8,127.2,127.4,29.864
2022-08-02 21:00:00,127.5,127.5,127.2,127.3,85.733
2022-08-02 21:30:00,127.4,127.8,127.4,127.7,7.842
2022-08-02 22:00:00,127.9,128.1,127.8,127.9,11.831
2022-08-02 22:30:00,127.6,128.4,127.6,128.4,20.097
2022-08-02 23:00:00,128.3,128.4,127.3,127.4,43.621
2022-08-02 23:30:00,127.4,127.6,126.5,126.8,168.632
2022-08-03 00:00:00,126.7,127.1,126.2,126.2,320.384
2022-08-03 00:30:00,126.2,127.1,125.9,127.0,257.911
2022-08-03 01:00:00,127.1,127.3,126.4,127.3,107.566
2022-08-03 01:30:00,127.2,127.5,127.1,127.4,76.65
2022-08-03 02:00:00,127.3,127.7,127.2,127.2,63.574
2022-08-03 02:30:00,127.2,127.6,127.1,127.1,28.566
2022-08-03 03:00:00,127.1,127.9,127.1,127.9,53.037
2022-08-03 03:30:00,128.0,128.0,127.3,127.4,553.517
2022-08-03 04:00:00,127.5,128.5,127.5,128.5,28.022
2022-08-03 04:30:00,128.5,128.5,128.3,128.4,30.823
2022-08-03 05:00:00,128.3,128.3,127.9,128.2,28.615
2022-08-03 05:30:00,128.3,128.5,128.2,128.4,51.008
2022-08-03 06:00:00,128.4,128.5,128.4,128.4,35.924
2022-08-03 06:30:00,128.4,128.5,128.1,128.4,44.355
2022-08-03 07:00:00,128.4,128.5,128.3,128.5,34.718
2022-08-03 07:30:00,128.4,128.5,128.3,128.4,22.497
2022-08-03 08:00:00,128.6,129.0,128.5,128.6,84.569
2022-08-03 08:30:00,128.6,129.2,128.6,129.2,66.676
2022-08-03 09:00:00,129.2,129.7,129.1,129.1,300.632
2022-08-03 09:30:00,129.3,129.4,128.7,128.8,116.438
2022-08-03 10:00:00,128.9,129.2,128.9,129.0,73.577
2022-08-03 10:30:00,129.1,129.1,128.7,129.0,32.072
2022-08-03 11:00:00,129.0,129.4,128.9,129.1,35.758
2022-08-03 11:30:00,129.2,129.3,129.1,129.1,22.274
2022-08-03 12:00:00,129.1,129.7,127.8,129.2,796.122
2022-08-03 12:30:00,129.2,129.2,128.9,129.1,144.514
2022-08-03 13:00:00,129.1,129.6,129.1,129.6,116.871
2022-08-03 13:30:00,129.6,129.9,129.4,129.8,262.999
2022-08-03 14:00:00,129.8,130.0,129.4,129.6,86.092
2022-08-03 14:30:00,129.5,129.7,129.2,129.6,49.57
2022-08-03 15:00:00,129.5,129.6,129.2,129.4,33.3
2022-08-03 15:30:00,129.4,129.7,129.3,129.4,61.309
2022-08-03 16:00:00,129.4,129.8,129.3,129.8,135.92
2022-08-03 16:30:00,129.9,130.1,129.7,129.9,73.885
2022-08-03 17:00:00,129.9,130.1,129.6,130.0,174.365
2022-08-03 17:30:00,130.1,130.4,130.0,130.1,204.673
2022-08-03 18:00:00,130.1,130.5,129.9,130.4,87.503
2022-08-03 18:30:00,130.4,130.6,130.4,130.6,120.31
2022-08-03 19:00:00,130.6,131.1,130.3,130.9,152.564
2022-08-03 19:30:00,130.8,131.3,130.5,131.1,250.077
2022-08-03 20:00:00,131.1,131.2,129.5,129.6,407.281
2022-08-03 20:30:00,129.6,129.6,129.2,129.2,25.028
2022-08-03 21:00:00,129.3,129.4,129.2,129.2,12.41
2022-08-03 21:30:00,129.3,129.5,129.1,129.3,46.965
2022-08-03 22:00:00,129.2,129.3,128.7,128.8,110.607
2022-08-03 22:30:00,128.7,128.7,128.3,128.3,209.723
2022-08-03 23:00:00,128.3,128.6,127.6,128.2,430.57
2022-08-03 23:30:00,128.1,128.3,127.9,127.9,239.375
2022-08-04 00:00:00,127.9,128.7,127.3,128.5,113.367
2022-08-04 00:30:00,128.4,129.4,128.3,129.4,96.503
2022-08-04 01:00:00,129.4,129.6,129.2,129.3,45.884
2022-08-04 01:30:00,129.4,129.5,129.1,129.4,73.936
2022-08-04 02:00:00,129.4,130.0,129.3,130.0,46.526
2022-08-04 02:30:00,130.1,130.6,129.9,130.5,98.514
2022-08-04 03:00:00,130.5,130.5,130.1,130.2,42.808
2022-08-04 03:30:00,130.2,130.4,129.5,129.9,188.618
2022-08-04 04:00:00,129.9,130.0,129.4,129.5,35.597
2022-08-04 04:30:00,129.8,129.9,129.7,129.9,14.152
2022-08-04 05:00:00,129.9,130.0,129.5,129.6,20.658
2022-08-04 05:30:00,129.6,130.0,129.5,129.9,20.925
2022-08-04 06:00:00,129.9,130.1,128.6,128.9,340.095
2022-08-04 06:30:00,128.8,128.8,127.7,128.0,301.93
2022-08-04 07:00:00,127.8,128.6,127.8,128.5,35.141
2022-08-04 07:30:00,128.5,128.5,128.2,128.4,43.003
2022-08-04 08:00:00,128.4,129.1,128.4,129.0,60.693
2022-08-04 08:30:00,129.0,129.0,128.2,128.2,34.069
2022-08-04 09:00:00,128.2,128.8,128.2,128.8,35.848
2022-08-04 09:30:00,128.7,128.8,128.5,128.8,98.493
2022-08-04 10:00:00,129.0,129.1,128.9,128.9,27.441
2022-08-04 10:30:00,128.9,128.9,128.3,128.7,165.202
2022-08-04 11:00:00,128.6,128.9,127.9,128.2,256.787
2022-08-04 11:30:00,128.3,128.8,128.3,128.8,163.043
2022-08-04 12:00:00,128.7,129.1,128.3,128.6,147.661
2022-08-04 12:30:00,128.7,128.8,128.3,128.3,36.334
2022-08-04 13:00:00,128.4,129.0,128.4,128.9,200.259
2022-08-04 13:30:00,128.9,130.7,128.9,129.5,324.956
2022-08-04 14:00:00,129.6,129.7,128.7,128.8,138.612
2022-08-04 14:30:00,128.6,128.6,127.8,128.2,217.166
2022-08-04 15:00:00,128.3,128.3,127.9,127.9,230.32
2022-08-04 15:30:00,127.9,128.5,127.9,128.5,103.703
2022-08-04 16:00:00,128.6,129.6,128.6,128.9,125.002
2022-08-04 16:30:00,128.9,129.0,127.1,127.4,202.929
2022-08-04 17:00:00,127.4,127.5,127.1,127.1,62.65
2022-08-04 17:30:00,127.3,127.6,126.5,127.6,174.717
2022-08-04 18:00:00,127.5,127.8,127.1,127.8,89.743
2022-08-04 18:30:00,127.8,128.2,127.4,127.4,88.011
2022-08-04 19:00:00,127.4,128.0,127.3,128.0,70.181
2022-08-04 19:30:00,128.0,128.1,127.6,127.8,50.398
2022-08-04 20:00:00,127.8,128.0,127.8,127.8,37.333
2022-08-04 20:30:00,127.9,128.0,127.8,127.8,26.099
2022-08-04 21:00:00,127.8,128.3,127.8,128.2,7.276
2022-08-04 21:30:00,128.2,128.2,127.4,127.5,15.626
2022-08-04 22:00:00,127.5,127.5,127.0,127.1,92.807
2022-08-04 22:30:00,127.2,127.3,127.2,127.3,17.624
2022-08-04 23:00:00,127.4,127.7,127.4,127.6,30.902
2022-08-04 23:30:00,127.7,128.2,127.7,128.2,53.917
2022-08-05 00:00:00,128.1,128.8,128.1,128.7,80.728
2022-08-05 00:30:00,128.7,128.8,128.6,128.7,38.192
2022-08-05 01:00:00,128.5,128.7,128.1,128.1,46.851
2022-08-05 01:30:00,128.1,130.2,128.1,129.9,354.238
2022-08-05 02:00:00,129.9,130.2,129.5,129.7,103.686
2022-08-05 02:30:00,129.7,129.8,129.3,129.3,146.612
2022-08-05 03:00:00,129.3,129.9,129.3,129.8,120.303
2022-08-05 03:30:00,129.9,130.0,129.9,130.0,24.882
2022-08-05 04:00:00,130.0,130.1,129.7,129.8,147.763
2022-08-05 04:30:00,129.8,129.8,129.1,129.3,111.687
2022-08-05 05:00:00,129.3,129.4,128.8,129.2,98.495
2022-08-05 05:30:00,129.1,130.2,128.9,130.2,275.556
2022-08-05 06:00:00,130.2,132.5,130.0,131.6,1461.136
2022-08-05 06:30:00,131.6,131.8,131.2,131.6,146.288
2022-08-05 07:00:00,131.6,132.1,131.5,132.0,282.374
2022-08-05 07:30:00,132.0,132.1,131.5,131.6,54.52
2022-08-05 08:00:00,131.5,131.8,130.5,130.9,111.562
2022-08-05 08:30:00,130.9,131.0,130.1,130.3,77.164
2022-08-05 09:00:00,130.4,130.4,129.7,129.9,195.161
2022-08-05 09:30:00,130.0,130.3,129.8,130.2,51.976
2022-08-05 10:00:00,130.3,130.3,129.8,130.0,44.232
2022-08-05 10:30:00,130.0,130.1,129.7,129.9,169.433
2022-08-05 11:00:00,129.9,130.3,129.9,130.1,50.807
2022-08-05 11:30:00,130.4,130.8,130.0,130.1,155.567
2022-08-05 12:00:00,130.3,130.8,130.0,130.7,197.219
2022-08-05 12:30:00,130.7,130.7,128.3,128.8,1199.323
2022-08-05 13:00:00,128.8,129.5,128.6,128.9,114.724
2022-08-05 13:30:00,129.0,129.4,128.9,129.2,57.18
2022-08-05 14:00:00,129.2,130.5,129.0,129.8,100.983
2022-08-05 14:30:00,129.9,130.2,129.6,129.8,48.326
2022-08-05 15:00:00,129.8,129.8,129.1,129.1,107.823
2022-08-05 15:30:00,129.1,129.2,128.9,129.0,108.331
2022-08-05 16:00:00,128.8,129.9,128.7,129.4,164.142
2022-08-05 16:30:00,129.3,129.6,129.0,129.6,16.17
2022-08-05 17:00:00,129.7,129.7,129.3,129.4,14.907
2022-08-05 17:30:00,129.5,129.6,129.1,129.1,19.964
2022-08-05 18:00:00,129.2,129.4,129.1,129.1,62.106
2022-08-05 18:30:00,129.2,129.3,129.0,129.1,17.041
2022-08-05 19:00:00,129.0,129.4,128.9,129.3,16.994
2022-08-05 19:30:00,129.2,129.5,129.2,129.5,24.998
2022-08-05 20:00:00,129.5,129.5,128.7,129.0,56.531
2022-08-05 20:30:00,129.0,129.1,128.8,128.8,37.497
2022-08-05 21:00:00,129.0,129.4,128.9,129.4,76.706
2022-08-05 21:30:00,129.5,129.6,129.4,129.5,36.076
2022-08-05 22:00:00,129.5,129.7,129.3,129.7,25.907
2022-08-05 22:30:00,129.6,129.7,129.5,129.7,31.713
2022-08-05 23:00:00,129.7,129.7,129.5,129.6,60.392
2022-08-05 23:30:00,129.7,129.8,129.6,129.8,51.084
2022-08-06 00:00:00,129.9,129.9,129.0,129.3,106.815
2022-08-06 00:30:00,129.3,129.4,129.0,129.0,80.619
2022-08-06 01:00:00,129.1,129.1,128.8,128.8,43.395
2022-08-06 01:30:00,128.8,128.8,128.5,128.5,33.717
2022-08-06 02:00:00,128.6,128.9,128.4,128.8,58.103
2022-08-06 02:30:00,128.8,128.9,128.7,128.9,47.558
2022-08-06 03:00:00,128.9,128.9,127.9,128.3,146.536
2022-08-06 03:30:00,128.2,128.3,128.1,128.3,21.263
2022-08-06 04:00:00,128.2,128.2,126.7,128.0,355.314
2022-08-06 04:30:00,128.0,128.0,127.8,127.8,102.323
2022-08-06 05:00:00,127.9,128.1,127.4,127.4,47.992
2022-08-06 05:30:00,127.4,127.7,127.4,127.7,103.978
2022-08-06 06:00:00,127.7,127.7,127.5,127.6,39.335
2022-08-06 06:30:00,127.6,128.5,127.6,128.1,123.742
2022-08-06 07:00:00,128.2,128.2,127.6,127.7,75.818
2022-08-06 07:30:00,127.8,127.9,127.6,127.7,121.201
2022-08-06 08:00:00,127.7,127.8,127.4,127.4,82.893
2022-08-06 08:30:00,127.4,127.4,127.3,127.4,39.63
2022-08-06 09:00:00,127.3,127.3,126.9,127.2,506.489
2022-08-06 09:30:00,127.3,127.5,127.3,127.3,61.706
2022-08-06 10:00:00,127.3,127.4,127.0,127.1,74.446
2022-08-06 10:30:00,127.2,127.3,127.0,127.0,69.733
2022-08-06 11:00:00,127.0,127.4,126.9,127.0,94.367
2022-08-06 11:30:00,127.0,127.1,126.5,126.7,108.505
2022-08-06 12:00:00,126.6,126.8,125.5,126.4,1046.944
2022-08-06 12:30:00,126.4,126.8,126.4,126.8,82.611
2022-08-06 13:00:00,126.8,127.0,126.5,126.8,133.629
2022-08-06 13:30:00,126.8,126.9,126.7,126.8,35.181
2022-08-06 14:00:00,126.6,127.0,126.5,126.8,113.337
2022-08-06 14:30:00,126.7,127.0,126.6,126.9,34.26
2022-08-06 15:00:00,126.9,127.0,126.8,126.8,91.256
2022-08-06 15:30:00,126.6,126.6,126.3,126.4,157.136
2022-08-06 16:00:00,126.6,126.9,126.6,126.8,55.734
2022-08-06 16:30:00,126.9,126.9,126.6,126.6,43.855
2022-08-06 17:00:00,126.5,126.9,126.0,126.9,195.46
2022-08-06 17:30:00,126.8,127.0,126.6,126.6,107.824
2022-08-06 18:00:00,126.6,127.0,126.5,126.6,101.586
2022-08-06 18:30:00,126.7,127.1,126.6,126.9,29.272
2022-08-06 19:00:00,126.9,127.2,126.2,126.3,150.923
2022-08-06 19:30:00,126.2,126.7,126.2,126.6,72.314
2022-08-06 20:00:00,126.6,126.7,126.3,126.3,65.533
2022-08-06 20:30:00,126.3,126.7,126.3,126.5,23.59
2022-08-06 21:00:00,126.5,126.7,126.5,126.5,29.793
2022-08-06 21:30:00,126.6,126.8,126.5,126.5,10.597
2022-08-06 22:00:00,126.5,126.8,126.4,126.6,35.856
2022-08-06 22:30:00,126.5,126.5,126.3,126.4,14.476
2022-08-06 23:00:00,126.4,126.4,124.6,125.4,280.309
2022-08-06 23:30:00,125.4,126.0,125.4,125.7,160.537
2022-08-07 00:00:00,125.7,125.7,125.0,125.0,107.739
2022-08-07 00:30:00,125.1,125.3,124.3,124.6,85.174
2022-08-07 01:00:00,124.5,124.9,124.4,124.6,39.933
2022-08-07 01:30:00,124.8,124.8,124.6,124.6,29.8
2022-08-07 02:00:00,124.6,125.2,124.6,125.1,127.797
2022-08-07 02:30:00,125.2,125.2,125.0,125.0,18.56
2022-08-07 03:00:00,125.1,125.3,125.1,125.1,20.394
2022-08-07 03:30:00,125.2,125.2,125.1,125.1,17.143
2022-08-07 04:00:00,125.3,125.3,125.0,125.1,41.691
2022-08-07 04:30:00,125.1,125.1,124.6,124.9,82.347
2022-08-07 05:00:00,125.0,125.1,124.9,125.0,20.354
2022-08-07 05:30:00,125.0,125.1,124.9,125.0,39.28
2022-08-07 06:00:00,125.1,125.4,125.1,125.2,53.555
2022-08-07 06:30:00,125.3,125.4,125.2,125.4,28.791
2022-08-07 07:00:00,125.5,126.1,125.0,125.9,1754.715
2022-08-07 07:30:00,126.0,126.3,125.5,125.6,79.519
2022-08-07 08:00:00,125.5,125.9,125.3,125.7,89.189
2022-08-07 08:30:00,125.6,126.1,125.5,125.5,163.086
2022-08-07 09:00:00,125.4,125.4,125.2,125.2,15.457
2022-08-07 09:30:00,125.1,125.2,124.9,124.9,106.458
2022-08-07 10:00:00,124.9,125.2,124.8,125.1,45.869
2022-08-07 10:30:00,125.3,125.6,125.3,125.5,40.64
2022-08-07 11:00:00,125.4,125.9,125.3,125.6,253.858
2022-08-07 11:30:00,125.5,126.0,125.5,125.7,539.224
2022-08-07 12:00:00,125.9,125.9,125.6,125.6,73.774
2022-08-07 12:30:00,125.5,125.7,125.3,125.6,45.902
2022-08-07 13:00:00,125.7,125.8,125.5,125.8,76.997
2022-08-07 13:30:00,125.8,125.8,125.6,125.8,38.329
2022-08-07 14:00:00,125.8,126.2,125.8,125.8,144.202
2022-08-07 14:30:00,125.9,126.0,125.8,125.9,54.885
2022-08-07 15:00:00,125.8,125.8,125.1,125.3,52.286
2022-08-07 15:30:00,125.2,125.8,125.2,125.6,24.669
2022-08-07 16:00:00,125.6,125.6,125.3,125.5,8.231
2022-08-07 16:30:00,125.5,125.7,125.5,125.7,36.902
2022-08-07 17:00:00,125.7,126.6,125.7,126.1,292.192
2022-08-07 17:30:00,126.2,126.3,126.1,126.3,24.823
2022-08-07 18:00:00,126.2,126.3,126.0,126.1,111.934
2022-08-07 18:30:00,126.1,126.2,126.0,126.1,23.555
2022-08-07 19:00:00,126.2,126.2,125.9,126.0,51.865
2022-08-07 19:30:00,126.2,126.2,126.0,126.2,42.777
2022-08-07 20:00:00,126.1,126.2,126.0,126.1,26.9
2022-08-07 20:30:00,126.1,126.4,126.0,126.4,52.984
2022-08-07 21:00:00,126.5,126.7,126.1,126.1,76.211
2022-08-07 21:30:00,126.1,126.3,126.1,126.3,7.157
2022-08-07 22:00:00,126.1,126.1,125.8,125.8,10.208
2022-08-07 22:30:00,125.7,125.7,125.2,125.3,67.968
2022-08-07 23:00:00,125.3,125.4,125.0,125.2,107.504
2022-08-07 23:30:00,125.2,125.7,125.2,125.7,4.776
2022-08-08 00:00:00,125.6,126.0,125.5,125.8,42.676
2022-08-08 00:30:00,125.8,125.8,125.5,125.8,25.37
2022-08-08 01:00:00,125.8,125.9,125.5,125.5,21.586
2022-08-08 01:30:00,125.6,125.6,125.4,125.4,24.565
2022-08-08 02:00:00,125.5,125.9,125.5,125.9,15.5
2022-08-08 02:30:00,125.9,126.1,125.9,126.0,46.98
2022-08-08 03:00:00,126.1,126.2,126.0,126.1,83.303
2022-08-08 03:30:00,126.1,126.2,126.1,126.2,1.622
2022-08-08 04:00:00,126.2,126.8,126.2,126.4,139.664
2022-08-08 04:30:00,126.5,126.5,126.3,126.3,54.18
2022-08-08 05:00:00,126.4,126.5,126.3,126.4,35.447
2022-08-08 05:30:00,126.4,126.7,126.4,126.7,27.703
2022-08-08 06:00:00,126.6,126.9,126.5,126.7,91.773
2022-08-08 06:30:00,126.9,128.0,126.4,127.4,730.089
2022-08-08 07:00:00,127.3,128.8,127.3,128.5,2150.249
2022-08-08 07:30:00,128.6,128.7,128.4,128.7,184.035
2022-08-08 08:00:00,128.6,128.7,128.1,128.6,96.979
2022-08-08 08:30:00,128.4,132.9,128.0,131.2,6612.878
2022-08-08 09:00:00,131.2,132.3,130.2,130.5,2853.168
2022-08-08 09:30:00,130.5,130.6,130.0,130.6,186.526
2022-08-08 10:00:00,130.5,130.6,130.2,130.5,77.759
2022-08-08 10:30:00,130.5,131.4,130.5,130.8,417.171
2022-08-08 11:00:00,130.9,131.9,130.9,131.4,365.583
2022-08-08 11:30:00,131.5,132.2,131.5,132.1,246.066
2022-08-08 12:00:00,132.1,132.3,131.0,131.7,734.068
2022-08-08 12:30:00,131.8,132.6,131.8,132.2,684.917
2022-08-08 13:00:00,132.1,132.9,131.9,132.1,633.317
2022-08-08 13:30:00,132.0,132.0,131.5,132.0,135.122
2022-08-08 14:00:00,131.9,132.7,131.9,132.1,435.831
2022-08-08 14:30:00,132.0,132.6,132.0,132.1,68.373
2022-08-08 15:00:00,132.2,132.4,130.5,130.7,206.771
2022-08-08 15:30:00,130.6,131.2,130.4,131.2,143.002
2022-08-08 16:00:00,131.2,131.3,130.5,130.7,129.476
2022-08-08 16:30:00,130.9,131.6,130.8,131.6,67.909
2022-08-08 17:00:00,131.5,131.6,130.9,130.9,65.011
2022-08-08 17:30:00,130.9,131.1,130.7,131.1,31.666
2022-08-08 18:00:00,131.0,131.2,130.5,131.0,49.08
2022-08-08 18:30:00,131.1,131.4,131.1,131.2,26.841
2022-08-08 19:00:00,131.3,131.4,130.8,131.2,97.208
2022-08-08 19:30:00,131.4,131.8,131.4,131.5,62.58
2022-08-08 20:00:00,131.7,131.9,131.5,131.6,26.865
2022-08-08 20:30:00,131.7,133.6,131.7,132.7,473.248
2022-08-08 21:00:00,132.6,133.4,131.6,132.8,487.391
2022-08-08 21:30:00,132.7,132.8,132.0,132.0,29.601
2022-08-08 22:00:00,132.1,132.1,131.7,131.8,15.726
2022-08-08 22:30:00,132.0,132.0,130.9,131.8,36.613
2022-08-08 23:00:00,131.7,132.2,131.5,131.8,107.144
2022-08-08 23:30:00,131.8,131.8,131.2,131.3,25.188
2022-08-09 00:00:00,131.3,131.8,131.1,131.5,94.378
2022-08-09 00:30:00,131.7,132.0,131.3,131.3,31.483
2022-08-09 01:00:00,131.2,131.3,130.7,130.9,54.606
2022-08-09 01:30:00,130.9,131.3,130.6,130.6,41.591
2022-08-09 02:00:00,130.6,130.6,130.2,130.5,123.467
2022-08-09 02:30:00,130.4,130.5,130.1,130.2,84.328
2022-08-09 03:00:00,130.3,131.3,130.3,131.0,199.781
2022-08-09 03:30:00,131.0,131.2,131.0,131.1,33.158
2022-08-09 04:00:00,131.1,131.6,131.1,131.3,143.54
2022-08-09 04:30:00,131.3,131.5,131.2,131.4,22.33
2022-08-09 05:00:00,131.5,131.8,131.3,131.4,125.213
2022-08-09 05:30:00,131.4,131.6,131.4,131.4,33.173
2022-08-09 06:00:00,131.4,131.4,130.3,130.4,240.023
2022-08-09 06:30:00,130.5,130.5,130.1,130.5,81.228
2022-08-09 07:00:00,130.6,131.0,130.3,130.4,95.116
2022-08-09 07:30:00,130.3,130.8,130.3,130.8,67.133
2022-08-09 08:00:00,130.7,130.9,130.3,130.9,70.824
2022-08-09 08:30:00,130.9,131.1,130.3,130.3,133.473
2022-08-09 09:00:00,130.1,130.2,129.1,129.4,497.151
2022-08-09 09:30:00,129.2,129.5,128.6,128.8,406.286
2022-08-09 10:00:00,128.8,129.4,128.7,128.7,76.433
2022-08-09 10:30:00,128.7,129.2,128.6,128.8,145.768
2022-08-09 11:00:00,128.8,129.3,128.6,128.6,154.202
2022-08-09 11:30:00,128.6,128.7,128.1,128.2,682.447
2022-08-09 12:00:00,128.2,128.3,128.0,128.2,661.884
2022-08-09 12:30:00,128.1,128.4,128.1,128.3,39.333
2022-08-09 13:00:00,128.4,128.6,128.3,128.4,20.033
2022-08-09 13:30:00,128.3,128.6,128.0,128.3,119.632
2022-08-09 14:00:00,128.1,128.2,126.5,126.7,2589.473
2022-08-09 14:30:00,126.6,126.7,126.1,126.3,450.977
2022-08-09 15:00:00,126.2,126.8,126.2,126.4,60.565
2022-08-09 15:30:00,126.4,126.6,126.2,126.2,51.292
2022-08-09 16:00:00,126.6,127.0,126.5,126.6,115.096
2022-08-09 16:30:00,126.7,127.4,126.7,127.3,265.742
2022-08-09 17:00:00,127.1,127.2,126.9,127.2,19.585
2022-08-09 17:30:00,127.2,127.2,126.7,126.9,29.155
2022-08-09 18:00:00,126.9,127.4,126.9,127.3,75.47
2022-08-09 18:30:00,127.2,127.4,127.2,127.4,87.296
2022-08-09 19:00:00,127.2,127.6,127.0,127.5,26.697
2022-08-09 19:30:00,127.5,127.5,127.3,127.3,17.38
2022-08-09 20:00:00,127.4,127.5,127.4,127.5,6.992
2022-08-09 20:30:00,127.4,127.6,127.2,127.5,53.996
2022-08-09 21:00:00,127.5,127.8,127.5,127.7,109.618
2022-08-09 21:30:00,127.9,128.1,127.7,127.9,81.879
2022-08-09 22:00:00,127.9,128.6,127.7,128.4,228.813
2022-08-09 22:30:00,128.1,128.1,127.8,128.1,16.38
2022-08-09 23:00:00,128.2,128.2,127.7,127.7,46.606
2022-08-09 23:30:00,127.8,127.8,127.3,127.4,49.527
2022-08-10 00:00:00,127.4,128.3,126.8,126.9,252.721
2022-08-10 00:30:00,127.0,127.1,126.2,126.7,322.328
2022-08-10 01:00:00,126.8,127.8,126.8,127.7,285.257
2022-08-10 01:30:00,127.5,127.5,126.8,127.1,45.801
2022-08-10 02:00:00,127.0,127.1,126.7,127.0,52.456
2022-08-10 02:30:00,127.2,127.4,126.8,127.2,61.085
2022-08-10 03:00:00,127.2,127.2,127.0,127.1,21.961
2022-08-10 03:30:00,127.1,127.2,126.8,126.8,40.804
2022-08-10 04:00:00,126.9,127.3,126.9,127.2,175.635
2022-08-10 04:30:00,127.1,127.3,127.1,127.1,105.082
2022-08-10 05:00:00,127.2,127.3,126.8,126.8,66.564
2022-08-10 05:30:00,126.8,127.0,126.8,126.8,144.606
2022-08-10 06:00:00,126.9,127.1,126.5,127.1,177.362
2022-08-10 06:30:00,127.0,127.2,127.0,127.0,42.131
2022-08-10 07:00:00,127.0,127.4,126.8,127.1,348.488
2022-08-10 07:30:00,127.2,127.2,126.7,126.8,65.978
2022-08-10 08:00:00,126.8,126.9,126.6,126.8,28.241
2022-08-10 08:30:00,127.0,127.5,127.0,127.2,94.357
2022-08-10 09:00:00,127.2,127.4,127.0,127.2,313.803
2022-08-10 09:30:00,127.1,127.2,126.8,127.0,45.135
2022-08-10 10:00:00,127.0,127.1,126.9,127.0,568.201
2022-08-10 10:30:00,126.9,127.1,126.8,126.8,212.41
2022-08-10 11:00:00,126.7,127.6,126.7,127.5,876.873
2022-08-10 11:30:00,127.4,127.6,127.3,127.5,113.897
2022-08-10 12:00:00,127.6,130.4,127.5,128.5,1799.375
2022-08-10 12:30:00,128.5,130.1,128.5,128.8,1620.165
2022-08-10 13:00:00,128.8,129.8,128.8,129.3,553.743
2022-08-10 13:30:00,129.3,140.9,129.2,140.0,25026.283
2022-08-10 14:00:00,140.1,141.5,136.4,138.2,29774.539
2022-08-10 14:30:00,138.3,139.0,136.9,137.7,9761.816
2022-08-10 15:00:00,137.7,137.9,136.1,136.6,1862.606
2022-08-10 15:30:00,136.6,137.0,136.3,136.4,491.155
2022-08-10 16:00:00,136.4,136.9,136.1,136.7,504.128
2022-08-10 16:30:00,136.7,136.9,135.5,136.1,2833.296
2022-08-10 17:00:00,136.1,136.1,135.1,135.2,432.225
2022-08-10 17:30:00,135.1,135.1,134.2,134.6,1819.085
2022-08-10 18:00:00,134.6,134.8,134.0,134.2,380.708
2022-08-10 18:30:00,134.1,135.0,134.0,134.8,492.334
2022-08-10 19:00:00,134.7,135.7,134.4,135.2,422.689
2022-08-10 19:30:00,135.1,135.7,134.1,134.6,461.103
2022-08-10 20:00:00,134.6,134.9,134.2,134.7,103.992
2022-08-10 20:30:00,134.6,135.3,134.6,135.3,161.782
2022-08-10 21:00:00,135.3,135.3,134.4,134.4,270.324
2022-08-10 21:30:00,134.5,134.9,134.2,134.6,84.698
2022-08-10 22:00:00,134.7,135.2,134.7,135.1,106.255
2022-08-10 22:30:00,135.0,135.0,134.4,134.7,86.358
2022-08-10 23:00:00,134.7,135.3,134.7,135.0,180.193
2022-08-10 23:30:00,135.1,135.9,135.0,135.9,342.618
2022-08-11 00:00:00,135.9,136.1,135.7,135.8,219.065
2022-08-11 00:30:00,135.8,137.3,135.7,137.1,908.926
2022-08-11 01:00:00,137.1,137.7,136.7,137.4,588.036
2022-08-11 01:30:00,137.3,137.6,136.8,137.4,86.564
2022-08-11 02:00:00,137.3,137.3,135.5,135.9,943.485
2022-08-11 02:30:00,135.8,135.9,135.5,135.9,185.421
2022-08-11 03:00:00,136.0,136.5,136.0,136.2,65.421
2022-08-11 03:30:00,136.2,136.4,136.1,136.3,66.353
2022-08-11 04:00:00,136.3,136.5,135.9,135.9,82.831
2022-08-11 04:30:00,135.9,136.5,135.9,136.4,91.455
2022-08-11 05:00:00,136.4,136.7,136.0,136.0,73.063
2022-08-11 05:30:00,136.3,136.3,135.7,135.9,76.908
2022-08-11 06:00:00,136.0,136.1,135.6,135.8,364.468
2022-08-11 06:30:00,135.8,135.9,135.4,135.5,65.416
2022-08-11 07:00:00,135.5,135.8,135.5,135.8,34.564
2022-08-11 07:30:00,135.8,135.9,133.0,133.9,3094.119
2022-08-11 08:00:00,134.0,134.6,133.8,134.4,154.028
2022-08-11 08:30:00,134.3,135.5,133.7,134.6,555.762
2022-08-11 09:00:00,134.5,134.5,134.3,134.3,67.134
2022-08-11 09:30:00,134.4,134.6,134.2,134.2,24.646
2022-08-11 10:00:00,134.1,134.1,133.7,133.7,196.621
2022-08-11 10:30:00,133.9,133.9,133.6,133.7,52.339
2022-08-11 11:00:00,133.6,133.7,133.4,133.6,120.883
2022-08-11 11:30:00,133.6,133.9,133.5,133.8,94.811
2022-08-11 12:00:00,133.8,134.3,133.6,134.0,136.88
2022-08-11 12:30:00,134.1,134.6,133.9,134.5,693.283
2022-08-11 13:00:00,134.4,134.4,133.2,133.6,334.386
2022-08-11 13:30:00,133.7,133.8,133.5,133.7,285.468
2022-08-11 14:00:00,133.8,134.0,133.5,133.5,75.436
2022-08-11 14:30:00,133.5,133.7,133.1,133.6,448.62
2022-08-11 15:00:00,133.6,133.8,133.2,133.8,108.265
2022-08-11 15:30:00,133.8,133.8,133.3,133.4,98.098
2022-08-11 16:00:00,133.4,133.9,133.0,133.9,547.691
2022-08-11 16:30:00,133.9,134.1,133.7,133.8,139.333
2022-08-11 17:00:00,133.9,134.0,133.5,133.7,161.719
2022-08-11 17:30:00,133.7,133.8,133.4,133.7,43.629
2022-08-11 18:00:00,133.5,133.6,133.0,133.2,1167.212
2022-08-11 18:30:00,133.2,133.3,133.0,133.2,352.574
2022-08-11 19:00:00,133.2,133.2,131.0,132.2,1252.821
2022-08-11 19:30:00,132.4,132.6,132.3,132.5,67.74
2022-08-11 20:00:00,132.6,132.7,132.1,132.3,35.854
2022-08-11 20:30:00,132.6,132.7,132.3,132.7,37.457
2022-08-11 21:00:00,132.6,133.1,132.5,133.0,109.274
2022-08-11 21:30:00,132.9,133.1,132.5,132.9,119.514
2022-08-11 22:00:00,133.0,133.3,133.0,133.2,66.492
2022-08-11 22:30:00,133.3,133.4,132.9,133.0,108.423
2022-08-11 23:00:00,132.9,133.2,132.8,132.9,29.993
2022-08-11 23:30:00,132.7,132.9,132.7,132.7,13.579
2022-08-12 00:00:00,132.6,132.8,132.1,132.8,175.094
2022-08-12 00:30:00,132.9,134.5,132.8,133.5,697.56
2022-08-12 01:00:00,133.4,133.9,133.4,133.8,79.552
2022-08-12 01:30:00,133.7,133.8,133.6,133.7,21.231
2022-08-12 02:00:00,133.7,133.8,132.9,133.5,138.276
2022-08-12 02:30:00,133.7,134.0,133.6,133.9,141.154
2022-08-12 03:00:00,133.9,133.9,133.6,133.6,11.119
2022-08-12 03:30:00,133.6,134.9,133.6,134.6,375.277
2022-08-12 04:00:00,134.5,134.7,134.3,134.3,74.239
2022-08-12 04:30:00,134.4,134.4,134.2,134.2,36.734
2022-08-12 05:00:00,134.2,134.9,134.2,134.6,199.933
2022-08-12 05:30:00,134.7,134.7,134.4,134.4,51.059
2022-08-12 06:00:00,134.5,134.6,133.9,133.9,74.748
2022-08-12 06:30:00,133.8,134.8,133.7,134.5,132.396
2022-08-12 07:00:00,134.5,134.5,134.3,134.5,249.146
2022-08-12 07:30:00,134.6,134.6,134.3,134.4,33.576
2022-08-12 08:00:00,134.3,134.9,134.3,134.9,184.6
2022-08-12 08:30:00,134.8,134.8,134.6,134.6,25.969
2022-08-12 09:00:00,134.5,135.5,134.5,135.5,225.168
2022-08-12 09:30:00,135.5,135.5,135.0,135.0,328.062
2022-08-12 10:00:00,134.8,134.9,133.8,133.8,278.34
2022-08-12 10:30:00,134.1,134.4,133.7,133.8,80.529
2022-08-12 11:00:00,133.8,134.2,133.7,133.9,68.625
2022-08-12 11:30:00,133.7,133.7,133.1,133.4,243.884
2022-08-12 12:00:00,133.4,134.3,133.4,134.2,143.197
2022-08-12 12:30:00,134.1,134.5,134.1,134.3,93.093
2022-08-12 13:00:00,134.3,134.4,133.6,133.6,159.21
2022-08-12 13:30:00,133.7,134.3,133.7,134.1,159.162
2022-08-12 14:00:00,134.0,134.1,133.9,134.0,99.156
2022-08-12 14:30:00,133.9,134.0,133.7,133.8,33.843
2022-08-12 15:00:00,133.8,134.4,133.7,134.3,268.322
2022-08-12 15:30:00,134.3,134.3,133.9,133.9,11.066
2022-08-12 16:00:00,133.9,134.2,133.4,133.4,514.34
2022-08-12 16:30:00,133.4,133.5,133.2,133.5,69.153
2022-08-12 17:00:00,133.4,133.5,133.3,133.5,17.42
2022-08-12 17:30:00,133.5,133.6,133.4,133.6,10.489
2022-08-12 18:00:00,133.6,133.7,133.6,133.7,18.158
2022-08-12 18:30:00,133.7,134.2,133.7,134.0,183.022
2022-08-12 19:00:00,134.0,134.4,134.0,134.3,220.64
2022-08-12 19:30:00,134.3,134.4,134.2,134.3,75.566
2022-08-12 20:00:00,134.4,134.4,134.0,134.1,18.899
2022-08-12 20:30:00,133.9,134.3,133.7,134.2,79.66
2022-08-12 21:00:00,134.2,134.2,133.8,133.9,17.202
2022-08-12 21:30:00,133.9,134.0,133.7,134.0,52.525
2022-08-12 22:00:00,133.7,133.7,133.5,133.5,2.141
2022-08-12 22:30:00,133.5,134.1,133.3,134.0,65.547
2022-08-12 23:00:00,134.0,134.2,133.9,134.1,253.52
2022-08-12 23:30:00,134.1,134.1,133.7,134.0,100.333
2022-08-13 00:00:00,133.9,134.1,133.7,133.8,207.808
2022-08-13 00:30:00,133.8,133.9,133.7,133.9,32.763
2022-08-13 01:00:00,133.8,134.2,133.6,134.2,109.429
2022-08-13 01:30:00,134.2,134.3,133.9,133.9,160.766
2022-08-13 02:00:00,133.9,134.1,133.8,134.0,57.66
2022-08-13 02:30:00,134.0,134.0,133.7,134.0,109.001
2022-08-13 03:00:00,133.9,134.1,133.8,134.1,212.223
2022-08-13 03:30:00,134.1,134.3,134.0,134.2,80.164
2022-08-13 04:00:00,134.2,134.4,134.2,134.2,68.245
2022-08-13 04:30:00,134.3,134.3,133.7,133.7,156.998
2022-08-13 05:00:00,133.7,133.7,133.3,133.4,181.071
2022-08-13 05:30:00,133.4,133.7,133.2,133.7,240.712
2022-08-13 06:00:00,133.6,134.2,133.3,133.7,1505.818
2022-08-13 06:30:00,133.7,134.1,133.5,133.8,682.805
2022-08-13 07:00:00,133.8,133.9,133.8,133.8,165.729
2022-08-13 07:30:00,133.9,133.9,133.5,133.7,139.381
2022-08-13 08:00:00,133.7,133.7,133.0,133.6,361.891
2022-08-13 08:30:00,133.6,133.7,133.3,133.4,220.498
2022-08-13 09:00:00,133.4,133.6,133.2,133.6,46.591
2022-08-13 09:30:00,133.6,133.7,133.5,133.7,42.037
2022-08-13 10:00:00,133.7,133.9,133.5,133.5,99.027
2022-08-13 10:30:00,133.5,133.6,133.5,133.5,27.334
2022-08-13 11:00:00,133.6,133.8,133.6,133.6,98.686
2022-08-13 11:30:00,133.7,133.9,133.7,133.9,64.397
2022-08-13 12:00:00,133.9,133.9,133.8,133.8,25.113
2022-08-13 12:30:00,133.8,134.0,133.7,133.9,88.999
2022-08-13 13:00:00,133.9,133.9,133.7,133.7,21.542
2022-08-13 13:30:00,133.8,133.9,133.8,133.9,33.764
2022-08-13 14:00:00,133.8,134.0,133.8,133.8,46.217
2022-08-13 14:30:00,133.8,134.0,133.8,134.0,16.399
2022-08-13 15:00:00,133.9,133.9,133.7,133.7,93.474
2022-08-13 15:30:00,133.7,133.7,133.1,133.4,504.751
2022-08-13 16:00:00,133.3,133.7,133.3,133.6,39.204
2022-08-13 16:30:00,133.6,133.9,133.6,133.9,142.512
2022-08-13 17:00:00,133.8,133.9,133.8,133.9,34.207
2022-08-13 17:30:00,133.9,134.2,133.8,134.0,160.974
2022-08-13 18:00:00,134.1,134.7,134.1,134.4,420.406
2022-08-13 18:30:00,134.4,134.6,134.3,134.4,69.918
2022-08-13 19:00:00,134.4,134.7,134.2,134.2,111.392
2022-08-13 19:30:00,134.1,134.3,134.0,134.1,15.666
2022-08-13 20:00:00,134.0,134.0,133.7,133.9,18.041
2022-08-13 20:30:00,134.0,134.5,134.0,134.3,50.139
2022-08-13 21:00:00,134.3,134.3,133.9,134.1,14.926
2022-08-13 21:30:00,133.9,134.4,133.9,134.3,33.029
2022-08-13 22:00:00,134.4,134.4,134.0,134.3,43.679
2022-08-13 22:30:00,134.2,134.3,134.1,134.1,9.284
2022-08-13 23:00:00,134.1,134.4,134.0,134.2,26.707
2022-08-13 23:30:00,134.1,134.2,134.1,134.2,6.948
2022-08-14 00:00:00,134.2,134.3,134.1,134.3,25.718
2022-08-14 00:30:00,134.3,134.5,134.2,134.5,116.348
2022-08-14 01:00:00,134.5,135.1,134.4,134.6,746.706
2022-08-14 01:30:00,134.6,135.0,134.5,134.9,81.64
2022-08-14 02:00:00,134.9,136.0,134.9,135.6,681.82
2022-08-14 02:30:00,135.7,136.2,135.5,135.9,243.693
2022-08-14 03:00:00,135.7,135.7,135.6,135.7,10.024
2022-08-14 03:30:00,135.7,135.7,135.4,135.6,43.693
2022-08-14 04:00:00,135.7,136.1,135.6,135.6,265.085
2022-08-14 04:30:00,135.5,135.8,135.4,135.7,30.326
2022-08-14 05:00:00,135.7,136.5,135.7,136.0,348.133
2022-08-14 05:30:00,136.1,136.4,136.1,136.2,63.106
2022-08-14 06:00:00,136.2,136.5,136.1,136.3,163.969
2022-08-14 06:30:00,136.4,136.5,136.0,136.1,230.713
2022-08-14 07:00:00,136.3,136.6,136.3,136.4,111.478
2022-08-14 07:30:00,136.4,136.6,136.3,136.4,157.769
2022-08-14 08:00:00,136.2,136.9,136.1,136.8,261.127
2022-08-14 08:30:00,136.8,138.0,136.7,137.7,1154.371
2022-08-14 09:00:00,137.7,138.3,137.7,138.3,337.307
2022-08-14 09:30:00,138.3,138.6,137.9,138.1,617.517
2022-08-14 10:00:00,138.0,138.1,136.8,137.6,775.509
2022-08-14 10:30:00,137.6,137.6,136.7,137.3,364.03
2022-08-14 11:00:00,137.3,137.4,137.0,137.2,44.821
2022-08-14 11:30:00,137.3,137.6,137.1,137.3,145.289
2022-08-14 12:00:00,137.4,137.5,137.0,137.2,24.814
2022-08-14 12:30:00,137.1,137.7,137.1,137.3,110.283
2022-08-14 13:00:00,137.4,138.6,136.8,137.2,525.059
2022-08-14 13:30:00,137.3,137.3,136.1,136.5,244.265
2022-08-14 14:00:00,136.6,136.9,136.5,136.9,60.589
2022-08-14 14:30:00,137.0,137.3,136.8,137.1,141.107
2022-08-14 15:00:00,137.1,137.5,137.0,137.2,225.361
2022-08-14 15:30:00,137.0,138.2,137.0,137.7,829.924
2022-08-14 16:00:00,137.6,138.3,137.6,138.0,181.533
2022-08-14 16:30:00,138.1,138.2,136.7,136.8,374.778
2022-08-14 17:00:00,136.6,137.0,136.0,136.5,536.694
2022-08-14 17:30:00,136.5,137.0,135.6,135.9,575.714
2022-08-14 18:00:00,135.9,136.3,135.7,136.0,373.253
2022-08-14 18:30:00,136.0,137.4,136.0,137.3,1239.441
2022-08-14 19:00:00,137.3,137.8,137.2,137.7,359.47
2022-08-14 19:30:00,137.5,138.1,137.5,137.8,266.653
2022-08-14 20:00:00,137.5,138.3,137.4,137.5,144.54
2022-08-14 20:30:00,137.6,137.7,137.3,137.5,47.937
2022-08-14 21:00:00,137.4,137.8,137.0,137.7,110.382
2022-08-14 21:30:00,137.6,137.6,136.6,136.8,123.961
2022-08-14 22:00:00,136.9,137.0,136.0,136.5,381.11
2022-08-14 22:30:00,136.8,137.1,136.7,136.7,137.593
2022-08-14 23:00:00,136.7,136.7,136.2,136.2,91.678
2022-08-14 23:30:00,136.2,136.4,135.9,135.9,72.21
2022-08-15 00:00:00,135.9,136.4,135.5,136.0,256.732
2022-08-15 00:30:00,136.1,136.6,136.1,136.4,231.069
2022-08-15 01:00:00,136.5,136.6,136.1,136.3,45.275
2022-08-15 01:30:00,136.3,136.9,136.3,136.8,234.449
2022-08-15 02:00:00,136.9,137.0,136.5,136.9,179.083
2022-08-15 02:30:00,137.0,137.0,136.6,136.8,169.126
2022-08-15 03:00:00,136.8,137.3,136.4,136.8,397.732
2022-08-15 03:30:00,136.8,136.9,136.4,136.9,112.498
2022-08-15 04:00:00,136.9,136.9,136.5,136.7,74.473
2022-08-15 04:30:00,136.6,136.9,136.5,136.6,59.641
2022-08-15 05:00:00,136.7,137.0,136.5,136.9,153.211
2022-08-15 05:30:00,136.8,136.8,136.0,136.3,122.526
2022-08-15 06:00:00,136.3,136.4,134.9,135.5,1257.921
2022-08-15 06:30:00,135.5,135.8,135.3,135.6,623.042
2022-08-15 07:00:00,135.6,135.8,135.5,135.6,205.493
2022-08-15 07:30:00,135.6,135.7,135.2,135.2,93.485
2022-08-15 08:00:00,135.3,135.7,135.2,135.6,81.698
2022-08-15 08:30:00,135.5,136.2,135.5,135.9,213.459
2022-08-15 09:00:00,136.0,136.0,135.4,135.5,111.883
2022-08-15 09:30:00,135.5,136.1,135.3,135.9,36.035
2022-08-15 10:00:00,136.0,136.4,136.0,136.1,142.36
2022-08-15 10:30:00,136.1,136.4,136.0,136.3,86.906
2022-08-15 11:00:00,136.3,137.0,135.8,135.9,820.111
2022-08-15 11:30:00,136.0,136.1,135.6,136.0,115.413
2022-08-15 12:00:00,136.0,139.0,135.9,138.9,2440.054
2022-08-15 12:30:00,138.8,139.8,137.2,137.4,1268.452
2022-08-15 13:00:00,137.3,137.6,136.8,137.2,498.906
2022-08-15 13:30:00,137.4,137.7,137.1,137.6,125.907
2022-08-15 14:00:00,137.5,137.5,137.0,137.1,100.163
2022-08-15 14:30:00,137.2,137.4,137.1,137.1,151.661
2022-08-15 15:00:00,137.0,137.2,136.9,137.1,126.328
2022-08-15 15:30:00,137.1,137.2,136.9,137.1,43.771
2022-08-15 16:00:00,137.1,137.3,136.7,136.9,140.602
2022-08-15 16:30:00,136.9,137.3,136.7,137.3,167.648
2022-08-15 17:00:00,137.2,137.2,136.2,136.4,216.959
2022-08-15 17:30:00,136.3,138.4,135.1,136.4,783.046
2022-08-15 18:00:00,136.4,137.9,136.2,137.1,891.556
2022-08-15 18:30:00,137.1,137.3,136.7,136.7,404.047
2022-08-15 19:00:00,136.7,137.5,136.4,137.0,480.549
2022-08-15 19:30:00,136.9,137.0,136.5,136.5,222.182
2022-08-15 20:00:00,136.6,136.6,135.9,136.0,388.692
2022-08-15 20:30:00,136.0,137.2,135.2,136.3,821.091
2022-08-15 21:00:00,136.2,136.5,136.1,136.3,107.712
2022-08-15 21:30:00,136.3,136.4,135.9,136.1,15.516
2022-08-15 22:00:00,136.0,136.9,136.0,136.7,161.247
2022-08-15 22:30:00,136.9,137.8,136.6,136.8,145.19
2022-08-15 23:00:00,136.7,137.3,136.3,137.2,93.791
2022-08-15 23:30:00,137.2,137.4,136.9,136.9,81.173
2022-08-16 00:00:00,137.0,138.2,136.4,137.0,498.113
2022-08-16 00:30:00,137.1,138.0,137.1,137.8,96.063
2022-08-16 01:00:00,137.8,138.2,137.6,137.6,116.145
2022-08-16 01:30:00,137.7,137.9,137.3,137.3,45.988
2022-08-16 02:00:00,137.4,137.5,137.0,137.1,147.268
2022-08-16 02:30:00,137.3,137.4,136.8,136.8,63.516
2022-08-16 03:00:00,136.9,136.9,135.7,136.7,426.346
2022-08-16 03:30:00,136.8,137.3,136.6,137.2,192.222
2022-08-16 04:00:00,137.2,137.5,136.9,137.1,312.154
2022-08-16 04:30:00,137.1,137.3,137.0,137.2,35.215
2022-08-16 05:00:00,137.2,137.3,136.6,136.7,58.9
2022-08-16 05:30:00,136.9,136.9,136.6,136.9,22.939
2022-08-16 06:00:00,137.2,137.8,137.0,137.3,374.081
2022-08-16 06:30:00,137.3,137.6,136.9,137.0,125.156
2022-08-16 07:00:00,136.9,137.3,136.9,137.2,91.869
2022-08-16 07:30:00,137.2,137.9,137.1,137.6,680.42
2022-08-16 08:00:00,137.9,139.2,137.8,138.8,2017.465
2022-08-16 08:30:00,138.9,139.7,138.9,139.5,784.692
2022-08-16 09:00:00,139.4,140.0,139.2,139.9,746.653
2022-08-16 09:30:00,139.8,139.9,139.2,139.2,565.657
2022-08-16 10:00:00,139.2,139.4,138.7,139.0,150.51
2022-08-16 10:30:00,138.9,140.0,138.4,138.6,705.102
2022-08-16 11:00:00,138.6,139.1,138.3,138.5,365.375
2022-08-16 11:30:00,138.4,138.4,137.9,138.2,194.373
2022-08-16 12:00:00,138.2,138.9,137.9,138.5,221.536
2022-08-16 12:30:00,138.4,138.4,137.7,137.9,89.51
2022-08-16 13:00:00,138.1,138.2,137.8,138.2,41.351
2022-08-16 13:30:00,138.3,138.7,137.6,138.1,188.302
2022-08-16 14:00:00,138.0,138.8,137.8,138.3,171.757
2022-08-16 14:30:00,138.1,138.8,137.9,138.6,172.465
2022-08-16 15:00:00,138.6,139.2,138.2,138.6,403.615
2022-08-16 15:30:00,138.6,138.6,137.8,138.0,249.104
2022-08-16 16:00:00,138.1,138.9,138.0,138.6,250.111
2022-08-16 16:30:00,138.6,138.7,137.8,138.5,38.874
2022-08-16 17:00:00,138.5,138.6,138.1,138.4,45.337
2022-08-16 17:30:00,138.4,138.8,138.4,138.7,121.423
2022-08-16 18:00:00,138.8,139.3,138.7,139.0,287.564
2022-08-16 18:30:00,138.7,138.9,137.8,138.6,233.395
2022-08-16 19:00:00,138.6,139.8,138.3,138.9,261.186
2022-08-16 19:30:00,138.9,139.1,137.6,138.8,155.224
2022-08-16 20:00:00,138.7,139.7,138.7,139.6,295.367
2022-08-16 20:30:00,139.6,139.9,139.5,139.7,245.492
2022-08-16 21:00:00,139.6,139.8,139.0,139.4,75.461
2022-08-16 21:30:00,139.3,139.3,139.0,139.1,35.37
2022-08-16 22:00:00,139.2,139.2,138.6,138.6,84.799
2022-08-16 22:30:00,138.6,138.8,138.3,138.6,96.627
2022-08-16 23:00:00,138.5,139.1,138.5,139.1,39.641
2022-08-16 23:30:00,139.1,139.3,138.6,138.7,75.757
2022-08-17 00:00:00,138.6,139.8,138.3,139.4,410.306
2022-08-17 00:30:00,139.6,139.8,139.3,139.4,144.289
2022-08-17 01:00:00,139.4,140.7,139.4,140.4,660.841
2022-08-17 01:30:00,140.5,140.5,139.6,140.0,121.003
2022-08-17 02:00:00,140.0,140.6,139.7,140.5,720.029
2022-08-17 02:30:00,140.6,140.9,139.9,139.9,371.168
2022-08-17 03:00:00,140.0,140.3,139.8,140.3,125.557
2022-08-17 03:30:00,140.3,140.3,139.8,139.8,198.567
2022-08-17 04:00:00,139.8,139.8,139.2,139.4,205.566
2022-08-17 04:30:00,139.2,139.4,138.8,139.1,214.437
2022-08-17 05:00:00,139.2,139.2,138.6,138.9,340.761
2022-08-17 05:30:00,138.9,139.0,138.7,138.8,451.858
2022-08-17 06:00:00,138.9,139.8,138.7,138.8,222.877
2022-08-17 06:30:00,138.9,139.0,138.7,138.8,53.958
2022-08-17 07:00:00,138.8,138.8,137.7,138.2,595.846
2022-08-17 07:30:00,138.0,138.0,136.8,137.6,658.825
2022-08-17 08:00:00,137.6,138.7,137.6,138.4,304.189
2022-08-17 08:30:00,138.5,139.5,138.5,138.6,439.71
2022-08-17 09:00:00,138.8,139.8,138.8,139.3,192.021
2022-08-17 09:30:00,139.4,139.9,139.4,139.8,134.871
2022-08-17 10:00:00,139.8,140.0,139.5,139.8,302.028
2022-08-17 10:30:00,139.9,140.2,139.7,139.7,334.21
2022-08-17 11:00:00,139.7,140.6,139.7,140.1,698.965
2022-08-17 11:30:00,140.2,140.2,138.9,139.6,532.424
2022-08-17 12:00:00,139.6,140.1,138.3,138.8,1479.635
2022-08-17 12:30:00,138.8,139.4,136.7,138.1,2871.042
2022-08-17 13:00:00,138.1,138.5,137.3,137.8,344.107
2022-08-17 13:30:00,138.0,138.3,137.1,137.9,334.913
2022-08-17 14:00:00,137.8,137.9,137.2,137.7,292.573
2022-08-17 14:30:00,137.8,137.9,137.7,137.8,168.926
2022-08-17 15:00:00,137.7,138.4,137.5,138.0,242.485
2022-08-17 15:30:00,138.1,138.4,137.7,138.3,97.856
2022-08-17 16:00:00,138.3,138.7,137.7,137.9,226.779
2022-08-17 16:30:00,137.8,138.2,137.8,137.9,53.688
2022-08-17 17:00:00,138.0,138.2,137.9,138.2,19.128
2022-08-17 17:30:00,138.1,138.2,137.9,138.1,60.886
2022-08-17 18:00:00,138.1,138.3,137.9,138.2,72.781
2022-08-17 18:30:00,138.3,138.9,138.2,138.2,257.342
2022-08-17 19:00:00,138.1,138.3,137.5,138.0,235.281
2022-08-17 19:30:00,138.0,138.0,137.4,137.6,44.384
2022-08-17 20:00:00,137.4,138.2,137.4,138.1,60.429
2022-08-17 20:30:00,138.1,138.1,137.8,137.9,61.353
2022-08-17 21:00:00,138.0,138.0,137.2,137.3,118.978
2022-08-17 21:30:00,137.3,137.7,137.2,137.6,23.296
2022-08-17 22:00:00,137.4,137.4,137.2,137.2,13.985
2022-08-17 22:30:00,137.2,137.3,137.0,137.1,298.405
2022-08-17 23:00:00,137.0,137.3,137.0,137.2,95.218
2022-08-17 23:30:00,137.2,137.5,137.1,137.2,194.479
2022-08-18 00:00:00,137.2,137.6,137.1,137.3,157.65
2022-08-18 00:30:00,137.4,138.0,137.4,138.0,124.008
2022-08-18 01:00:00,138.0,138.6,138.0,138.6,301.229
2022-08-18 01:30:00,138.5,138.6,138.2,138.5,108.687
2022-08-18 02:00:00,138.5,138.9,138.2,138.4,159.06
2022-08-18 02:30:00,138.5,138.9,138.3,138.4,226.332
2022-08-18 03:00:00,138.3,138.8,138.0,138.3,298.274
2022-08-18 03:30:00,138.2,138.6,138.2,138.2,107.196
2022-08-18 04:00:00,138.1,138.3,137.9,138.2,120.965
2022-08-18 04:30:00,138.1,138.2,137.8,137.9,28.679
2022-08-18 05:00:00,137.9,138.4,137.9,138.3,127.686
2022-08-18 05:30:00,138.2,138.3,136.9,137.8,426.639
2022-08-18 06:00:00,137.8,138.1,137.7,137.9,59.015
2022-08-18 06:30:00,137.7,137.8,137.4,137.7,82.54
2022-08-18 07:00:00,137.7,137.9,137.5,137.5,104.809
2022-08-18 07:30:00,137.7,137.7,137.5,137.6,26.002
2022-08-18 08:00:00,137.6,138.0,137.2,137.4,73.241
2022-08-18 08:30:00,137.4,137.9,137.2,137.9,254.118
2022-08-18 09:00:00,137.7,138.0,137.4,137.7,505.057
2022-08-18 09:30:00,137.7,138.0,137.5,137.9,15.089
2022-08-18 10:00:00,138.1,138.8,138.0,138.2,757.506
2022-08-18 10:30:00,138.4,138.5,138.0,138.2,106.309
2022-08-18 11:00:00,138.2,138.6,138.0,138.1,44.823
2022-08-18 11:30:00,138.2,138.5,138.2,138.4,94.101
2022-08-18 12:00:00,138.5,139.0,138.4,138.9,430.721
2022-08-18 12:30:00,138.9,139.4,138.6,139.4,609.473
2022-08-18 13:00:00,139.4,139.6,138.4,138.6,288.121
2022-08-18 13:30:00,138.6,138.7,138.1,138.2,153.568
2022-08-18 14:00:00,138.2,138.8,138.2,138.5,77.983
2022-08-18 14:30:00,138.1,139.1,138.1,138.6,296.873
2022-08-18 15:00:00,138.7,138.8,138.2,138.7,299.823
2022-08-18 15:30:00,138.6,139.5,138.5,139.4,360.575
2022-08-18 16:00:00,139.4,140.0,138.6,139.3,545.655
2022-08-18 16:30:00,139.3,139.9,138.7,139.8,395.742
2022-08-18 17:00:00,139.6,140.1,139.4,140.0,193.272
2022-08-18 17:30:00,140.0,140.1,139.6,140.1,192.301
2022-08-18 18:00:00,140.0,140.7,139.6,140.0,1026.847
2022-08-18 18:30:00,139.7,140.0,139.2,139.7,160.623
2022-08-18 19:00:00,139.6,139.7,139.5,139.7,36.842
2022-08-18 19:30:00,139.8,139.9,139.6,139.7,46.866
2022-08-18 20:00:00,139.7,139.7,138.9,139.2,57.417
2022-08-18 20:30:00,139.2,139.4,138.9,138.9,43.509
2022-08-18 21:00:00,138.9,139.1,138.6,139.0,59.615
2022-08-18 21:30:00,139.2,139.8,139.2,139.8,87.457
2022-08-18 22:00:00,139.9,140.2,139.7,140.2,208.004
2022-08-18 22:30:00,140.2,140.6,139.5,139.5,337.712
2022-08-18 23:00:00,139.5,139.7,137.9,138.9,479.083
2022-08-18 23:30:00,138.8,139.2,138.3,138.3,325.058
2022-08-19 00:00:00,138.3,139.4,137.6,137.8,862.189
2022-08-19 00:30:00,137.8,138.4,137.5,138.0,161.189
2022-08-19 01:00:00,137.9,138.4,137.3,137.5,218.443
2022-08-19 01:30:00,137.5,138.4,137.0,137.4,841.607
2022-08-19 02:00:00,137.3,137.7,137.1,137.3,406.688
2022-08-19 02:30:00,137.2,137.5,136.7,137.2,347.701
2022-08-19 03:00:00,137.1,137.1,136.3,137.0,472.264
2022-08-19 03:30:00,136.9,138.0,136.9,137.6,638.483
2022-08-19 04:00:00,137.6,138.1,137.1,137.9,273.963
2022-08-19 04:30:00,137.9,138.5,137.9,138.1,321.514
2022-08-19 05:00:00,138.0,138.1,137.7,138.0,59.902
2022-08-19 05:30:00,137.9,138.1,137.5,137.7,119.591
2022-08-19 06:00:00,137.6,138.4,137.3,137.8,283.146
2022-08-19 06:30:00,137.9,138.0,135.2,135.2,2307.298
2022-08-19 07:00:00,135.2,138.5,133.1,136.0,6016.62
2022-08-19 07:30:00,135.7,137.2,135.3,137.1,993.259
2022-08-19 08:00:00,136.8,137.1,135.2,135.9,1037.005
2022-08-19 08:30:00,135.7,135.8,135.2,135.3,333.131
2022-08-19 09:00:00,135.3,135.4,133.7,134.4,1441.174
2022-08-19 09:30:00,134.2,135.3,134.0,135.1,697.175
2022-08-19 10:00:00,135.1,135.3,134.5,134.5,149.719
2022-08-19 10:30:00,134.5,134.8,134.3,134.5,49.017
2022-08-19 11:00:00,134.4,135.3,133.8,134.8,867.186
2022-08-19 11:30:00,134.7,134.9,133.8,134.6,609.376
2022-08-19 12:00:00,134.5,134.5,133.3,133.5,705.128
2022-08-19 12:30:00,133.5,134.4,133.4,133.9,349.182
2022-08-19 13:00:00,133.9,133.9,131.0,131.2,4300.65
2022-08-19 13:30:00,131.2,131.2,130.0,130.3,2863.189
2022-08-19 14:00:00,130.4,130.4,130.0,130.4,1474.023
2022-08-19 14:30:00,130.3,131.3,130.2,130.2,732.777
2022-08-19 15:00:00,130.2,130.6,130.1,130.2,149.44
2022-08-19 15:30:00,130.2,130.7,130.1,130.4,39.915
2022-08-19 16:00:00,130.3,130.7,130.0,130.5,260.674
2022-08-19 16:30:00,130.5,130.8,130.1,130.2,259.427
2022-08-19 17:00:00,130.2,130.6,130.0,130.2,265.036
2022-08-19 17:30:00,130.2,130.2,129.2,129.9,2237.278
2022-08-19 18:00:00,129.5,129.5,129.1,129.1,648.432
2022-08-19 18:30:00,129.4,129.5,129.3,129.4,22.218
2022-08-19 19:00:00,129.4,129.4,128.0,129.1,1974.601
2022-08-19 19:30:00,129.1,129.2,128.4,128.6,118.629
2022-08-19 20:00:00,128.6,128.7,128.0,128.3,230.5
2022-08-19 20:30:00,128.3,128.4,128.0,128.1,220.386
2022-08-19 21:00:00,128.2,128.7,128.0,128.0,60.27
2022-08-19 21:30:00,128.4,128.7,127.3,127.9,810.463
2022-08-19 22:00:00,127.9,128.8,127.6,128.1,169.622
2022-08-19 22:30:00,128.0,128.2,127.9,128.0,28.89
2022-08-19 23:00:00,128.1,128.4,127.8,128.4,54.976
2022-08-19 23:30:00,128.5,128.6,127.8,128.5,101.763
2022-08-20 00:00:00,128.4,130.4,127.8,130.4,1071.126
2022-08-20 00:30:00,130.4,130.8,129.2,130.5,688.877
2022-08-20 01:00:00,130.2,131.0,130.2,130.7,483.69
2022-08-20 01:30:00,130.7,130.9,130.3,130.8,73.576
2022-08-20 02:00:00,130.8,131.3,130.7,131.3,112.561
2022-08-20 02:30:00,131.3,131.9,130.9,130.9,524.306
2022-08-20 03:00:00,131.1,131.2,130.9,131.0,22.583
2022-08-20 03:30:00,131.1,131.8,130.7,130.7,258.092
2022-08-20 04:00:00,130.9,131.4,130.7,130.7,86.071
2022-08-20 04:30:00,130.8,131.7,130.8,131.6,288.885
2022-08-20 05:00:00,131.7,131.9,131.3,131.7,187.751
2022-08-20 05:30:00,131.8,132.2,131.4,131.6,219.754
2022-08-20 06:00:00,131.7,132.7,131.7,132.7,437.444
2022-08-20 06:30:00,132.7,133.4,132.5,132.5,505.562
2022-08-20 07:00:00,132.5,133.3,132.5,133.0,147.497
2022-08-20 07:30:00,133.0,133.3,132.6,132.6,203.702
2022-08-20 08:00:00,132.8,134.0,132.8,133.4,598.385
2022-08-20 08:30:00,133.4,134.0,133.4,133.7,282.02
2022-08-20 09:00:00,133.7,134.8,133.2,134.1,1405.842
2022-08-20 09:30:00,134.2,135.2,134.2,134.9,829.091
2022-08-20 10:00:00,135.1,136.0,134.9,136.0,784.07
2022-08-20 10:30:00,136.0,136.2,134.1,135.1,805.576
2022-08-20 11:00:00,135.0,135.5,135.0,135.4,193.874
2022-08-20 11:30:00,135.4,135.8,135.1,135.6,155.303
2022-08-20 12:00:00,135.6,136.8,135.5,136.4,721.0
2022-08-20 12:30:00,136.7,136.7,135.3,135.7,284.207
2022-08-20 13:00:00,135.9,136.1,135.6,135.9,538.711
2022-08-20 13:30:00,135.9,136.4,135.8,136.1,306.415
2022-08-20 14:00:00,136.2,136.6,135.7,135.9,394.137
2022-08-20 14:30:00,135.7,136.7,135.3,136.7,549.521
2022-08-20 15:00:00,136.6,137.1,135.7,136.8,746.223
2022-08-20 15:30:00,136.9,137.8,136.8,137.0,677.033
2022-08-20 16:00:00,136.9,137.4,136.7,137.4,1191.238
2022-08-20 16:30:00,137.5,137.8,136.9,137.1,1933.429
2022-08-20 17:00:00,137.1,137.1,135.6,136.4,836.335
2022-08-20 17:30:00,136.3,136.7,135.9,136.1,246.9
2022-08-20 18:00:00,136.0,137.1,136.0,137.0,189.91
2022-08-20 18:30:00,136.8,137.2,135.9,136.6,233.498
2022-08-20 19:00:00,136.5,136.9,136.1,136.4,205.966
2022-08-20 19:30:00,136.5,136.5,136.0,136.1,463.282
2022-08-20 20:00:00,136.1,136.5,135.7,136.4,195.992
2022-08-20 20:30:00,136.5,136.5,135.4,135.8,902.212
2022-08-20 21:00:00,135.8,136.0,135.0,135.5,314.239
2022-08-20 21:30:00,135.6,137.4,135.3,136.7,482.671
2022-08-20 22:00:00,136.6,138.8,136.1,136.9,1267.736
2022-08-20 22:30:00,137.0,137.3,136.5,137.2,152.322
2022-08-20 23:00:00,137.2,138.3,137.2,138.0,481.781
2022-08-20 23:30:00,137.9,137.9,136.6,136.6,419.266
2022-08-21 00:00:00,136.7,137.4,136.1,137.0,544.497
2022-08-21 00:30:00,137.0,137.1,136.7,137.0,97.375
2022-08-21 01:00:00,137.0,137.4,136.8,137.2,316.21
2022-08-21 01:30:00,137.3,137.4,137.0,137.2,284.35
2022-08-21 02:00:00,137.1,137.2,136.9,137.2,34.038
2022-08-21 02:30:00,137.2,137.4,136.9,137.1,80.304
2022-08-21 03:00:00,137.2,137.3,136.9,137.2,51.319
2022-08-21 03:30:00,137.0,137.1,136.5,136.6,12.573
2022-08-21 04:00:00,136.5,136.7,136.1,136.3,175.313
2022-08-21 04:30:00,136.3,136.3,135.8,136.0,87.644
2022-08-21 05:00:00,136.0,136.4,135.6,136.4,953.899
2022-08-21 05:30:00,136.4,136.5,136.3,136.3,29.565
2022-08-21 06:00:00,136.4,136.4,135.8,135.8,187.567
2022-08-21 06:30:00,135.9,135.9,135.1,135.7,130.221
2022-08-21 07:00:00,135.5,136.1,135.5,135.9,212.11
2022-08-21 07:30:00,136.0,136.5,135.6,136.3,328.49
2022-08-21 08:00:00,136.4,138.0,136.3,137.1,1342.103
2022-08-21 08:30:00,137.1,137.6,136.2,137.1,980.024
2022-08-21 09:00:00,137.0,137.6,136.8,136.9,477.65
2022-08-21 09:30:00,136.9,137.6,136.8,137.2,232.76
2022-08-21 10:00:00,137.2,138.2,137.0,137.9,757.982
2022-08-21 10:30:00,137.9,138.3,137.8,138.2,473.239
2022-08-21 11:00:00,138.1,138.4,137.7,138.2,188.964
2022-08-21 11:30:00,138.3,138.6,138.1,138.3,235.212
2022-08-21 12:00:00,138.3,139.1,137.9,138.1,702.327
2022-08-21 12:30:00,138.0,138.2,137.7,138.1,388.05
2022-08-21 13:00:00,138.1,138.9,138.1,138.8,536.18
2022-08-21 13:30:00,138.9,139.5,138.4,138.9,661.146
2022-08-21 14:00:00,138.9,139.1,138.5,138.9,309.263
2022-08-21 14:30:00,139.0,139.2,138.7,138.8,248.877
2022-08-21 15:00:00,138.9,139.1,138.7,138.8,109.323
2022-08-21 15:30:00,138.8,138.8,138.3,138.4,227.451
2022-08-21 16:00:00,138.4,138.9,138.3,138.4,29.525
2022-08-21 16:30:00,138.5,139.1,138.5,138.5,96.312
2022-08-21 17:00:00,138.4,138.7,138.4,138.6,40.119
2022-08-21 17:30:00,138.5,138.7,138.4,138.6,41.532
2022-08-21 18:00:00,138.5,138.6,138.3,138.4,18.802
2022-08-21 18:30:00,138.3,139.1,138.3,139.1,280.495
2022-08-21 19:00:00,139.0,139.8,139.0,139.3,679.007
2022-08-21 19:30:00,139.5,140.0,139.3,139.6,225.572
2022-08-21 20:00:00,139.6,139.9,139.1,139.2,68.091
2022-08-21 20:30:00,139.1,140.0,139.0,139.3,170.567
2022-08-21 21:00:00,139.3,140.0,139.2,139.9,219.336
2022-08-21 21:30:00,139.9,140.0,139.2,139.7,662.104
2022-08-21 22:00:00,139.3,140.0,138.1,139.6,450.104
2022-08-21 22:30:00,139.8,142.0,139.8,141.0,3129.24
2022-08-21 23:00:00,141.6,142.8,141.1,141.6,1464.615
2022-08-21 23:30:00,141.5,142.1,141.4,141.7,196.757
2022-08-22 00:00:00,141.8,142.7,140.7,140.7,1617.889
2022-08-22 00:30:00,140.7,140.7,140.2,140.7,257.056
2022-08-22 01:00:00,140.6,140.8,139.3,139.5,800.332
2022-08-22 01:30:00,139.5,140.0,139.3,139.4,712.122
2022-08-22 02:00:00,139.3,139.4,138.8,139.2,385.321
2022-08-22 02:30:00,139.2,139.6,139.0,139.6,169.768
2022-08-22 03:00:00,139.5,139.6,139.3,139.3,34.706
2022-08-22 03:30:00,139.4,139.4,138.5,138.9,1314.991
2022-08-22 04:00:00,138.9,139.9,138.8,139.8,572.577
2022-08-22 04:30:00,139.7,140.0,139.5,139.6,339.5
2022-08-22 05:00:00,140.0,140.4,140.0,140.3,783.244
2022-08-22 05:30:00,140.3,140.7,140.2,140.6,287.338
2022-08-22 06:00:00,140.5,140.6,139.6,140.5,388.878
2022-08-22 06:30:00,140.5,140.7,139.6,140.3,416.412
2022-08-22 07:00:00,140.2,141.6,140.1,140.4,2710.364
2022-08-22 07:30:00,140.4,140.8,139.9,139.9,388.246
2022-08-22 08:00:00,139.8,140.0,138.3,139.5,1820.936
2022-08-22 08:30:00,139.5,140.3,139.0,140.1,637.368
2022-08-22 09:00:00,140.1,140.1,138.9,138.9,545.924
2022-08-22 09:30:00,138.8,139.4,138.4,139.1,682.128
2022-08-22 10:00:00,139.1,139.1,138.6,139.0,120.91
2022-08-22 10:30:00,139.0,139.3,138.9,139.3,143.477
2022-08-22 11:00:00,139.2,139.9,139.1,139.5,406.267
2022-08-22 11:30:00,139.5,139.7,138.8,138.9,207.088
2022-08-22 12:00:00,139.0,139.1,138.1,138.9,707.119
2022-08-22 12:30:00,138.9,139.3,138.2,138.6,262.399
2022-08-22 13:00:00,138.5,138.7,137.9,138.5,484.169
2022-08-22 13:30:00,138.4,139.6,138.0,139.4,623.422
2022-08-22 14:00:00,139.3,139.8,139.3,139.3,288.234
2022-08-22 14:30:00,139.3,140.4,138.7,139.5,759.654
2022-08-22 15:00:00,139.6,140.8,139.6,140.7,749.889
2022-08-22 15:30:00,140.8,141.6,140.7,141.0,1330.694
2022-08-22 16:00:00,140.9,141.0,140.1,140.8,408.491
2022-08-22 16:30:00,140.8,141.0,140.6,140.7,99.433
2022-08-22 17:00:00,140.7,141.0,140.5,141.0,76.77
2022-08-22 17:30:00,140.9,141.2,140.6,140.9,119.37
2022-08-22 18:00:00,140.9,141.3,140.5,140.5,280.215
2022-08-22 18:30:00,140.5,140.8,140.2,140.7,421.255
2022-08-22 19:00:00,140.8,141.0,140.5,140.8,152.877
2022-08-22 19:30:00,140.8,141.5,140.8,141.1,212.959
2022-08-22 20:00:00,141.1,141.8,141.0,141.6,451.893
2022-08-22 20:30:00,141.5,141.9,141.2,141.4,66.853
2022-08-22 21:00:00,141.4,141.4,140.8,141.3,62.783
2022-08-22 21:30:00,141.3,141.9,141.1,141.1,196.368
2022-08-22 22:00:00,141.2,142.0,141.2,141.4,351.266
2022-08-22 22:30:00,141.5,141.7,141.0,141.1,209.169
2022-08-22 23:00:00,141.0,141.6,141.0,141.1,319.184
2022-08-22 23:30:00,141.1,141.6,141.1,141.2,143.662
2022-08-23 00:00:00,141.1,141.1,140.2,140.4,856.097
2022-08-23 00:30:00,140.6,140.6,139.5,139.6,891.173
2022-08-23 01:00:00,139.8,140.5,139.5,140.0,267.482
2022-08-23 01:30:00,140.1,140.3,139.7,139.7,77.308
2022-08-23 02:00:00,139.7,139.7,139.1,139.6,244.49
2022-08-23 02:30:00,139.7,140.0,139.5,139.7,30.977
2022-08-23 03:00:00,139.6,139.7,139.2,139.4,138.132
2022-08-23 03:30:00,139.5,139.5,138.7,138.8,125.504
2022-08-23 04:00:00,138.9,138.9,138.6,138.6,109.649
2022-08-23 04:30:00,138.6,138.7,138.4,138.7,130.11
2022-08-23 05:00:00,138.7,138.7,138.0,138.0,151.527
2022-08-23 05:30:00,138.0,138.5,137.9,138.1,219.464
2022-08-23 06:00:00,138.1,139.0,137.3,138.7,545.201
2022-08-23 06:30:00,138.7,139.2,138.5,139.0,348.997
2022-08-23 07:00:00,138.9,139.3,138.6,139.3,201.509
2022-08-23 07:30:00,139.1,139.6,139.0,139.2,315.62
2022-08-23 08:00:00,139.4,139.7,138.7,138.9,878.718
2022-08-23 08:30:00,138.9,139.0,138.3,138.4,211.247
2022-08-23 09:00:00,138.5,138.6,137.5,138.0,404.581
2022-08-23 09:30:00,138.0,139.0,137.9,139.0,304.044
2022-08-23 10:00:00,138.9,139.2,138.4,138.6,158.426
2022-08-23 10:30:00,138.6,139.0,138.4,138.7,75.922
2022-08-23 11:00:00,138.7,138.7,138.4,138.7,21.328
2022-08-23 11:30:00,138.7,139.1,138.6,138.8,83.073
2022-08-23 12:00:00,139.0,139.1,138.3,138.4,124.593
2022-08-23 12:30:00,138.4,138.7,138.3,138.6,82.371
2022-08-23 13:00:00,138.5,138.8,138.0,138.0,365.111
2022-08-23 13:30:00,138.0,138.3,136.5,137.7,767.696
2022-08-23 14:00:00,137.6,138.3,137.3,137.6,208.465
2022-08-23 14:30:00,137.4,137.6,136.3,136.4,556.034
2022-08-23 15:00:00,136.5,137.0,135.9,136.2,319.055
2022-08-23 15:30:00,136.4,137.9,136.0,136.1,613.449
2022-08-23 16:00:00,136.1,136.4,135.2,135.7,1192.907
2022-08-23 16:30:00,135.7,136.3,135.2,135.4,207.181
2022-08-23 17:00:00,135.4,135.4,134.6,135.2,468.244
2022-08-23 17:30:00,135.2,135.4,134.7,135.0,153.849
2022-08-23 18:00:00,135.0,135.6,134.7,135.2,519.784
2022-08-23 18:30:00,135.2,135.4,134.2,134.2,722.732
2022-08-23 19:00:00,134.3,134.5,133.9,134.2,754.214
2022-08-23 19:30:00,134.2,134.4,133.4,133.6,537.493
2022-08-23 20:00:00,133.8,134.2,133.4,133.6,298.352
2022-08-23 20:30:00,133.5,133.5,133.2,133.2,221.413
2022-08-23 21:00:00,133.2,133.4,133.0,133.0,993.223
2022-08-23 21:30:00,133.0,133.8,133.0,133.6,372.268
2022-08-23 22:00:00,133.5,133.7,133.0,133.2,360.151
2022-08-23 22:30:00,133.2,133.4,133.0,133.3,178.65
2022-08-23 23:00:00,133.2,133.5,132.7,133.5,786.921
2022-08-23 23:30:00,133.5,133.5,132.4,132.5,496.772
2022-08-24 00:00:00,132.6,133.2,132.4,132.4,199.031
2022-08-24 00:30:00,132.4,132.5,132.0,132.3,539.994
2022-08-24 01:00:00,132.1,132.7,132.1,132.3,189.133
2022-08-24 01:30:00,132.3,132.5,132.1,132.2,269.718
2022-08-24 02:00:00,132.1,133.6,132.1,133.4,494.76
2022-08-24 02:30:00,133.2,133.2,132.1,132.3,146.75
2022-08-24 03:00:00,132.4,133.8,132.1,132.2,1177.233
2022-08-24 03:30:00,132.3,132.4,131.7,131.9,724.044
2022-08-24 04:00:00,131.9,131.9,131.2,131.3,528.091
2022-08-24 04:30:00,131.4,132.0,131.4,131.9,1620.067
2022-08-24 05:00:00,131.8,132.7,131.8,132.6,282.029
2022-08-24 05:30:00,132.6,133.4,132.0,132.4,851.288
2022-08-24 06:00:00,132.4,132.5,132.0,132.0,287.538
2022-08-24 06:30:00,131.9,132.2,131.6,132.0,1005.477
2022-08-24 07:00:00,132.0,132.1,131.3,131.6,415.626
2022-08-24 07:30:00,131.5,132.1,130.6,131.7,884.619
2022-08-24 08:00:00,131.7,131.9,131.5,131.8,325.65
2022-08-24 08:30:00,131.7,132.0,131.4,131.5,313.157
2022-08-24 09:00:00,131.4,131.9,131.2,131.2,724.366
2022-08-24 09:30:00,131.3,131.6,131.3,131.3,102.294
2022-08-24 10:00:00,131.1,131.4,131.0,131.0,72.799
2022-08-24 10:30:00,131.1,131.2,130.8,130.8,75.857
2022-08-24 11:00:00,130.8,131.6,130.8,130.9,103.588
2022-08-24 11:30:00,131.1,131.4,131.1,131.2,41.855
2022-08-24 12:00:00,131.2,131.3,131.1,131.2,122.773
2022-08-24 12:30:00,131.3,131.4,131.0,131.1,78.681
2022-08-24 13:00:00,131.0,131.2,131.0,131.0,170.879
2022-08-24 13:30:00,131.1,131.8,131.1,131.5,298.217
2022-08-24 14:00:00,131.6,132.3,131.3,132.2,326.994
2022-08-24 14:30:00,132.2,132.4,131.3,131.5,769.015
2022-08-24 15:00:00,131.6,131.8,131.2,131.8,260.317
2022-08-24 15:30:00,131.6,132.0,131.3,131.6,117.898
2022-08-24 16:00:00,131.6,131.8,131.0,131.4,400.727
2022-08-24 16:30:00,131.3,131.5,130.4,130.4,269.68
2022-08-24 17:00:00,130.5,130.8,130.3,130.4,204.191
2022-08-24 17:30:00,130.5,130.6,130.3,130.5,26.692
2022-08-24 18:00:00,130.3,130.7,129.7,130.3,715.977
2022-08-24 18:30:00,130.4,130.4,130.0,130.3,138.756
2022-08-24 19:00:00,130.3,130.5,130.1,130.2,51.915
2022-08-24 19:30:00,130.3,130.7,130.2,130.3,54.859
2022-08-24 20:00:00,130.3,130.3,129.7,129.9,321.461
2022-08-24 20:30:00,130.0,130.0,129.3,129.6,521.911
2022-08-24 21:00:00,129.6,129.9,129.4,129.9,139.387
2022-08-24 21:30:00,129.8,130.8,129.6,129.6,793.371
2022-08-24 22:00:00,129.7,129.9,129.3,129.5,113.87
2022-08-24 22:30:00,129.4,129.5,129.2,129.5,96.582
2022-08-24 23:00:00,129.2,129.5,129.1,129.3,126.584
2022-08-24 23:30:00,129.2,129.6,128.8,129.6,233.717
2022-08-25 00:00:00,129.3,129.3,128.8,129.0,268.757
2022-08-25 00:30:00,129.1,129.5,129.1,129.3,58.503
2022-08-25 01:00:00,129.3,130.0,129.0,129.9,486.863
2022-08-25 01:30:00,129.9,130.2,129.7,129.7,155.732
2022-08-25 02:00:00,129.7,130.2,129.0,129.3,278.766
2022-08-25 02:30:00,129.4,129.7,129.4,129.7,35.207
2022-08-25 03:00:00,129.8,130.4,129.8,130.0,161.593
2022-08-25 03:30:00,129.9,129.9,129.5,129.6,148.09
2022-08-25 04:00:00,129.6,129.6,129.2,129.5,171.564
2022-08-25 04:30:00,129.6,129.8,129.4,129.4,16.98
2022-08-25 05:00:00,129.6,130.2,129.4,130.2,82.608
2022-08-25 05:30:00,130.2,131.0,130.1,130.7,388.945
2022-08-25 06:00:00,130.7,131.0,130.6,130.7,937.964
2022-08-25 06:30:00,130.9,131.0,130.6,130.9,118.164
2022-08-25 07:00:00,130.8,130.9,130.7,130.9,73.788
2022-08-25 07:30:00,130.9,131.0,130.8,131.0,766.014
2022-08-25 08:00:00,130.9,131.0,127.6,130.0,2138.059
2022-08-25 08:30:00,130.0,130.1,129.6,129.6,177.126
2022-08-25 09:00:00,129.7,129.9,129.4,129.4,254.066
2022-08-25 09:30:00,129.5,129.9,129.4,129.8,557.756
2022-08-25 10:00:00,129.9,130.2,129.7,130.0,53.114
2022-08-25 10:30:00,130.2,130.2,129.6,129.6,217.331
2022-08-25 11:00:00,129.6,130.0,129.4,129.6,138.477
2022-08-25 11:30:00,129.8,130.1,129.6,129.9,44.314
2022-08-25 12:00:00,130.1,130.3,129.3,129.4,146.84
2022-08-25 12:30:00,129.3,129.6,129.1,129.1,106.329
2022-08-25 13:00:00,129.2,130.2,128.0,130.0,1056.041
2022-08-25 13:30:00,130.0,130.2,129.6,130.1,68.999
2022-08-25 14:00:00,130.1,130.1,129.0,129.2,135.436
2022-08-25 14:30:00,129.1,130.6,128.9,129.8,730.923
2022-08-25 15:00:00,129.9,130.1,129.0,129.0,169.278
2022-08-25 15:30:00,129.1,129.8,129.1,129.8,85.322
2022-08-25 16:00:00,129.8,130.1,129.5,130.1,281.824
2022-08-25 16:30:00,130.1,130.3,129.7,129.8,125.584
2022-08-25 17:00:00,130.0,130.0,129.8,129.8,10.063
2022-08-25 17:30:00,129.9,129.9,129.6,129.7,12.475
2022-08-25 18:00:00,129.6,129.7,129.4,129.5,228.417
2022-08-25 18:30:00,129.5,129.5,129.3,129.3,51.834
2022-08-25 19:00:00,129.4,129.9,129.4,129.9,39.41
2022-08-25 19:30:00,129.9,130.0,129.7,129.8,23.57
2022-08-25 20:00:00,129.9,129.9,129.7,129.7,14.581
2022-08-25 20:30:00,129.9,130.0,129.9,130.0,9.558
2022-08-25 21:00:00,130.1,130.2,130.0,130.2,62.304
2022-08-25 21:30:00,130.1,130.2,130.0,130.1,33.29
2022-08-25 22:00:00,130.2,130.3,130.1,130.3,78.391
2022-08-25 22:30:00,130.4,130.7,129.8,129.9,334.452
2022-08-25 23:00:00,129.8,130.0,129.7,130.0,16.715
2022-08-25 23:30:00,130.2,130.5,130.2,130.4,46.879
2022-08-26 00:00:00,130.4,130.4,129.5,129.6,159.177
2022-08-26 00:30:00,129.6,129.8,129.3,129.3,33.807
2022-08-26 01:00:00,129.4,129.5,129.4,129.5,7.568
2022-08-26 01:30:00,129.7,129.8,129.5,129.6,28.105
2022-08-26 02:00:00,129.6,129.7,129.4,129.4,58.751
2022-08-26 02:30:00,129.4,129.5,129.4,129.5,12.516
2022-08-26 03:00:00,129.5,129.8,129.5,129.6,11.993
2022-08-26 03:30:00,129.7,129.8,129.6,129.7,78.246
2022-08-26 04:00:00,129.6,130.0,129.5,129.7,81.914
2022-08-26 04:30:00,129.6,130.3,129.6,130.0,245.067
2022-08-26 05:00:00,129.8,130.1,128.6,128.7,268.894
2022-08-26 05:30:00,128.8,129.0,128.6,128.7,89.392
2022-08-26 06:00:00,128.6,128.8,128.5,128.7,55.994
2022-08-26 06:30:00,128.9,129.2,128.7,129.0,20.265
2022-08-26 07:00:00,129.0,129.2,128.8,128.8,39.581
2022-08-26 07:30:00,128.8,128.8,128.6,128.6,34.328
2022-08-26 08:00:00,128.6,128.7,128.6,128.7,23.629
2022-08-26 08:30:00,128.7,128.7,128.2,128.3,76.937
2022-08-26 09:00:00,128.5,128.8,128.5,128.8,107.111
2022-08-26 09:30:00,128.7,128.8,128.6,128.6,11.649
2022-08-26 10:00:00,128.7,129.0,128.7,128.8,55.796
2022-08-26 10:30:00,128.8,128.9,128.5,128.5,25.095
2022-08-26 11:00:00,128.5,128.5,127.2,127.5,1100.813
2022-08-26 11:30:00,127.8,127.8,127.1,127.7,61.547
2022-08-26 12:00:00,127.7,127.9,127.5,127.9,82.032
2022-08-26 12:30:00,127.9,129.0,127.9,129.0,927.538
2022-08-26 13:00:00,128.9,129.7,128.9,129.3,543.21
2022-08-26 13:30:00,129.2,129.3,128.6,129.1,111.994
2022-08-26 14:00:00,129.0,129.2,126.3,127.1,1517.616
2022-08-26 14:30:00,127.0,127.2,126.1,126.8,804.529
2022-08-26 15:00:00,126.8,127.6,125.3,125.8,1556.449
2022-08-26 15:30:00,126.0,126.1,125.1,125.2,222.581
2022-08-26 16:00:00,125.2,125.4,124.6,124.8,2322.561
2022-08-26 16:30:00,124.8,125.8,124.5,125.7,270.502
2022-08-26 17:00:00,125.7,126.1,125.6,125.9,261.34
2022-08-26 17:30:00,126.0,126.0,125.9,125.9,43.59
2022-08-26 18:00:00,125.9,126.3,125.5,125.9,314.13
2022-08-26 18:30:00,125.9,126.1,125.7,125.9,31.864
2022-08-26 19:00:00,126.0,126.1,126.0,126.0,23.093
2022-08-26 19:30:00,126.2,126.7,126.2,126.6,239.073
2022-08-26 20:00:00,126.6,126.9,126.6,126.9,112.905
2022-08-26 20:30:00,126.9,127.3,126.6,126.6,216.923
2022-08-26 21:00:00,126.8,127.1,126.5,127.1,57.848
2022-08-26 21:30:00,127.0,127.3,126.8,127.2,111.752
2022-08-26 22:00:00,127.2,127.4,126.9,127.1,296.022
2022-08-26 22:30:00,127.3,127.3,125.9,126.2,335.63
2022-08-26 23:00:00,126.3,126.4,125.2,125.3,444.631
2022-08-26 23:30:00,125.3,125.5,123.7,124.4,957.506
2022-08-27 00:00:00,124.3,124.3,123.1,124.3,765.99
2022-08-27 00:30:00,124.2,125.0,124.2,125.0,273.885
2022-08-27 01:00:00,124.9,125.3,124.7,124.9,118.222
2022-08-27 01:30:00,124.8,126.1,124.8,126.1,338.319
2022-08-27 02:00:00,126.0,126.5,125.8,126.2,303.467
2022-08-27 02:30:00,126.1,126.2,125.4,125.7,175.864
2022-08-27 03:00:00,125.7,125.9,125.5,125.9,73.997
2022-08-27 03:30:00,126.0,126.1,125.8,126.1,32.227
2022-08-27 04:00:00,126.1,126.5,126.0,126.4,237.057
2022-08-27 04:30:00,126.4,126.8,126.2,126.6,134.107
2022-08-27 05:00:00,126.6,126.7,125.5,125.7,474.798
2022-08-27 05:30:00,125.9,126.0,124.8,125.0,2387.144
2022-08-27 06:00:00,124.9,125.1,124.4,124.7,376.593
2022-08-27 06:30:00,124.6,125.0,123.8,124.0,1092.596
2022-08-27 07:00:00,124.0,124.3,123.9,124.0,140.411
2022-08-27 07:30:00,124.1,124.6,124.0,124.6,165.69
2022-08-27 08:00:00,124.5,125.2,124.5,124.8,653.084
2022-08-27 08:30:00,124.8,125.4,124.7,125.0,97.326
2022-08-27 09:00:00,125.1,125.3,124.6,124.6,90.912
2022-08-27 09:30:00,124.6,125.2,124.5,125.2,184.601
2022-08-27 10:00:00,125.1,126.1,124.8,125.6,548.996
2022-08-27 10:30:00,125.8,126.1,125.5,126.1,268.699
2022-08-27 11:00:00,126.0,126.0,124.4,125.5,482.17
2022-08-27 11:30:00,125.6,126.4,125.6,126.2,267.074
2022-08-27 12:00:00,126.1,126.1,125.8,125.9,141.65
2022-08-27 12:30:00,125.9,126.7,125.7,126.4,336.133
2022-08-27 13:00:00,126.7,126.7,125.8,125.8,101.878
2022-08-27 13:30:00,126.0,126.7,125.9,126.7,148.233
2022-08-27 14:00:00,126.6,127.4,126.6,127.1,336.126
2022-08-27 14:30:00,127.0,127.0,126.1,126.1,153.781
2022-08-27 15:00:00,126.0,127.1,126.0,126.3,227.097
2022-08-27 15:30:00,126.3,127.8,126.1,127.1,685.35
2022-08-27 16:00:00,127.1,127.9,126.9,127.6,247.92
2022-08-27 16:30:00,127.5,128.6,127.5,127.9,584.195
2022-08-27 17:00:00,127.9,128.1,127.4,127.7,141.609
2022-08-27 17:30:00,127.7,127.9,127.7,127.8,50.485
2022-08-27 18:00:00,127.8,127.9,127.8,127.8,18.884
2022-08-27 18:30:00,128.0,128.1,127.8,127.9,60.937
2022-08-27 19:00:00,127.9,128.0,127.9,128.0,18.587
2022-08-27 19:30:00,128.0,128.1,127.7,128.0,146.992
2022-08-27 20:00:00,128.0,128.2,128.0,128.1,97.794
2022-08-27 20:30:00,128.2,128.4,128.1,128.3,122.826
2022-08-27 21:00:00,128.3,128.7,128.3,128.5,283.05
2022-08-27 21:30:00,128.5,128.7,128.1,128.2,113.884
2022-08-27 22:00:00,128.3,128.7,128.0,128.6,169.693
2022-08-27 22:30:00,128.5,129.0,128.5,128.8,257.53
2022-08-27 23:00:00,128.9,129.3,128.6,129.2,267.751
2022-08-27 23:30:00,129.1,130.5,128.5,129.4,690.203
2022-08-28 00:00:00,129.4,130.4,129.2,129.2,818.563
2022-08-28 00:30:00,129.3,129.9,129.1,129.9,147.607
2022-08-28 01:00:00,129.9,130.0,129.2,129.6,331.453
2022-08-28 01:30:00,129.4,129.5,128.7,128.7,297.731
2022-08-28 02:00:00,128.8,129.5,128.7,129.3,167.319
2022-08-28 02:30:00,129.2,129.3,128.8,128.9,91.647
2022-08-28 03:00:00,128.7,128.8,128.7,128.8,24.696
2022-08-28 03:30:00,128.8,129.0,128.7,128.8,31.964
2022-08-28 04:00:00,128.8,129.0,128.8,128.9,245.361
2022-08-28 04:30:00,129.0,129.4,128.9,129.2,104.129
2022-08-28 05:00:00,129.2,129.3,129.0,129.2,64.622
2022-08-28 05:30:00,129.2,130.0,129.2,129.8,336.834
2022-08-28 06:00:00,129.8,130.7,129.8,130.2,710.244
2022-08-28 06:30:00,130.1,130.1,129.8,129.8,48.787
2022-08-28 07:00:00,129.8,129.8,129.4,129.4,305.545
2022-08-28 07:30:00,129.4,130.6,129.1,129.7,521.233
2022-08-28 08:00:00,129.6,131.0,129.5,130.1,482.376
2022-08-28 08:30:00,130.1,130.3,129.6,130.2,72.514
2022-08-28 09:00:00,130.3,131.0,129.7,129.7,418.561
2022-08-28 09:30:00,129.7,130.5,129.7,129.9,225.813
2022-08-28 10:00:00,130.0,131.0,129.1,130.2,652.638
2022-08-28 10:30:00,130.2,131.0,130.0,130.6,433.287
2022-08-28 11:00:00,130.4,131.7,130.1,130.7,1138.243
2022-08-28 11:30:00,130.6,130.8,130.3,130.7,108.84
2022-08-28 12:00:00,130.7,131.3,130.5,130.6,297.459
2022-08-28 12:30:00,130.5,130.6,130.0,130.1,140.102
2022-08-28 13:00:00,130.2,130.3,129.9,130.1,70.413
2022-08-28 13:30:00,130.3,130.6,130.1,130.1,34.878
2022-08-28 14:00:00,130.3,130.9,129.9,130.8,333.605
2022-08-28 14:30:00,130.7,132.0,130.7,131.8,1788.03
2022-08-28 15:00:00,131.6,132.7,131.5,132.2,1803.134
2022-08-28 15:30:00,132.1,132.3,131.8,132.1,170.389
2022-08-28 16:00:00,132.3,134.6,132.3,134.4,1938.92
2022-08-28 16:30:00,134.3,134.8,133.8,134.3,1117.49
2022-08-28 17:00:00,134.3,134.6,133.9,134.1,288.763
2022-08-28 17:30:00,134.1,134.6,133.4,134.2,486.988
2022-08-28 18:00:00,134.2,135.9,134.2,135.2,989.051
2022-08-28 18:30:00,134.9,135.3,134.7,135.3,62.756
2022-08-28 19:00:00,135.3,135.7,134.6,135.3,350.251
2022-08-28 19:30:00,135.4,135.5,135.0,135.4,105.518
2022-08-28 20:00:00,135.4,135.9,135.0,135.3,371.08
2022-08-28 20:30:00,135.4,135.7,135.0,135.2,56.004
2022-08-28 21:00:00,135.1,135.3,134.8,135.0,96.394
2022-08-28 21:30:00,135.0,135.3,133.9,135.0,473.47
2022-08-28 22:00:00,135.0,135.3,134.3,134.5,280.046
2022-08-28 22:30:00,134.4,135.3,134.4,134.7,173.191
2022-08-28 23:00:00,134.5,134.7,133.2,134.3,669.714
2022-08-28 23:30:00,134.2,134.5,133.1,133.8,513.935
2022-08-29 00:00:00,134.1,134.7,133.5,133.7,484.167
2022-08-29 00:30:00,133.6,134.0,133.4,133.4,179.215
2022-08-29 01:00:00,133.4,133.7,133.2,133.3,83.539
2022-08-29 01:30:00,133.3,134.6,133.1,134.3,357.356
2022-08-29 02:00:00,134.2,137.0,134.1,135.1,1473.55
2022-08-29 02:30:00,135.2,135.3,134.2,134.5,193.054
2022-08-29 03:00:00,134.3,135.2,133.7,134.9,483.404
2022-08-29 03:30:00,134.9,136.2,134.4,134.8,376.5
2022-08-29 04:00:00,134.9,135.4,134.3,134.3,132.69
2022-08-29 04:30:00,134.3,135.1,134.1,134.9,372.665
2022-08-29 05:00:00,135.0,135.2,134.4,134.6,100.935
2022-08-29 05:30:00,134.6,135.1,134.2,134.3,29.158
2022-08-29 06:00:00,134.2,134.9,134.2,134.4,53.834
2022-08-29 06:30:00,134.8,135.3,134.5,134.9,326.97
2022-08-29 07:00:00,134.9,135.2,134.4,134.5,134.196
2022-08-29 07:30:00,134.5,134.8,134.3,134.8,149.669
2022-08-29 08:00:00,134.9,135.0,133.6,133.6,358.072
2022-08-29 08:30:00,133.6,134.4,133.6,134.3,139.298
2022-08-29 09:00:00,134.3,135.9,134.3,134.6,662.331
2022-08-29 09:30:00,134.6,135.0,134.5,134.9,51.304
2022-08-29 10:00:00,134.9,135.1,134.6,134.6,71.953
2022-08-29 10:30:00,134.8,135.6,134.7,135.2,399.582
2022-08-29 11:00:00,135.4,135.5,134.5,134.9,201.462
2022-08-29 11:30:00,135.0,135.0,134.5,134.8,46.794
2022-08-29 12:00:00,134.8,135.7,134.7,135.6,267.658
2022-08-29 12:30:00,135.6,136.3,134.9,135.4,491.908
2022-08-29 13:00:00,135.4,135.8,135.1,135.6,69.83
2022-08-29 13:30:00,135.6,136.2,135.2,135.3,378.28
2022-08-29 14:00:00,135.3,135.5,134.7,134.7,270.072
2022-08-29 14:30:00,134.8,135.2,134.5,135.2,275.169
2022-08-29 15:00:00,135.1,135.4,132.6,132.7,919.718
2022-08-29 15:30:00,132.8,132.8,131.6,131.7,760.944
2022-08-29 16:00:00,131.7,132.1,131.2,131.7,523.642
2022-08-29 16:30:00,131.7,131.7,130.7,131.2,526.183
2022-08-29 17:00:00,131.2,131.2,130.3,130.4,301.665
2022-08-29 17:30:00,130.4,130.9,130.3,130.4,79.62
2022-08-29 18:00:00,130.3,130.5,129.8,130.4,362.304
2022-08-29 18:30:00,130.5,130.5,129.6,129.8,249.192
2022-08-29 19:00:00,129.8,130.0,129.5,129.6,156.612
2022-08-29 19:30:00,129.7,130.0,129.5,129.9,273.478
2022-08-29 20:00:00,129.9,130.0,129.6,129.7,143.692
2022-08-29 20:30:00,129.6,130.0,129.4,130.0,90.083
2022-08-29 21:00:00,130.0,130.1,129.6,129.6,30.66
2022-08-29 21:30:00,129.7,129.9,129.6,129.8,37.97
2022-08-29 22:00:00,129.8,130.0,129.4,129.5,88.704
2022-08-29 22:30:00,129.5,129.5,128.4,128.4,498.849
2022-08-29 23:00:00,128.6,128.8,127.8,128.6,503.063
2022-08-29 23:30:00,128.8,129.3,128.4,128.6,491.725
2022-08-30 00:00:00,128.7,129.1,128.4,128.8,447.949
2022-08-30 00:30:00,128.8,129.2,128.6,129.0,287.415
2022-08-30 01:00:00,129.1,129.2,128.8,129.0,162.258
2022-08-30 01:30:00,129.0,129.0,128.2,128.5,218.324
2022-08-30 02:00:00,128.5,128.5,128.3,128.4,284.367
2022-08-30 02:30:00,128.3,128.4,127.8,127.8,402.963
2022-08-30 03:00:00,127.9,128.4,127.9,128.4,25.282
2022-08-30 03:30:00,128.4,128.6,128.3,128.5,66.877
2022-08-30 04:00:00,128.3,128.9,127.9,128.8,153.351
2022-08-30 04:30:00,128.8,128.9,128.2,128.4,172.819
2022-08-30 05:00:00,128.2,129.0,128.2,128.8,284.349
2022-08-30 05:30:00,128.8,128.8,128.2,128.3,128.681
2022-08-30 06:00:00,128.2,128.2,127.2,128.0,770.097
2022-08-30 06:30:00,128.1,128.3,127.8,128.0,303.362
2022-08-30 07:00:00,128.0,128.1,127.6,128.1,203.722
2022-08-30 07:30:00,128.1,128.5,127.7,127.8,256.646
2022-08-30 08:00:00,127.9,128.0,127.7,127.9,72.358
2022-08-30 08:30:00,127.8,127.9,127.6,127.8,94.512
2022-08-30 09:00:00,127.8,131.2,127.7,129.8,1348.376
2022-08-30 09:30:00,129.6,129.8,128.8,129.1,666.135
2022-08-30 10:00:00,129.2,130.4,128.7,129.9,571.303
2022-08-30 10:30:00,130.0,130.0,128.9,129.6,600.275
2022-08-30 11:00:00,129.6,129.8,128.9,129.2,221.121
2022-08-30 11:30:00,129.2,129.9,129.0,129.0,321.946
2022-08-30 12:00:00,129.1,129.3,127.9,128.1,438.805
2022-08-30 12:30:00,128.0,128.4,127.6,128.3,119.916
2022-08-30 13:00:00,128.5,128.8,128.1,128.1,144.974
2022-08-30 13:30:00,128.2,128.8,126.6,127.0,733.259
2022-08-30 14:00:00,127.1,127.1,126.0,126.1,706.067
2022-08-30 14:30:00,126.0,128.6,125.6,127.2,1396.341
2022-08-30 15:00:00,127.1,128.0,125.8,126.5,1245.64
2022-08-30 15:30:00,126.4,127.2,126.1,126.6,664.526
2022-08-30 16:00:00,126.5,127.6,126.1,126.6,548.5
2022-08-30 16:30:00,126.6,126.6,125.6,125.7,376.116
2022-08-30 17:00:00,125.8,126.4,125.7,126.3,84.747
2022-08-30 17:30:00,126.2,126.9,126.1,126.6,171.316
2022-08-30 18:00:00,126.7,126.9,125.0,126.0,928.379
2022-08-30 18:30:00,126.0,126.0,125.6,125.6,129.335
2022-08-30 19:00:00,125.5,129.4,125.4,127.6,1631.309
2022-08-30 19:30:00,127.7,128.1,127.4,128.0,159.015
2022-08-30 20:00:00,128.1,128.2,127.4,127.7,215.177
2022-08-30 20:30:00,127.8,128.3,127.8,127.8,67.62
2022-08-30 21:00:00,127.9,128.3,127.6,128.1,79.215
2022-08-30 21:30:00,128.2,130.6,128.2,129.4,1445.896
2022-08-30 22:00:00,129.2,129.6,128.9,129.2,115.553
2022-08-30 22:30:00,129.5,130.6,129.5,130.5,403.725
2022-08-30 23:00:00,130.4,131.3,130.2,131.3,727.412
2022-08-30 23:30:00,131.2,132.5,131.1,132.3,991.49
2022-08-31 00:00:00,132.2,133.0,131.1,131.3,1266.225
2022-08-31 00:30:00,131.3,132.0,130.8,130.9,193.23
2022-08-31 01:00:00,131.2,132.1,131.2,131.4,175.251
2022-08-31 01:30:00,131.4,132.0,131.3,131.7,148.515
2022-08-31 02:00:00,131.7,132.6,131.7,132.5,330.362
2022-08-31 02:30:00,132.3,132.5,130.9,131.1,700.441
2022-08-31 03:00:00,131.1,131.3,130.4,130.5,268.28
2022-08-31 03:30:00,130.6,130.9,130.2,130.2,58.369
2022-08-31 04:00:00,130.4,131.2,130.3,130.4,67.357
2022-08-31 04:30:00,130.3,130.5,129.8,129.8,224.149
2022-08-31 05:00:00,129.8,130.4,129.6,130.4,89.988
2022-08-31 05:30:00,130.4,131.0,130.4,130.5,227.441
2022-08-31 06:00:00,130.5,130.7,129.3,129.8,688.801
2022-08-31 06:30:00,129.8,131.2,129.7,130.4,1588.2
2022-08-31 07:00:00,130.3,130.5,130.1,130.4,283.995
2022-08-31 07:30:00,130.4,130.7,130.2,130.6,128.555
2022-08-31 08:00:00,130.4,131.5,129.9,130.0,1325.824
2022-08-31 08:30:00,130.0,130.8,129.8,130.1,141.325
2022-08-31 09:00:00,130.2,130.4,130.0,130.0,67.141
2022-08-31 09:30:00,130.0,130.2,129.9,129.9,70.212
2022-08-31 10:00:00,129.9,130.6,129.9,130.4,78.433
2022-08-31 10:30:00,130.5,131.1,130.5,130.7,681.054
2022-08-31 11:00:00,131.0,131.3,130.7,131.0,203.917
2022-08-31 11:30:00,131.0,131.9,131.0,131.9,547.4
2022-08-31 12:00:00,131.8,132.0,130.7,130.9,245.466
2022-08-31 12:30:00,130.9,130.9,130.3,130.9,327.163
2022-08-31 13:00:00,130.9,131.0,130.3,130.3,202.847
2022-08-31 13:30:00,130.4,130.7,130.0,130.1,204.257
2022-08-31 14:00:00,130.0,130.2,129.8,129.9,134.517
2022-08-31 14:30:00,129.7,129.8,129.4,129.6,386.141
2022-08-31 15:00:00,129.5,130.3,129.4,129.9,406.409
2022-08-31 15:30:00,129.9,130.7,129.9,130.4,175.621
2022-08-31 16:00:00,130.5,130.9,130.1,130.2,60.078
2022-08-31 16:30:00,130.2,130.8,130.2,130.5,54.928
2022-08-31 17:00:00,130.6,131.1,130.6,130.9,428.367
2022-08-31 17:30:00,131.0,131.1,130.3,131.0,95.944
2022-08-31 18:00:00,131.0,131.7,131.0,131.7,875.012
2022-08-31 18:30:00,131.7,131.8,131.0,131.7,551.779
2022-08-31 19:00:00,131.8,132.0,131.4,131.4,259.234
2022-08-31 19:30:00,131.4,131.8,131.3,131.6,141.533
2022-08-31 20:00:00,131.7,131.9,131.4,131.9,185.428
2022-08-31 20:30:00,131.9,132.0,131.5,131.8,243.224
2022-08-31 21:00:00,131.7,132.0,131.6,131.7,167.105
2022-08-31 21:30:00,131.7,132.0,131.6,131.8,146.271
2022-08-31 22:00:00,132.0,132.3,131.2,131.4,231.717
2022-08-31 22:30:00,131.4,131.6,131.1,131.6,95.186
2022-08-31 23:00:00,131.6,131.6,130.7,130.8,236.185
2022-08-31 23:30:00,130.7,130.9,130.4,130.6,120.261
2022-09-01 00:00:00,130.7,131.2,129.6,130.2,765.178
2022-09-01 00:30:00,130.2,130.3,129.4,130.0,227.035
2022-09-01 01:00:00,129.9,130.2,129.3,130.1,179.764
2022-09-01 01:30:00,130.1,130.7,130.1,130.7,271.635
2022-09-01 02:00:00,130.6,131.0,130.6,131.0,124.326
2022-09-01 02:30:00,130.9,131.0,129.4,130.5,420.883
2022-09-01 03:00:00,130.5,131.6,130.5,131.1,422.691
2022-09-01 03:30:00,131.2,131.5,130.7,131.0,132.002
2022-09-01 04:00:00,131.1,131.6,131.1,131.5,201.371
2022-09-01 04:30:00,131.5,132.0,131.5,131.8,346.021
2022-09-01 05:00:00,131.7,132.0,131.6,131.9,177.671
2022-09-01 05:30:00,131.9,132.0,131.8,132.0,3.845
2022-09-01 06:00:00,132.0,132.6,131.7,131.9,232.562
2022-09-01 06:30:00,132.1,132.5,131.8,132.3,78.839
2022-09-01 07:00:00,132.3,133.2,131.8,132.0,902.322
2022-09-01 07:30:00,131.9,132.5,130.7,132.4,649.59
2022-09-01 08:00:00,132.5,132.6,131.5,131.6,151.182
2022-09-01 08:30:00,131.5,131.9,131.3,131.6,111.339
2022-09-01 09:00:00,131.6,131.8,131.3,131.6,162.022
2022-09-01 09:30:00,131.7,132.0,131.7,131.8,159.723
2022-09-01 10:00:00,131.7,132.2,130.9,132.2,1032.968
2022-09-01 10:30:00,132.1,132.8,132.1,132.6,460.87
2022-09-01 11:00:00,132.7,132.8,132.3,132.6,169.226
2022-09-01 11:30:00,132.6,132.9,132.6,132.6,321.311
2022-09-01 12:00:00,132.6,133.0,132.2,132.3,352.063
2022-09-01 12:30:00,132.1,132.3,131.9,132.3,56.013
2022-09-01 13:00:00,132.4,133.0,132.3,132.9,409.814
2022-09-01 13:30:00,132.9,133.0,132.6,132.9,182.696
2022-09-01 14:00:00,132.9,133.0,132.0,132.1,398.446
2022-09-01 14:30:00,132.4,132.7,131.5,132.1,1207.801
2022-09-01 15:00:00,132.3,132.9,132.2,132.6,505.38
2022-09-01 15:30:00,132.7,133.4,132.6,133.3,578.932
2022-09-01 16:00:00,133.3,134.1,133.1,133.7,654.097
2022-09-01 16:30:00,133.7,133.9,133.1,133.7,136.576
2022-09-01 17:00:00,133.7,134.3,133.3,134.2,313.116
2022-09-01 17:30:00,134.2,134.2,133.5,134.1,161.4
2022-09-01 18:00:00,134.1,135.4,133.9,135.0,762.632
2022-09-01 18:30:00,135.1,136.5,135.0,135.9,1347.212
2022-09-01 19:00:00,135.9,137.1,134.9,135.0,1600.597
2022-09-01 19:30:00,134.9,135.3,134.6,135.3,117.111
2022-09-01 20:00:00,135.3,135.5,134.6,134.7,167.949
2022-09-01 20:30:00,134.7,134.7,134.5,134.5,104.405
2022-09-01 21:00:00,134.5,134.9,134.1,134.5,156.83
2022-09-01 21:30:00,134.4,134.6,133.8,133.9,200.188
2022-09-01 22:00:00,134.0,134.6,133.8,134.0,103.863
2022-09-01 22:30:00,134.1,134.1,133.7,134.1,148.196
2022-09-01 23:00:00,134.0,134.3,133.8,134.3,55.369
2022-09-01 23:30:00,134.1,134.7,134.1,134.5,82.301
2022-09-02 00:00:00,134.6,135.1,134.3,135.0,405.353
2022-09-02 00:30:00,135.2,135.3,134.5,135.1,141.55
2022-09-02 01:00:00,134.9,135.2,134.1,134.2,309.921
2022-09-02 01:30:00,134.2,134.3,133.7,134.2,143.058
2022-09-02 02:00:00,134.3,134.6,133.6,133.6,103.266
2022-09-02 02:30:00,133.9,134.0,133.6,134.0,15.112
2022-09-02 03:00:00,133.9,135.1,133.8,134.2,340.703
2022-09-02 03:30:00,134.3,134.6,134.1,134.2,100.352
2022-09-02 04:00:00,134.2,134.5,134.0,134.5,70.653
2022-09-02 04:30:00,134.2,134.3,134.2,134.3,31.284
2022-09-02 05:00:00,134.3,134.8,134.3,134.7,443.771
2022-09-02 05:30:00,134.6,135.0,134.5,134.8,116.655
2022-09-02 06:00:00,134.7,134.9,134.6,134.9,59.843
2022-09-02 06:30:00,134.8,134.8,134.1,134.4,144.748
2022-09-02 07:00:00,134.4,134.8,134.3,134.8,26.806
2022-09-02 07:30:00,134.8,135.4,134.8,135.2,270.92
2022-09-02 08:00:00,135.2,136.1,135.2,136.0,628.788
2022-09-02 08:30:00,136.0,136.7,135.7,136.5,487.53
2022-09-02 09:00:00,136.5,136.9,136.0,136.6,641.712
2022-09-02 09:30:00,136.5,136.8,136.0,136.0,477.333
2022-09-02 10:00:00,136.1,136.7,135.9,136.0,594.262
2022-09-02 10:30:00,136.0,136.2,135.8,136.1,71.691
2022-09-02 11:00:00,136.1,136.3,135.6,136.0,211.655
2022-09-02 11:30:00,135.8,136.4,135.5,136.2,211.896
2022-09-02 12:00:00,136.1,136.8,136.0,136.3,358.619
2022-09-02 12:30:00,136.4,137.0,134.9,135.8,2381.443
2022-09-02 13:00:00,135.7,136.2,135.5,136.1,229.338
2022-09-02 13:30:00,136.0,136.3,135.1,135.1,297.204
2022-09-02 14:00:00,135.0,135.3,134.7,135.2,171.635
2022-09-02 14:30:00,135.2,135.4,134.5,134.6,640.785
2022-09-02 15:00:00,134.5,134.7,133.9,134.0,351.138
2022-09-02 15:30:00,133.9,134.1,133.7,133.7,177.582
2022-09-02 16:00:00,133.9,134.1,132.7,132.9,929.585
2022-09-02 16:30:00,132.9,133.2,132.4,132.4,201.662
2022-09-02 17:00:00,132.5,133.0,131.8,131.8,424.223
2022-09-02 17:30:00,131.8,132.2,131.7,132.2,115.508
2022-09-02 18:00:00,132.0,132.3,131.1,132.1,625.972
2022-09-02 18:30:00,132.0,133.3,131.6,132.5,639.416
2022-09-02 19:00:00,132.4,132.5,131.7,132.0,221.07
2022-09-02 19:30:00,131.9,132.8,131.5,132.6,370.614
2022-09-02 20:00:00,132.6,133.3,132.3,133.2,273.34
2022-09-02 20:30:00,133.3,133.9,133.2,133.9,287.888
2022-09-02 21:00:00,133.8,133.8,133.5,133.7,157.654
2022-09-02 21:30:00,133.6,134.0,133.5,134.0,195.746
2022-09-02 22:00:00,133.8,134.3,133.8,134.0,94.509
2022-09-02 22:30:00,134.0,134.2,133.5,134.0,117.88
2022-09-02 23:00:00,134.0,134.3,133.9,134.2,58.083
2022-09-02 23:30:00,134.2,134.5,134.2,134.5,188.118
2022-09-03 00:00:00,134.3,134.9,134.1,134.7,244.881
2022-09-03 00:30:00,134.6,135.0,134.6,134.9,45.276
2022-09-03 01:00:00,134.9,134.9,134.5,134.6,7.769
2022-09-03 01:30:00,134.4,135.3,134.4,135.1,125.784
2022-09-03 02:00:00,135.3,135.4,135.0,135.3,69.092
2022-09-03 02:30:00,135.3,135.8,135.3,135.7,175.417
2022-09-03 03:00:00,135.7,135.9,135.6,135.9,300.788
2022-09-03 03:30:00,136.0,136.1,135.7,135.7,21.482
2022-09-03 04:00:00,135.8,136.2,135.8,135.9,193.783
2022-09-03 04:30:00,136.0,136.0,135.3,135.7,112.892
2022-09-03 05:00:00,135.8,135.8,135.6,135.6,14.493
2022-09-03 05:30:00,135.9,136.0,135.5,135.5,248.54
2022-09-03 06:00:00,135.5,135.9,135.1,135.3,124.0
2022-09-03 06:30:00,135.6,135.7,135.4,135.6,11.917
2022-09-03 07:00:00,135.6,135.9,134.6,134.8,220.031
2022-09-03 07:30:00,134.7,134.7,132.7,133.9,1524.906
2022-09-03 08:00:00,133.9,134.4,133.5,134.2,361.927
2022-09-03 08:30:00,134.3,135.6,134.1,135.6,527.117
2022-09-03 09:00:00,135.5,136.1,135.2,135.8,1713.472
2022-09-03 09:30:00,136.0,136.4,135.8,136.0,1881.278
2022-09-03 10:00:00,136.0,136.3,135.2,135.3,696.832
2022-09-03 10:30:00,135.3,135.3,135.0,135.0,79.807
2022-09-03 11:00:00,135.1,135.3,134.8,135.1,177.793
2022-09-03 11:30:00,135.0,135.2,134.9,134.9,171.94
2022-09-03 12:00:00,134.9,135.9,134.8,135.7,350.511
2022-09-03 12:30:00,135.7,135.7,135.5,135.6,9.589
2022-09-03 13:00:00,135.6,135.6,134.9,135.1,378.353
2022-09-03 13:30:00,135.0,135.2,135.0,135.1,175.227
2022-09-03 14:00:00,135.1,135.1,134.7,134.8,157.185
2022-09-03 14:30:00,134.7,135.5,134.7,135.5,99.394
2022-09-03 15:00:00,135.5,135.7,135.3,135.5,173.856
2022-09-03 15:30:00,135.6,136.2,135.6,136.1,526.262
2022-09-03 16:00:00,136.0,136.5,135.8,136.4,499.821
2022-09-03 16:30:00,136.5,136.9,136.2,136.4,751.678
2022-09-03 17:00:00,136.4,136.7,136.1,136.1,186.245
2022-09-03 17:30:00,136.2,136.7,136.2,136.5,122.694
2022-09-03 18:00:00,136.4,136.7,135.9,136.4,105.162
2022-09-03 18:30:00,136.5,136.6,136.0,136.4,542.05
2022-09-03 19:00:00,136.4,136.7,136.1,136.7,218.815
2022-09-03 19:30:00,136.7,136.7,135.9,136.6,764.022
2022-09-03 20:00:00,136.5,136.6,136.4,136.6,65.114
2022-09-03 20:30:00,136.4,136.8,136.4,136.7,124.905
2022-09-03 21:00:00,136.6,136.9,136.6,136.8,79.517
2022-09-03 21:30:00,136.8,137.0,136.0,136.1,161.569
2022-09-03 22:00:00,135.9,136.5,135.8,136.5,60.745
2022-09-03 22:30:00,136.3,136.8,136.3,136.6,6.281
2022-09-03 23:00:00,136.4,136.4,136.4,136.4,4.11
2022-09-03 23:30:00,136.3,136.6,136.2,136.4,14.588
2022-09-04 00:00:00,136.5,136.7,136.4,136.6,110.442
2022-09-04 00:30:00,136.3,136.5,136.3,136.5,0.771
2022-09-04 01:00:00,136.5,136.7,136.4,136.4,84.167
2022-09-04 01:30:00,136.5,136.5,136.2,136.2,13.071
2022-09-04 02:00:00,136.2,136.2,135.5,135.8,336.657
2022-09-04 02:30:00,135.8,135.9,135.4,135.4,76.449
2022-09-04 03:00:00,135.4,135.6,135.3,135.3,73.254
2022-09-04 03:30:00,135.2,135.2,134.8,135.0,77.606
2022-09-04 04:00:00,135.0,135.3,134.8,135.0,306.111
2022-09-04 04:30:00,134.9,135.9,134.9,135.9,127.129
2022-09-04 05:00:00,135.7,135.7,135.7,135.7,2.285
2022-09-04 05:30:00,135.6,135.6,135.5,135.5,17.593
2022-09-04 06:00:00,135.4,135.4,134.8,134.8,218.667
2022-09-04 06:30:00,134.8,134.8,134.2,134.4,205.126
2022-09-04 07:00:00,134.3,134.6,134.2,134.4,84.845
2022-09-04 07:30:00,134.5,134.6,134.1,134.1,103.702
2022-09-04 08:00:00,134.0,135.2,133.9,134.7,313.48
2022-09-04 08:30:00,134.7,135.6,134.7,135.4,169.009
2022-09-04 09:00:00,135.4,135.5,134.7,134.7,228.793
2022-09-04 09:30:00,134.7,134.8,134.6,134.6,104.033
2022-09-04 10:00:00,134.7,134.7,134.6,134.6,0.206
2022-09-04 10:30:00,134.6,134.8,134.5,134.5,333.247
2022-09-04 11:00:00,134.5,134.6,134.2,134.3,309.796
2022-09-04 11:30:00,134.3,135.3,134.2,135.3,335.032
2022-09-04 12:00:00,135.3,135.7,135.1,135.4,224.344
2022-09-04 12:30:00,135.3,135.6,135.1,135.5,85.367
2022-09-04 13:00:00,135.3,135.3,135.0,135.2,69.012
2022-09-04 13:30:00,135.3,135.3,134.8,134.9,65.404
2022-09-04 14:00:00,135.0,135.7,134.8,135.4,67.214
2022-09-04 14:30:00,135.3,135.5,135.3,135.5,27.417
2022-09-04 15:00:00,135.5,135.7,135.3,135.4,86.6
2022-09-04 15:30:00,135.6,135.7,134.7,135.0,111.799
2022-09-04 16:00:00,135.0,135.1,134.9,134.9,41.815
2022-09-04 16:30:00,135.0,135.4,134.9,135.1,67.496
2022-09-04 17:00:00,135.0,135.2,134.9,135.0,17.495
2022-09-04 17:30:00,135.0,135.3,135.0,135.3,37.578
2022-09-04 18:00:00,135.1,135.1,134.8,134.9,30.457
2022-09-04 18:30:00,134.9,135.1,134.8,134.8,25.705
2022-09-04 19:00:00,134.7,134.7,134.3,134.4,82.638
2022-09-04 19:30:00,134.4,134.6,134.4,134.5,34.455
2022-09-04 20:00:00,134.3,134.4,134.2,134.4,34.772
2022-09-04 20:30:00,134.4,134.5,134.3,134.3,26.718
2022-09-04 21:00:00,134.3,134.3,134.1,134.2,74.871
2022-09-04 21:30:00,134.2,134.2,134.0,134.1,26.215
2022-09-04 22:00:00,134.0,134.1,133.7,134.0,152.626
2022-09-04 22:30:00,133.8,133.9,133.7,133.7,24.684
2022-09-04 23:00:00,133.7,134.2,133.4,134.1,113.162
2022-09-04 23:30:00,134.1,134.3,133.9,134.1,23.551
2022-09-05 00:00:00,134.3,134.5,133.3,133.6,365.073
2022-09-05 00:30:00,133.6,133.7,133.4,133.6,81.848
2022-09-05 01:00:00,133.7,133.7,133.3,133.4,63.304
2022-09-05 01:30:00,133.3,133.3,133.2,133.3,34.399
2022-09-05 02:00:00,133.1,133.3,133.0,133.3,134.575
2022-09-05 02:30:00,133.4,133.6,133.4,133.5,289.353
2022-09-05 03:00:00,133.5,133.7,133.5,133.7,240.49
2022-09-05 03:30:00,133.8,133.9,133.5,133.7,315.038
2022-09-05 04:00:00,133.7,133.7,133.5,133.5,148.031
2022-09-05 04:30:00,133.5,133.9,133.3,133.8,580.264
2022-09-05 05:00:00,133.8,133.8,133.0,133.2,837.028
2022-09-05 05:30:00,133.0,133.3,132.7,133.2,556.761
2022-09-05 06:00:00,133.2,133.4,133.1,133.2,82.227
2022-09-05 06:30:00,133.1,133.2,132.9,132.9,83.787
2022-09-05 07:00:00,133.0,133.0,132.4,132.6,140.162
2022-09-05 07:30:00,132.4,132.8,132.4,132.7,329.283
2022-09-05 08:00:00,132.6,132.7,132.1,132.7,82.947
2022-09-05 08:30:00,132.4,132.4,132.2,132.2,4.585
2022-09-05 09:00:00,132.4,132.5,131.9,131.9,12.416
2022-09-05 09:30:00,131.9,132.3,131.7,131.9,237.535
2022-09-05 10:00:00,131.9,132.1,131.7,131.7,56.165
2022-09-05 10:30:00,131.6,131.7,131.2,131.3,269.472
2022-09-05 11:00:00,131.3,132.3,131.3,131.9,397.302
2022-09-05 11:30:00,131.8,131.8,131.3,131.4,18.476
2022-09-05 12:00:00,131.4,131.6,130.4,130.7,519.197
2022-09-05 12:30:00,130.8,130.8,130.3,130.4,128.983
2022-09-05 13:00:00,130.4,132.3,130.3,131.9,767.417
2022-09-05 13:30:00,131.8,131.9,131.4,131.6,93.917
2022-09-05 14:00:00,131.6,132.3,131.4,132.3,195.125
2022-09-05 14:30:00,132.3,132.6,131.8,132.3,210.257
2022-09-05 15:00:00,132.4,132.5,131.5,131.5,325.184
2022-09-05 15:30:00,131.5,132.0,131.4,131.4,100.271
2022-09-05 16:00:00,131.4,131.5,130.7,131.3,510.922
2022-09-05 16:30:00,131.2,131.8,131.1,131.5,150.81
2022-09-05 17:00:00,131.5,131.8,131.0,131.0,87.403
2022-09-05 17:30:00,131.2,131.2,131.0,131.0,44.2
2022-09-05 18:00:00,131.0,131.0,130.8,130.8,146.536
2022-09-05 18:30:00,130.9,131.0,130.7,131.0,42.666
2022-09-05 19:00:00,131.0,131.1,130.7,130.8,16.828
2022-09-05 19:30:00,130.9,131.0,130.7,130.8,39.212
2022-09-05 20:00:00,130.6,130.8,130.4,130.7,190.092
2022-09-05 20:30:00,130.8,130.8,130.3,130.5,108.404
2022-09-05 21:00:00,130.6,131.7,130.6,130.9,275.939
2022-09-05 21:30:00,130.9,131.2,130.9,131.0,10.151
2022-09-05 22:00:00,130.9,131.1,130.9,131.1,6.473
2022-09-05 22:30:00,131.0,131.7,130.7,131.7,200.636
2022-09-05 23:00:00,131.7,131.8,131.3,131.3,59.705
2022-09-05 23:30:00,131.4,131.5,130.8,131.1,253.041
2022-09-06 00:00:00,130.9,131.4,130.8,131.3,204.606
2022-09-06 00:30:00,131.3,131.6,131.1,131.2,152.086
2022-09-06 01:00:00,131.3,132.2,131.3,131.6,230.32
2022-09-06 01:30:00,131.6,131.7,130.7,130.7,178.642
2022-09-06 02:00:00,130.7,130.8,129.5,129.6,998.497
2022-09-06 02:30:00,129.6,130.2,129.5,130.2,63.82
2022-09-06 03:00:00,130.2,130.3,129.6,129.6,85.385
2022-09-06 03:30:00,129.7,129.7,129.4,129.5,61.924
2022-09-06 04:00:00,129.6,130.3,129.5,130.1,75.018
2022-09-06 04:30:00,130.1,130.2,129.9,130.0,135.623
2022-09-06 05:00:00,129.9,130.0,129.8,129.9,61.804
2022-09-06 05:30:00,130.0,130.8,130.0,130.6,379.658
2022-09-06 06:00:00,130.5,131.1,130.1,130.1,113.361
2022-09-06 06:30:00,130.2,130.5,130.1,130.1,118.337
2022-09-06 07:00:00,130.2,130.5,129.6,129.7,388.561
2022-09-06 07:30:00,129.8,129.9,129.0,129.3,1016.875
2022-09-06 08:00:00,129.3,129.5,129.0,129.4,216.41
2022-09-06 08:30:00,129.3,129.4,129.1,129.4,120.193
2022-09-06 09:00:00,129.6,129.8,129.1,129.3,141.008
2022-09-06 09:30:00,129.3,129.5,129.1,129.4,30.958
2022-09-06 10:00:00,129.4,129.9,129.4,129.8,119.588
2022-09-06 10:30:00,129.8,130.3,129.8,130.0,391.138
2022-09-06 11:00:00,130.0,130.6,130.0,130.5,301.401
2022-09-06 11:30:00,130.4,131.2,130.4,131.0,622.23
2022-09-06 12:00:00,130.9,131.0,130.3,130.5,224.795
2022-09-06 12:30:00,130.4,130.5,130.1,130.1,95.99
2022-09-06 13:00:00,130.1,130.3,129.9,130.1,118.716
2022-09-06 13:30:00,130.2,141.6,130.2,140.6,50883.237
2022-09-06 14:00:00,140.6,140.9,130.6,140.0,9083.659
2022-09-06 14:30:00,140.0,142.0,139.2,141.0,6072.288
2022-09-06 15:00:00,141.0,141.0,138.9,139.0,7860.881
2022-09-06 15:30:00,139.0,139.4,138.6,138.8,962.34
2022-09-06 16:00:00,138.9,139.0,138.0,138.3,1621.494
2022-09-06 16:30:00,138.3,139.0,137.0,138.6,57561.258
2022-09-06 17:00:00,138.6,139.6,137.7,138.0,23417.707
2022-09-06 17:30:00,138.0,138.6,137.0,138.0,3779.854
2022-09-06 18:00:00,138.0,138.0,137.0,137.0,1796.395
2022-09-06 18:30:00,137.1,137.6,136.0,137.1,2890.431
2022-09-06 19:00:00,137.1,137.7,136.8,137.3,257.366
2022-09-06 19:30:00,137.0,137.9,136.7,137.4,832.348
2022-09-06 20:00:00,137.7,137.7,136.4,137.0,598.537
2022-09-06 20:30:00,137.1,137.6,136.9,137.6,132.195
2022-09-06 21:00:00,137.6,137.9,136.7,137.6,321.836
2022-09-06 21:30:00,137.4,137.8,136.8,137.2,135.838
2022-09-06 22:00:00,137.4,137.8,136.9,137.7,151.859
2022-09-06 22:30:00,137.8,139.1,137.4,138.1,1002.522
2022-09-06 23:00:00,138.3,139.7,137.8,138.9,902.897
2022-09-06 23:30:00,138.8,140.0,137.5,137.9,1768.265
2022-09-07 00:00:00,137.9,138.9,136.0,137.0,1505.605
2022-09-07 00:30:00,136.9,137.4,136.7,137.0,307.809
2022-09-07 01:00:00,137.0,137.5,135.4,136.7,1165.937
2022-09-07 01:30:00,136.6,137.0,136.3,136.8,148.176
2022-09-07 02:00:00,136.7,136.8,135.3,135.5,575.969
2022-09-07 02:30:00,135.5,136.0,134.0,135.9,1596.111
2022-09-07 03:00:00,136.0,136.6,135.5,136.3,562.595
2022-09-07 03:30:00,136.2,136.6,135.7,136.1,294.942
2022-09-07 04:00:00,136.1,136.1,135.3,135.7,276.12
2022-09-07 04:30:00,135.8,137.4,135.7,136.4,1010.998
2022-09-07 05:00:00,136.4,137.1,136.2,136.4,264.119
2022-09-07 05:30:00,136.5,137.4,136.5,137.1,418.993
2022-09-07 06:00:00,137.2,137.6,136.8,137.0,400.963
2022-09-07 06:30:00,137.1,137.9,137.1,137.2,256.476
2022-09-07 07:00:00,137.2,137.7,136.6,136.7,334.343
2022-09-07 07:30:00,136.7,137.5,136.7,137.3,100.765
2022-09-07 08:00:00,137.2,138.5,137.2,137.4,833.828
2022-09-07 08:30:00,137.5,137.7,136.7,136.7,463.498
2022-09-07 09:00:00,136.7,137.2,136.3,136.5,337.889
2022-09-07 09:30:00,136.4,138.4,136.3,137.2,2049.66
2022-09-07 10:00:00,137.2,137.8,137.0,137.8,400.451
2022-09-07 10:30:00,137.8,138.1,136.9,137.4,357.313
2022-09-07 11:00:00,137.5,137.9,136.4,137.7,900.261
2022-09-07 11:30:00,137.9,138.8,137.7,137.8,1571.594
2022-09-07 12:00:00,137.9,138.7,137.4,137.6,803.949
2022-09-07 12:30:00,137.8,138.3,137.6,138.2,375.951
2022-09-07 13:00:00,138.2,139.0,138.0,138.5,1123.641
2022-09-07 13:30:00,138.5,138.5,137.8,137.9,660.478
2022-09-07 14:00:00,137.7,138.4,137.6,138.3,698.95
2022-09-07 14:30:00,138.3,138.4,137.7,137.8,270.776
2022-09-07 15:00:00,137.8,137.9,137.4,137.7,550.099
2022-09-07 15:30:00,137.4,138.4,137.4,138.2,279.675
2022-09-07 16:00:00,138.1,138.3,137.6,138.1,422.494
2022-09-07 16:30:00,138.0,138.2,137.8,138.0,454.871
2022-09-07 17:00:00,138.1,138.3,137.8,137.8,292.474
2022-09-07 17:30:00,137.9,139.0,137.8,138.2,382.373
2022-09-07 18:00:00,138.2,138.2,137.5,137.9,583.126
2022-09-07 18:30:00,138.0,138.3,137.7,138.0,196.948
2022-09-07 19:00:00,138.1,138.3,137.6,137.8,134.593
2022-09-07 19:30:00,137.7,137.9,137.6,137.8,478.392
2022-09-07 20:00:00,137.8,138.6,137.6,138.3,565.154
2022-09-07 20:30:00,138.4,139.0,137.8,137.9,500.098
2022-09-07 21:00:00,138.2,138.2,136.8,137.1,934.831
2022-09-07 21:30:00,137.2,137.9,137.2,137.4,101.917
2022-09-07 22:00:00,137.6,138.0,136.8,136.9,293.975
2022-09-07 22:30:00,136.9,137.1,136.6,136.8,263.985
2022-09-07 23:00:00,136.8,136.9,136.2,136.5,311.244
2022-09-07 23:30:00,136.4,137.2,136.1,137.0,444.972
2022-09-08 00:00:00,137.2,137.6,137.1,137.5,301.183
2022-09-08 00:30:00,137.4,137.4,136.7,137.4,104.549
2022-09-08 01:00:00,137.5,137.8,137.3,137.6,310.816
2022-09-08 01:30:00,137.6,137.9,137.4,137.7,241.182
2022-09-08 02:00:00,137.7,138.3,137.7,138.1,177.209
2022-09-08 02:30:00,138.1,138.8,138.0,138.8,217.31
2022-09-08 03:00:00,138.7,138.9,137.7,138.2,221.842
2022-09-08 03:30:00,138.1,138.2,138.1,138.1,314.914
2022-09-08 04:00:00,138.0,138.3,137.9,138.1,322.922
2022-09-08 04:30:00,138.2,139.4,138.0,138.8,498.095
2022-09-08 05:00:00,138.6,138.6,138.0,138.3,255.305
2022-09-08 05:30:00,138.3,138.5,137.9,138.4,230.102
2022-09-08 06:00:00,138.4,138.7,138.2,138.3,368.833
2022-09-08 06:30:00,138.0,138.6,137.9,138.2,294.862
2022-09-08 07:00:00,138.1,138.5,137.8,138.1,630.519
2022-09-08 07:30:00,138.2,139.0,138.2,138.9,441.36
2022-09-08 08:00:00,138.9,141.0,138.9,139.8,1629.412
2022-09-08 08:30:00,139.8,140.1,138.9,139.1,405.656
2022-09-08 09:00:00,139.1,140.1,138.6,139.6,749.124
2022-09-08 09:30:00,139.7,139.9,139.2,139.5,258.521
2022-09-08 10:00:00,139.5,141.4,139.4,139.7,546.853
2022-09-08 10:30:00,139.8,140.2,139.5,140.0,456.822
2022-09-08 11:00:00,140.0,140.3,139.4,139.8,807.269
2022-09-08 11:30:00,139.9,141.5,139.7,141.4,1783.191
2022-09-08 12:00:00,141.2,141.3,139.2,140.7,1654.556
2022-09-08 12:30:00,140.7,141.5,139.2,140.4,1813.962
2022-09-08 13:00:00,140.4,140.8,139.5,140.0,2243.531
2022-09-08 13:30:00,139.9,147.8,139.3,144.8,14493.746
2022-09-08 14:00:00,144.7,147.8,144.3,145.1,2849.245
2022-09-08 14:30:00,145.1,145.6,144.5,145.2,2008.94
2022-09-08 15:00:00,145.1,145.3,143.2,144.1,1550.51
2022-09-08 15:30:00,144.1,144.1,143.4,143.6,677.32
2022-09-08 16:00:00,143.8,144.3,143.2,144.0,920.646
2022-09-08 16:30:00,144.0,144.3,143.2,144.2,452.559
2022-09-08 17:00:00,144.0,144.3,143.8,144.3,116.368
2022-09-08 17:30:00,144.2,144.5,143.6,144.2,319.794
2022-09-08 18:00:00,144.1,144.2,143.7,143.7,88.915
2022-09-08 18:30:00,143.9,144.2,143.8,144.1,84.737
2022-09-08 19:00:00,144.1,144.6,143.9,144.5,890.675
2022-09-08 19:30:00,144.5,144.8,144.0,144.5,331.992
2022-09-08 20:00:00,144.5,144.5,142.6,143.2,1178.164
2022-09-08 20:30:00,143.2,143.5,142.7,142.9,168.462
2022-09-08 21:00:00,142.8,142.8,142.1,142.5,240.979
2022-09-08 21:30:00,142.5,142.7,142.2,142.6,126.749
2022-09-08 22:00:00,142.6,142.9,142.2,142.2,95.985
2022-09-08 22:30:00,142.2,142.3,142.0,142.0,1344.722
2022-09-08 23:00:00,142.0,142.3,142.0,142.2,1323.381
2022-09-08 23:30:00,142.1,142.5,142.0,142.4,632.422
2022-09-09 00:00:00,142.4,142.6,142.0,142.3,212.564
2022-09-09 00:30:00,142.3,142.5,142.2,142.3,299.491
2022-09-09 01:00:00,142.3,142.4,142.2,142.3,162.023
2022-09-09 01:30:00,142.2,142.2,142.0,142.0,488.041
2022-09-09 02:00:00,142.0,142.3,142.0,142.0,473.525
2022-09-09 02:30:00,142.0,142.1,141.0,141.2,325.232
2022-09-09 03:00:00,141.2,142.3,140.8,142.1,691.746
2022-09-09 03:30:00,142.2,142.5,141.6,142.0,259.41
2022-09-09 04:00:00,142.1,142.3,141.4,141.8,393.743
2022-09-09 04:30:00,141.7,142.3,140.9,142.1,920.136
2022-09-09 05:00:00,142.0,142.3,141.5,141.5,268.834
2022-09-09 05:30:00,141.5,143.1,141.4,141.8,604.397
2022-09-09 06:00:00,141.8,142.5,140.9,141.4,817.953
2022-09-09 06:30:00,141.4,151.0,141.4,147.3,36267.57
2022-09-09 07:00:00,147.3,147.7,146.5,147.4,825.507
2022-09-09 07:30:00,147.5,148.2,147.5,147.8,589.989
2022-09-09 08:00:00,147.5,147.5,146.2,146.9,923.277
2022-09-09 08:30:00,146.9,148.0,146.9,147.8,521.614
2022-09-09 09:00:00,147.7,147.9,146.8,146.8,269.803
2022-09-09 09:30:00,146.8,146.9,146.3,146.4,290.517
2022-09-09 10:00:00,146.4,147.0,145.7,146.7,614.605
2022-09-09 10:30:00,146.7,147.3,146.1,146.8,625.347
2022-09-09 11:00:00,146.7,146.7,145.5,145.9,300.832
2022-09-09 11:30:00,146.0,154.5,145.5,151.8,23859.304
2022-09-09 12:00:00,151.7,154.5,151.0,152.1,2528.704
2022-09-09 12:30:00,151.9,152.9,150.1,151.2,2438.281
2022-09-09 13:00:00,151.2,151.2,150.5,150.7,550.883
2022-09-09 13:30:00,150.7,151.1,150.1,150.3,363.281
2022-09-09 14:00:00,150.3,151.7,150.3,150.8,356.489
2022-09-09 14:30:00,150.7,151.3,150.3,150.4,415.698
2022-09-09 15:00:00,150.4,151.0,150.0,150.1,659.587
2022-09-09 15:30:00,150.2,151.0,149.5,149.6,383.38
2022-09-09 16:00:00,149.7,150.4,149.3,149.7,421.471
2022-09-09 16:30:00,149.7,150.6,149.7,150.6,143.327
2022-09-09 17:00:00,150.5,150.9,149.8,150.0,275.986
2022-09-09 17:30:00,150.0,150.2,148.8,149.1,138.526
2022-09-09 18:00:00,149.3,149.9,149.2,149.6,170.452
2022-09-09 18:30:00,149.7,150.7,149.7,150.7,106.925
2022-09-09 19:00:00,150.8,151.1,150.3,150.3,77.679
2022-09-09 19:30:00,150.5,150.6,150.3,150.5,50.264
2022-09-09 20:00:00,150.5,150.7,150.2,150.3,63.432
2022-09-09 20:30:00,150.2,150.4,149.8,149.9,53.088
2022-09-09 21:00:00,149.9,149.9,149.5,149.6,36.358
2022-09-09 21:30:00,149.5,150.5,149.5,150.4,124.203
2022-09-09 22:00:00,150.3,150.3,149.6,149.6,187.281
2022-09-09 22:30:00,149.7,150.2,149.7,150.0,89.598
2022-09-09 23:00:00,149.9,151.0,145.1,148.1,2266.601
2022-09-09 23:30:00,148.1,149.6,147.8,149.2,444.789
2022-09-10 00:00:00,149.2,149.3,148.0,148.1,334.539
2022-09-10 00:30:00,148.0,148.4,147.7,148.3,419.061
2022-09-10 01:00:00,148.3,148.7,148.3,148.5,116.723
2022-09-10 01:30:00,148.5,148.5,148.1,148.4,128.018
2022-09-10 02:00:00,148.3,148.4,147.8,148.2,230.963
2022-09-10 02:30:00,148.2,148.2,147.7,148.1,119.418
2022-09-10 03:00:00,148.0,148.1,147.8,148.0,86.059
2022-09-10 03:30:00,148.1,148.1,146.9,147.0,1482.408
2022-09-10 04:00:00,146.9,148.0,146.6,147.4,427.593
2022-09-10 04:30:00,147.4,147.6,146.4,146.8,292.443
2022-09-10 05:00:00,146.7,147.6,146.7,147.2,291.689
2022-09-10 05:30:00,147.3,147.3,146.9,147.1,25.303
2022-09-10 06:00:00,147.1,148.6,147.1,148.6,935.838
2022-09-10 06:30:00,148.6,150.0,148.6,149.1,1185.968
2022-09-10 07:00:00,149.1,149.2,148.6,148.9,117.686
2022-09-10 07:30:00,149.0,149.1,147.7,148.1,490.527
2022-09-10 08:00:00,148.0,148.9,147.9,148.6,338.284
2022-09-10 08:30:00,148.7,148.7,148.0,148.2,30.331
2022-09-10 09:00:00,148.2,148.9,148.2,148.8,190.305
2022-09-10 09:30:00,148.7,148.7,148.6,148.6,57.557
2022-09-10 10:00:00,148.6,149.3,148.4,148.9,371.056
2022-09-10 10:30:00,148.9,150.2,148.9,149.7,1227.865
2022-09-10 11:00:00,149.7,150.9,149.4,150.7,972.807
2022-09-10 11:30:00,150.8,151.4,150.6,151.3,567.875
2022-09-10 12:00:00,151.4,151.9,150.1,150.5,1642.532
2022-09-10 12:30:00,150.4,150.6,149.2,149.3,752.026
2022-09-10 13:00:00,149.5,150.1,149.0,149.0,511.198
2022-09-10 13:30:00,149.1,149.4,148.7,148.9,594.369
2022-09-10 14:00:00,149.0,150.0,149.0,149.8,158.45
2022-09-10 14:30:00,149.7,150.2,149.4,149.7,185.809
2022-09-10 15:00:00,149.7,150.5,149.7,150.5,154.02
2022-09-10 15:30:00,150.5,150.6,149.9,150.1,125.275
2022-09-10 16:00:00,149.9,150.9,149.8,149.8,192.63
2022-09-10 16:30:00,149.8,150.3,149.5,149.9,242.107
2022-09-10 17:00:00,149.8,150.8,149.8,150.3,147.616
2022-09-10 17:30:00,150.3,150.7,150.1,150.1,135.632
2022-09-10 18:00:00,150.6,150.8,150.1,150.1,192.667
2022-09-10 18:30:00,150.1,150.6,150.1,150.4,288.392
2022-09-10 19:00:00,150.4,150.7,150.1,150.6,113.046
2022-09-10 19:30:00,150.5,150.8,150.3,150.4,145.128
2022-09-10 20:00:00,150.4,154.3,150.3,151.5,2775.791
2022-09-10 20:30:00,151.5,151.8,150.7,151.4,302.705
2022-09-10 21:00:00,151.6,152.3,151.3,151.6,161.228
2022-09-10 21:30:00,151.4,152.5,150.9,152.1,239.137
2022-09-10 22:00:00,151.9,152.2,150.6,150.8,382.84
2022-09-10 22:30:00,150.9,152.0,150.7,151.9,293.209
2022-09-10 23:00:00,151.7,151.9,150.8,150.9,132.597
2022-09-10 23:30:00,150.9,151.1,150.2,150.4,356.299
2022-09-11 00:00:00,150.4,150.4,149.7,150.1,216.058
2022-09-11 00:30:00,150.1,150.2,149.8,150.0,128.153
2022-09-11 01:00:00,149.8,150.2,149.6,149.8,256.995
2022-09-11 01:30:00,149.7,149.9,149.3,149.4,366.914
2022-09-11 02:00:00,149.3,150.9,149.1,150.3,719.637
2022-09-11 02:30:00,150.2,150.3,149.6,149.8,412.832
2022-09-11 03:00:00,149.9,149.9,149.4,149.4,110.662
2022-09-11 03:30:00,149.4,149.4,147.9,149.2,1462.622
2022-09-11 04:00:00,149.3,150.0,149.3,149.5,134.384
2022-09-11 04:30:00,149.6,149.7,149.0,149.6,193.938
2022-09-11 05:00:00,149.6,149.7,149.2,149.4,232.255
2022-09-11 05:30:00,149.4,149.6,149.0,149.0,101.556
2022-09-11 06:00:00,149.0,149.9,149.0,149.4,180.891
2022-09-11 06:30:00,149.4,149.7,148.7,149.4,291.447
2022-09-11 07:00:00,149.4,151.4,149.4,151.3,2381.763
2022-09-11 07:30:00,151.3,152.1,151.0,151.6,1282.188
2022-09-11 08:00:00,151.5,152.8,150.3,150.9,1268.85
2022-09-11 08:30:00,150.8,151.1,150.5,150.5,844.677
2022-09-11 09:00:00,150.5,151.0,150.3,150.9,137.027
2022-09-11 09:30:00,150.8,151.1,150.8,150.9,82.433
2022-09-11 10:00:00,150.9,150.9,150.7,150.7,92.946
2022-09-11 10:30:00,150.7,151.0,150.4,150.4,103.361
2022-09-11 11:00:00,150.4,151.2,150.4,150.9,249.176
2022-09-11 11:30:00,150.8,150.8,150.5,150.5,22.282
2022-09-11 12:00:00,150.5,150.5,150.1,150.4,90.448
2022-09-11 12:30:00,150.5,151.2,150.3,150.7,737.417
2022-09-11 13:00:00,150.8,150.8,150.1,150.4,229.488
2022-09-11 13:30:00,150.4,152.8,150.4,151.2,1184.385
2022-09-11 14:00:00,151.2,152.2,151.2,151.4,299.27
2022-09-11 14:30:00,151.3,151.4,150.9,151.0,110.749
2022-09-11 15:00:00,150.9,152.1,150.9,151.9,618.658
2022-09-11 15:30:00,151.9,152.4,151.9,152.2,301.263
2022-09-11 16:00:00,152.3,153.0,151.9,152.0,543.563
2022-09-11 16:30:00,151.9,152.6,151.7,151.8,122.941
2022-09-11 17:00:00,151.9,152.3,151.5,152.3,72.104
2022-09-11 17:30:00,152.3,153.0,152.2,152.4,360.332
2022-09-11 18:00:00,152.5,153.0,152.4,152.6,220.422
2022-09-11 18:30:00,152.7,153.0,152.5,152.5,109.267
2022-09-11 19:00:00,152.5,154.3,152.5,154.3,1292.37
2022-09-11 19:30:00,154.3,155.0,151.8,152.1,2113.291
2022-09-11 20:00:00,152.1,153.2,151.7,152.9,558.479
2022-09-11 20:30:00,152.9,153.2,152.4,152.9,248.225
2022-09-11 21:00:00,152.8,152.9,152.5,152.8,10.207
2022-09-11 21:30:00,152.9,154.0,151.9,152.6,975.801
2022-09-11 22:00:00,152.5,154.5,152.5,153.7,798.52
2022-09-11 22:30:00,153.7,154.5,153.4,154.2,467.883
2022-09-11 23:00:00,154.2,154.7,153.5,154.0,297.981
2022-09-11 23:30:00,154.0,157.9,154.0,156.8,3122.885
2022-09-12 00:00:00,156.7,156.8,154.4,154.7,1725.456
2022-09-12 00:30:00,154.7,155.0,154.2,154.2,413.72
2022-09-12 01:00:00,154.2,155.6,154.2,155.6,698.105
2022-09-12 01:30:00,155.6,156.9,155.1,155.9,935.865
2022-09-12 02:00:00,156.0,156.0,154.8,155.6,741.52
2022-09-12 02:30:00,155.6,156.0,155.0,155.2,457.582
2022-09-12 03:00:00,155.3,155.3,153.7,154.7,1952.955
2022-09-12 03:30:00,154.4,154.6,153.7,154.2,336.734
2022-09-12 04:00:00,154.3,155.5,153.7,154.9,554.112
2022-09-12 04:30:00,155.1,155.4,154.7,155.1,92.221
2022-09-12 05:00:00,155.2,155.6,154.8,154.8,269.791
2022-09-12 05:30:00,154.8,155.2,154.6,154.6,121.055
2022-09-12 06:00:00,154.7,155.0,154.1,154.9,501.036
2022-09-12 06:30:00,154.9,155.4,154.9,155.0,178.087
2022-09-12 07:00:00,154.9,155.4,154.8,155.1,221.749
2022-09-12 07:30:00,155.2,155.5,154.8,155.1,165.875
2022-09-12 08:00:00,155.1,155.4,154.9,155.1,103.084
2022-09-12 08:30:00,155.3,155.7,154.9,155.1,1190.069
2022-09-12 09:00:00,155.2,155.4,154.9,154.9,92.747
2022-09-12 09:30:00,154.9,155.5,154.9,155.4,100.498
2022-09-12 10:00:00,155.1,155.2,154.9,155.1,145.704
2022-09-12 10:30:00,155.0,155.7,155.0,155.6,140.854
2022-09-12 11:00:00,155.7,155.8,155.2,155.6,524.409
2022-09-12 11:30:00,155.7,157.1,155.7,155.8,1556.353
2022-09-12 12:00:00,155.9,156.3,155.3,156.2,870.178
2022-09-12 12:30:00,156.2,156.3,155.9,156.0,199.168
2022-09-12 13:00:00,155.9,155.9,155.6,155.6,252.671
2022-09-12 13:30:00,155.7,156.1,155.3,155.7,252.44
2022-09-12 14:00:00,155.8,155.8,155.1,155.2,491.938
2022-09-12 14:30:00,155.2,155.2,154.0,154.5,1128.431
2022-09-12 15:00:00,154.5,155.1,154.2,155.0,218.707
2022-09-12 15:30:00,154.9,155.1,154.3,154.8,314.868
2022-09-12 16:00:00,154.8,155.3,154.4,155.1,287.033
2022-09-12 16:30:00,155.2,156.4,155.1,155.9,649.096
2022-09-12 17:00:00,155.8,156.7,155.5,156.2,397.802
2022-09-12 17:30:00,156.3,156.6,155.8,156.1,55.939
2022-09-12 18:00:00,156.0,156.0,155.0,155.1,558.86
2022-09-12 18:30:00,155.2,156.5,155.2,156.1,283.551
2022-09-12 19:00:00,156.2,156.8,155.8,156.1,341.353
2022-09-12 19:30:00,156.2,156.2,155.7,155.9,39.664
2022-09-12 20:00:00,156.0,156.8,156.0,156.2,97.594
2022-09-12 20:30:00,156.3,157.0,156.3,156.6,226.871
2022-09-12 21:00:00,156.6,157.9,156.6,157.0,528.341
2022-09-12 21:30:00,157.1,157.1,156.2,156.8,412.54
2022-09-12 22:00:00,156.7,157.2,156.3,156.6,53.661
2022-09-12 22:30:00,156.5,157.4,156.4,156.6,55.655
2022-09-12 23:00:00,156.6,157.5,156.4,156.4,116.904
2022-09-12 23:30:00,156.4,156.8,156.2,156.4,94.935
2022-09-13 00:00:00,156.4,156.5,154.7,154.8,1049.511
2022-09-13 00:30:00,154.9,155.4,152.5,154.6,1892.809
2022-09-13 01:00:00,154.7,155.0,153.9,154.2,334.152
2022-09-13 01:30:00,154.1,155.0,153.8,154.5,160.124
2022-09-13 02:00:00,154.5,154.9,154.0,154.8,175.644
2022-09-13 02:30:00,154.9,156.0,154.9,155.8,529.964
2022-09-13 03:00:00,155.7,155.8,155.2,155.5,206.946
2022-09-13 03:30:00,155.6,156.7,155.6,156.6,434.151
2022-09-13 04:00:00,156.5,157.3,156.1,157.0,545.674
2022-09-13 04:30:00,157.0,157.0,156.3,156.5,339.109
2022-09-13 05:00:00,156.5,157.2,156.3,157.1,112.474
2022-09-13 05:30:00,157.1,159.0,156.7,157.5,5750.822
2022-09-13 06:00:00,157.5,158.1,157.3,157.4,194.621
2022-09-13 06:30:00,157.5,158.0,156.8,157.3,393.815
2022-09-13 07:00:00,157.2,157.8,156.6,156.8,537.938
2022-09-13 07:30:00,156.8,157.6,156.3,156.9,575.411
2022-09-13 08:00:00,157.0,157.0,156.4,156.9,163.817
2022-09-13 08:30:00,156.9,156.9,156.4,156.4,399.002
2022-09-13 09:00:00,156.4,157.7,156.4,157.2,567.534
2022-09-13 09:30:00,157.3,157.4,156.5,156.9,198.392
2022-09-13 10:00:00,157.0,157.9,157.0,157.3,445.869
2022-09-13 10:30:00,157.2,158.1,157.1,157.9,178.814
2022-09-13 11:00:00,158.0,158.9,157.8,158.3,734.204
2022-09-13 11:30:00,158.3,163.0,157.6,161.2,7898.626
2022-09-13 12:00:00,161.4,165.5,160.7,163.1,7166.055
2022-09-13 12:30:00,163.3,164.2,159.0,161.0,5607.108
2022-09-13 13:00:00,160.9,162.0,159.7,160.5,1931.734
2022-09-13 13:30:00,160.3,161.6,159.4,159.7,932.661
2022-09-13 14:00:00,159.9,161.7,159.6,161.5,1027.859
2022-09-13 14:30:00,161.6,164.1,159.9,160.9,2369.816
2022-09-13 15:00:00,160.9,161.0,159.7,160.2,789.328
2022-09-13 15:30:00,160.3,161.8,159.7,161.0,882.069
2022-09-13 16:00:00,160.9,161.6,160.4,160.8,683.121
2022-09-13 16:30:00,160.8,162.4,160.8,161.2,774.472
2022-09-13 17:00:00,161.2,162.5,161.0,162.2,587.043
2022-09-13 17:30:00,162.2,162.4,161.5,161.8,222.094
2022-09-13 18:00:00,162.0,162.9,161.4,161.9,1042.971
2022-09-13 18:30:00,161.9,162.3,161.2,161.9,444.843
2022-09-13 19:00:00,161.8,161.9,159.5,160.5,1663.818
2022-09-13 19:30:00,160.8,161.6,160.0,161.5,302.228
2022-09-13 20:00:00,161.4,161.8,160.6,161.0,298.442
2022-09-13 20:30:00,160.8,161.6,160.6,160.6,322.699
2022-09-13 21:00:00,160.6,162.3,160.5,161.8,331.809
2022-09-13 21:30:00,161.6,162.0,160.7,161.5,421.015
2022-09-13 22:00:00,161.5,161.7,160.0,161.2,1327.326
2022-09-13 22:30:00,161.0,161.8,160.3,160.5,184.19
2022-09-13 23:00:00,160.5,160.9,159.7,159.9,204.282
2022-09-13 23:30:00,159.9,163.0,159.5,159.5,585.267
2022-09-14 00:00:00,160.0,160.1,158.0,158.9,1221.401
2022-09-14 00:30:00,158.8,159.0,157.2,158.2,919.917
2022-09-14 01:00:00,158.1,158.1,157.0,157.5,452.467
2022-09-14 01:30:00,157.5,157.6,156.6,157.5,622.364
2022-09-14 02:00:00,157.4,157.8,156.8,157.4,328.253
2022-09-14 02:30:00,157.4,159.0,157.4,158.7,414.271
2022-09-14 03:00:00,158.7,158.9,158.2,158.3,136.999
2022-09-14 03:30:00,158.3,158.4,157.8,158.3,105.111
2022-09-14 04:00:00,158.4,159.8,158.4,159.7,580.119
2022-09-14 04:30:00,159.7,162.0,159.3,159.9,600.818
2022-09-14 05:00:00,159.8,160.0,159.1,159.4,259.83
2022-09-14 05:30:00,159.5,160.5,159.4,159.5,267.188
2022-09-14 06:00:00,159.7,159.9,158.2,158.5,700.005
2022-09-14 06:30:00,158.6,158.7,157.3,157.8,684.92
2022-09-14 07:00:00,158.0,158.6,157.6,158.5,321.927
2022-09-14 07:30:00,158.6,158.8,156.3,156.9,1471.612
2022-09-14 08:00:00,157.0,157.7,153.5,156.3,1588.509
2022-09-14 08:30:00,156.3,160.9,156.2,157.2,1087.123
2022-09-14 09:00:00,157.1,158.2,157.0,158.1,393.972
2022-09-14 09:30:00,158.1,158.1,157.2,157.2,401.744
2022-09-14 10:00:00,157.2,157.5,156.8,157.5,234.315
2022-09-14 10:30:00,157.5,158.8,157.3,158.7,526.135
2022-09-14 11:00:00,158.8,161.1,158.1,159.1,1054.544
2022-09-14 11:30:00,159.2,161.6,159.0,159.9,1872.176
2022-09-14 12:00:00,159.9,160.4,159.1,159.5,251.225
2022-09-14 12:30:00,159.4,161.4,159.3,161.3,725.833
2022-09-14 13:00:00,161.3,162.1,160.8,161.1,505.85
2022-09-14 13:30:00,161.1,161.4,160.5,161.2,188.652
2022-09-14 14:00:00,161.2,161.4,160.3,160.6,188.014
2022-09-14 14:30:00,160.4,161.6,160.2,161.5,212.989
2022-09-14 15:00:00,161.4,161.8,159.8,160.1,734.369
2022-09-14 15:30:00,160.1,160.3,159.4,159.5,111.526
2022-09-14 16:00:00,159.5,160.6,159.5,159.6,103.918
2022-09-14 16:30:00,159.9,160.7,159.9,160.3,118.354
2022-09-14 17:00:00,160.3,161.1,159.5,159.8,754.368
2022-09-14 17:30:00,159.8,159.8,159.2,159.3,296.207
2022-09-14 18:00:00,159.3,159.3,156.4,158.0,1162.267
2022-09-14 18:30:00,158.0,158.4,157.7,158.1,333.329
2022-09-14 19:00:00,157.9,159.2,157.6,159.0,249.175
2022-09-14 19:30:00,159.1,159.5,158.9,159.3,202.042
2022-09-14 20:00:00,159.2,159.4,158.5,158.7,140.174
2022-09-14 20:30:00,158.6,158.6,157.9,158.3,237.246
2022-09-14 21:00:00,158.1,159.0,157.9,158.7,137.549
2022-09-14 21:30:00,158.8,159.1,158.4,158.8,113.511
2022-09-14 22:00:00,158.7,159.5,158.5,159.3,1279.859
2022-09-14 22:30:00,159.5,160.4,159.4,159.9,1498.98
2022-09-14 23:00:00,159.9,160.2,159.3,159.8,87.069
2022-09-14 23:30:00,159.8,160.2,159.5,159.8,120.414
2022-09-15 00:00:00,159.8,160.2,158.7,158.7,451.776
2022-09-15 00:30:00,158.7,160.4,158.3,159.6,513.354
2022-09-15 01:00:00,159.7,160.0,159.1,159.7,194.049
2022-09-15 01:30:00,159.7,159.8,159.0,159.7,82.661
2022-09-15 02:00:00,159.6,159.8,156.6,157.9,833.213
2022-09-15 02:30:00,157.8,158.3,157.4,158.0,157.006
2022-09-15 03:00:00,158.1,158.4,156.9,158.4,359.613
2022-09-15 03:30:00,158.5,158.9,157.2,158.0,274.388
2022-09-15 04:00:00,157.8,157.8,156.7,157.3,531.964
2022-09-15 04:30:00,157.2,158.1,157.2,157.7,417.129
2022-09-15 05:00:00,157.6,160.4,157.3,159.3,695.46
2022-09-15 05:30:00,159.4,162.6,159.4,161.2,1943.68
2022-09-15 06:00:00,161.2,161.6,159.3,160.5,1095.023
2022-09-15 06:30:00,160.5,161.2,159.9,160.3,1038.697
2022-09-15 07:00:00,160.5,161.3,160.5,160.6,420.979
2022-09-15 07:30:00,160.7,161.4,160.6,161.1,176.716
2022-09-15 08:00:00,161.1,162.5,160.7,161.8,4130.23
2022-09-15 08:30:00,162.0,162.2,160.1,160.4,476.615
2022-09-15 09:00:00,160.4,160.6,159.9,160.0,223.155
2022-09-15 09:30:00,160.0,161.2,159.9,161.1,284.61
2022-09-15 10:00:00,161.2,161.6,160.7,161.6,178.718
2022-09-15 10:30:00,161.6,162.2,160.5,161.7,1030.107
2022-09-15 11:00:00,161.7,161.9,160.8,161.3,337.066
2022-09-15 11:30:00,161.3,161.9,161.0,161.6,357.831
2022-09-15 12:00:00,161.6,161.9,161.3,161.3,128.787
2022-09-15 12:30:00,161.4,161.8,160.8,161.1,219.018
2022-09-15 13:00:00,161.1,161.4,160.9,161.4,82.53
2022-09-15 13:30:00,161.4,162.9,161.4,161.9,855.509
2022-09-15 14:00:00,161.8,162.3,161.2,161.5,320.999
2022-09-15 14:30:00,161.4,162.8,161.2,162.7,495.907
2022-09-15 15:00:00,162.4,162.5,160.2,161.6,1609.116
2022-09-15 15:30:00,161.2,161.5,159.9,160.9,969.728
2022-09-15 16:00:00,160.8,161.2,160.4,160.7,117.568
2022-09-15 16:30:00,160.6,161.5,160.5,161.5,446.452
2022-09-15 17:00:00,161.5,161.9,161.1,161.4,252.801
2022-09-15 17:30:00,161.0,161.1,159.0,160.5,1732.192
2022-09-15 18:00:00,160.5,160.6,160.0,160.6,295.439
2022-09-15 18:30:00,160.5,160.7,160.1,160.6,51.636
2022-09-15 19:00:00,160.7,161.3,160.7,161.1,269.756
2022-09-15 19:30:00,161.3,161.7,161.2,161.3,247.183
2022-09-15 20:00:00,161.3,161.5,160.8,161.2,56.099
2022-09-15 20:30:00,161.2,161.2,160.7,161.1,67.687
2022-09-15 21:00:00,161.0,161.3,160.9,161.1,33.963
2022-09-15 21:30:00,161.5,162.4,161.4,162.4,437.558
2022-09-15 22:00:00,162.2,162.7,161.4,162.0,604.021
2022-09-15 22:30:00,162.2,162.3,161.5,162.3,33.687
2022-09-15 23:00:00,162.0,162.2,161.2,161.4,150.593
2022-09-15 23:30:00,161.6,161.6,161.1,161.5,24.758
2022-09-16 00:00:00,161.5,161.5,159.5,160.2,663.929
2022-09-16 00:30:00,160.1,160.6,159.2,160.5,405.848
2022-09-16 01:00:00,160.4,160.6,159.6,160.1,64.113
2022-09-16 01:30:00,159.9,161.3,159.9,160.8,348.111
2022-09-16 02:00:00,160.8,161.2,159.8,160.6,214.804
2022-09-16 02:30:00,160.9,161.1,160.3,161.1,60.533
2022-09-16 03:00:00,161.2,161.7,161.0,161.1,145.07
2022-09-16 03:30:00,161.0,161.0,160.2,160.4,138.508
2022-09-16 04:00:00,160.4,160.5,160.2,160.2,60.446
2022-09-16 04:30:00,160.2,160.2,159.7,160.0,171.322
2022-09-16 05:00:00,160.0,160.0,159.3,159.9,167.273
2022-09-16 05:30:00,159.9,160.0,159.1,159.1,136.967
2022-09-16 06:00:00,159.2,159.4,158.3,158.3,422.857
2022-09-16 06:30:00,158.3,159.2,157.4,158.5,621.559
2022-09-16 07:00:00,158.5,159.1,158.5,159.1,102.88
2022-09-16 07:30:00,159.1,159.9,159.1,159.4,248.903
2022-09-16 08:00:00,159.4,159.9,159.3,159.4,249.592
2022-09-16 08:30:00,159.6,160.0,159.3,159.3,71.156
2022-09-16 09:00:00,159.5,163.4,159.5,160.3,1285.161
2022-09-16 09:30:00,160.3,160.9,160.3,160.3,75.184
2022-09-16 10:00:00,160.4,160.9,160.2,160.3,260.033
2022-09-16 10:30:00,160.4,162.3,160.4,161.2,719.014
2022-09-16 11:00:00,161.2,162.1,160.7,160.8,1523.059
2022-09-16 11:30:00,160.9,161.4,160.4,161.2,204.435
2022-09-16 12:00:00,161.3,161.8,161.2,161.6,457.058
2022-09-16 12:30:00,161.7,161.9,161.1,161.3,241.2
2022-09-16 13:00:00,161.3,161.5,161.2,161.4,42.699
2022-09-16 13:30:00,161.4,161.5,160.4,160.6,588.869
2022-09-16 14:00:00,160.7,175.0,159.4,163.5,9145.995
2022-09-16 14:30:00,163.5,163.5,159.8,160.7,5139.832
2022-09-16 15:00:00,160.7,161.9,160.4,161.6,721.897
2022-09-16 15:30:00,161.6,162.0,160.3,160.6,683.033
2022-09-16 16:00:00,160.4,160.4,157.7,158.6,2066.726
2022-09-16 16:30:00,158.6,159.1,155.6,156.6,3368.645
2022-09-16 17:00:00,156.6,157.1,154.0,156.6,3295.699
2022-09-16 17:30:00,156.7,157.2,155.3,155.3,1181.397
2022-09-16 18:00:00,155.3,156.9,155.1,156.6,797.564
2022-09-16 18:30:00,156.6,156.6,155.3,155.5,448.88
2022-09-16 19:00:00,155.6,155.7,154.4,154.5,686.868
2022-09-16 19:30:00,154.5,154.8,153.5,153.6,975.571
2022-09-16 20:00:00,153.6,153.6,151.3,152.6,3548.766
2022-09-16 20:30:00,152.6,152.9,151.7,152.4,511.166
2022-09-16 21:00:00,152.4,152.4,151.6,152.1,497.064
2022-09-16 21:30:00,152.1,152.2,151.1,151.2,1181.201
2022-09-16 22:00:00,151.2,151.3,150.2,150.4,640.445
2022-09-16 22:30:00,150.4,150.4,145.2,145.2,5593.51
2022-09-16 23:00:00,145.3,149.3,145.0,148.1,9737.507
2022-09-16 23:30:00,148.1,148.1,147.0,147.6,2764.63
2022-09-17 00:00:00,147.5,147.7,147.0,147.7,2554.598
2022-09-17 00:30:00,147.7,149.0,147.0,147.0,1977.0
2022-09-17 01:00:00,147.0,147.7,147.0,147.6,224.611
2022-09-17 01:30:00,147.7,148.4,147.2,147.8,621.449
2022-09-17 02:00:00,147.8,147.8,146.5,146.5,1777.145
2022-09-17 02:30:00,146.5,147.3,146.0,146.1,1563.747
2022-09-17 03:00:00,146.1,147.6,145.2,145.3,4400.072
2022-09-17 03:30:00,145.4,146.1,144.1,144.2,5063.346
2022-09-17 04:00:00,144.2,145.1,144.0,144.1,436.283
2022-09-17 04:30:00,144.2,144.6,143.7,143.8,964.346
2022-09-17 05:00:00,143.9,144.2,143.6,144.1,263.194
2022-09-17 05:30:00,144.1,144.5,143.6,144.2,458.181
2022-09-17 06:00:00,144.2,144.4,143.5,143.5,1038.871
2022-09-17 06:30:00,143.7,143.7,143.5,143.5,722.548
2022-09-17 07:00:00,143.5,144.3,143.1,143.7,1684.553
2022-09-17 07:30:00,143.7,143.7,142.7,143.1,531.404
2022-09-17 08:00:00,143.1,143.1,142.1,142.7,791.039
2022-09-17 08:30:00,142.7,142.9,141.7,141.7,508.136
2022-09-17 09:00:00,141.8,142.2,141.1,141.5,1193.058
2022-09-17 09:30:00,141.6,141.6,140.4,141.2,1048.696
2022-09-17 10:00:00,141.2,142.5,141.1,141.2,1421.856
2022-09-17 10:30:00,141.2,141.6,140.6,140.8,382.665
2022-09-17 11:00:00,140.7,141.6,140.5,141.3,1595.329
2022-09-17 11:30:00,141.3,141.5,141.0,141.4,509.483
2022-09-17 12:00:00,141.4,142.9,141.1,142.3,2546.643
2022-09-17 12:30:00,142.3,143.7,142.0,142.0,1318.351
2022-09-17 13:00:00,142.0,142.0,141.0,141.3,1048.113
2022-09-17 13:30:00,141.2,141.5,141.0,141.0,607.818
2022-09-17 14:00:00,141.0,141.6,140.5,141.1,1354.464
2022-09-17 14:30:00,141.1,141.6,140.6,140.7,1629.063
2022-09-17 15:00:00,140.7,141.2,140.5,141.0,218.701
2022-09-17 15:30:00,141.0,141.4,141.0,141.1,1119.08
2022-09-17 16:00:00,141.0,142.3,140.8,141.1,941.387
2022-09-17 16:30:00,141.1,141.2,140.1,140.2,1301.661
2022-09-17 17:00:00,140.2,140.8,140.1,140.2,556.495
2022-09-17 17:30:00,140.1,141.8,140.0,140.7,2685.755
2022-09-17 18:00:00,140.7,140.7,140.0,140.4,603.769
2022-09-17 18:30:00,140.4,140.4,140.0,140.1,1323.685
2022-09-17 19:00:00,140.1,140.3,140.0,140.1,655.41
2022-09-17 19:30:00,140.0,140.4,140.0,140.3,1182.253
2022-09-17 20:00:00,140.2,140.8,140.0,140.3,598.117
2022-09-17 20:30:00,140.3,140.6,140.3,140.3,164.515
2022-09-17 21:00:00,140.4,140.6,140.3,140.3,116.046
2022-09-17 21:30:00,140.4,140.5,140.0,140.1,406.409
2022-09-17 22:00:00,140.1,140.4,138.0,139.2,3784.169
2022-09-17 22:30:00,139.2,139.6,139.0,139.1,80.678
2022-09-17 23:00:00,139.1,139.7,139.1,139.6,145.824
2022-09-17 23:30:00,139.6,140.1,139.6,139.9,282.541
2022-09-18 00:00:00,139.8,139.8,138.1,138.8,1249.065
2022-09-18 00:30:00,138.8,140.8,138.1,140.1,2947.466
2022-09-18 01:00:00,140.1,143.2,140.0,142.2,2880.899
2022-09-18 01:30:00,142.1,142.7,141.6,142.5,813.639
2022-09-18 02:00:00,142.4,143.0,142.0,142.9,561.012
2022-09-18 02:30:00,142.9,143.0,141.9,142.2,534.126
2022-09-18 03:00:00,142.3,142.9,141.8,142.6,2185.75
2022-09-18 03:30:00,142.6,142.6,141.5,142.2,1398.185
2022-09-18 04:00:00,142.2,142.4,141.0,141.8,1783.812
2022-09-18 04:30:00,142.0,144.5,142.0,143.4,1804.208
2022-09-18 05:00:00,143.5,143.9,142.5,143.4,451.321
2022-09-18 05:30:00,143.5,144.2,143.3,143.3,373.786
2022-09-18 06:00:00,143.4,144.7,142.7,144.3,3271.79
2022-09-18 06:30:00,144.2,144.4,143.1,143.3,2666.112
2022-09-18 07:00:00,143.4,143.9,143.2,143.4,161.125
2022-09-18 07:30:00,143.4,144.2,143.3,143.3,300.203
2022-09-18 08:00:00,143.3,144.5,143.3,144.1,311.92
2022-09-18 08:30:00,144.1,144.3,143.6,143.9,201.283
2022-09-18 09:00:00,143.9,144.2,143.6,144.2,142.56
2022-09-18 09:30:00,144.2,144.3,142.2,142.6,1235.736
2022-09-18 10:00:00,142.7,144.3,142.7,144.2,911.661
2022-09-18 10:30:00,144.1,144.2,143.6,144.0,141.921
2022-09-18 11:00:00,144.2,145.4,144.2,144.6,1020.39
2022-09-18 11:30:00,144.8,145.7,144.7,145.0,377.719
2022-09-18 12:00:00,145.0,145.8,144.5,144.5,448.785
2022-09-18 12:30:00,144.6,145.5,144.4,145.1,127.153
2022-09-18 13:00:00,145.1,145.5,144.5,144.7,231.689
2022-09-18 13:30:00,144.6,145.3,144.6,144.9,30.124
2022-09-18 14:00:00,144.9,145.3,143.4,144.7,873.704
2022-09-18 14:30:00,144.8,145.1,144.1,144.9,195.768
2022-09-18 15:00:00,144.8,146.5,144.7,146.0,1054.974
2022-09-18 15:30:00,145.9,146.4,144.7,145.0,789.187
2022-09-18 16:00:00,145.0,145.9,143.9,145.2,1579.442
2022-09-18 16:30:00,145.2,145.7,144.7,145.6,296.023
2022-09-18 17:00:00,145.5,146.3,144.9,146.1,477.162
2022-09-18 17:30:00,146.2,146.2,144.2,144.2,605.006
2022-09-18 18:00:00,144.3,145.4,144.3,145.3,520.804
2022-09-18 18:30:00,145.4,146.1,145.4,145.9,294.998
2022-09-18 19:00:00,145.9,147.1,145.3,146.7,1169.339
2022-09-18 19:30:00,146.6,147.3,146.2,146.2,436.163
2022-09-18 20:00:00,146.3,146.4,145.4,145.5,391.103
2022-09-18 20:30:00,145.5,146.2,145.3,146.0,232.114
2022-09-18 21:00:00,145.9,145.9,142.6,144.4,3514.06
2022-09-18 21:30:00,144.5,144.8,143.5,144.2,454.368
2022-09-18 22:00:00,144.3,145.6,144.3,144.5,713.583
2022-09-18 22:30:00,144.4,146.7,144.2,145.9,640.55
2022-09-18 23:00:00,146.0,148.6,145.5,146.2,2400.012
2022-09-18 23:30:00,146.1,146.5,144.9,145.2,693.909
2022-09-19 00:00:00,145.3,147.8,144.8,146.8,978.656
2022-09-19 00:30:00,146.7,148.5,146.1,146.6,1822.674
2022-09-19 01:00:00,146.5,147.7,146.0,146.5,6874.99
2022-09-19 01:30:00,146.6,147.5,146.0,147.3,1170.046
2022-09-19 02:00:00,147.3,147.9,145.8,146.7,1758.171
2022-09-19 02:30:00,146.5,147.2,144.4,145.7,2771.52
2022-09-19 03:00:00,145.7,146.3,145.0,146.1,1426.006
2022-09-19 03:30:00,146.1,146.6,145.2,146.0,1897.065
2022-09-19 04:00:00,146.0,147.3,145.8,146.9,1622.652
2022-09-19 04:30:00,146.8,146.9,145.4,145.9,1273.046
2022-09-19 05:00:00,145.9,146.7,145.4,146.6,407.466
2022-09-19 05:30:00,146.6,147.6,146.4,147.1,1055.672
2022-09-19 06:00:00,147.1,148.4,146.7,147.2,1401.502
2022-09-19 06:30:00,147.1,148.1,145.1,146.9,2168.423
2022-09-19 07:00:00,147.1,148.1,146.9,147.0,685.948
2022-09-19 07:30:00,147.1,147.8,146.9,147.3,172.701
2022-09-19 08:00:00,147.5,149.8,147.1,148.6,1604.098
2022-09-19 08:30:00,148.8,149.8,148.3,148.6,1734.492
2022-09-19 09:00:00,148.6,149.0,147.8,148.5,818.052
2022-09-19 09:30:00,148.5,150.0,147.1,149.7,2153.014
2022-09-19 10:00:00,149.6,155.5,149.0,151.8,6722.483
2022-09-19 10:30:00,151.9,154.0,151.7,153.9,1849.185
2022-09-19 11:00:00,154.0,155.2,153.0,154.3,1922.246
2022-09-19 11:30:00,154.5,155.7,153.3,154.9,2407.693
2022-09-19 12:00:00,155.0,156.7,153.5,154.2,4047.598
2022-09-19 12:30:00,154.2,155.4,154.0,155.1,877.996
2022-09-19 13:00:00,155.0,155.6,153.8,154.0,645.975
2022-09-19 13:30:00,154.0,159.0,153.9,157.4,3057.185
2022-09-19 14:00:00,157.4,157.7,155.9,156.6,969.426
2022-09-19 14:30:00,156.7,160.0,156.7,158.1,2687.897
2022-09-19 15:00:00,158.1,159.3,157.8,158.3,1742.217
2022-09-19 15:30:00,158.3,159.5,157.9,158.0,1639.839
2022-09-19 16:00:00,158.2,159.4,157.2,158.0,2392.935
2022-09-19 16:30:00,158.1,158.7,157.3,157.5,474.68
2022-09-19 17:00:00,157.5,158.5,157.5,157.9,273.328
2022-09-19 17:30:00,157.7,158.4,157.0,157.5,822.002
2022-09-19 18:00:00,157.7,158.6,157.7,157.8,418.531
2022-09-19 18:30:00,158.0,158.5,157.9,158.3,324.878
2022-09-19 19:00:00,158.3,158.5,157.8,158.3,373.304
2022-09-19 19:30:00,158.3,158.7,157.8,158.5,170.088
2022-09-19 20:00:00,158.5,158.6,157.5,158.1,444.516
2022-09-19 20:30:00,158.1,158.5,158.0,158.1,378.07
2022-09-19 21:00:00,158.1,158.6,158.0,158.5,239.318
2022-09-19 21:30:00,158.5,164.0,158.5,160.5,4100.59
2022-09-19 22:00:00,160.1,161.0,159.4,160.5,538.332
2022-09-19 22:30:00,160.5,161.3,160.0,160.4,576.411
2022-09-19 23:00:00,160.2,160.5,159.4,160.2,350.381
2022-09-19 23:30:00,160.1,160.6,159.8,160.4,327.132
2022-09-20 00:00:00,160.2,160.9,158.8,159.0,814.759
2022-09-20 00:30:00,159.2,159.9,158.5,158.6,1723.214
2022-09-20 01:00:00,158.7,159.4,157.7,157.8,864.142
2022-09-20 01:30:00,157.8,158.2,156.8,158.0,771.214
2022-09-20 02:00:00,157.9,158.0,156.8,157.4,409.303
2022-09-20 02:30:00,157.4,157.4,155.6,156.4,920.532
2022-09-20 03:00:00,156.4,156.7,155.4,155.6,452.486
2022-09-20 03:30:00,155.6,160.2,155.5,158.0,2327.972
2022-09-20 04:00:00,157.9,157.9,157.2,157.5,121.26
2022-09-20 04:30:00,157.5,159.9,157.4,158.6,479.832
2022-09-20 05:00:00,158.5,159.0,157.9,157.9,293.573
2022-09-20 05:30:00,158.0,158.2,157.3,157.4,278.867
2022-09-20 06:00:00,157.4,157.7,156.8,157.4,304.317
2022-09-20 06:30:00,157.3,158.6,157.3,157.9,435.304
2022-09-20 07:00:00,157.9,158.6,157.9,158.5,180.414
2022-09-20 07:30:00,158.3,158.5,157.6,158.4,108.263
2022-09-20 08:00:00,158.5,159.4,158.5,158.9,681.272
2022-09-20 08:30:00,159.0,159.3,158.3,159.1,405.267
2022-09-20 09:00:00,159.0,160.4,159.0,160.3,811.404
2022-09-20 09:30:00,160.2,160.4,159.5,159.9,190.738
2022-09-20 10:00:00,160.2,161.0,158.8,159.6,996.142
2022-09-20 10:30:00,159.5,159.8,157.8,158.7,745.502
2022-09-20 11:00:00,158.7,158.9,158.3,158.7,288.087
2022-09-20 11:30:00,158.8,159.0,157.7,158.1,253.217
2022-09-20 12:00:00,158.1,159.4,158.0,158.6,743.246
2022-09-20 12:30:00,158.6,159.4,158.6,159.1,63.444
2022-09-20 13:00:00,159.2,159.8,158.2,158.7,770.983
2022-09-20 13:30:00,158.6,159.7,158.4,159.0,456.922
2022-09-20 14:00:00,159.0,160.5,158.7,159.3,828.423
2022-09-20 14:30:00,159.1,160.1,158.6,159.6,1661.928
2022-09-20 15:00:00,159.6,159.8,158.8,159.3,751.402
2022-09-20 15:30:00,159.1,159.6,158.5,158.8,386.586
2022-09-20 16:00:00,158.8,161.6,158.0,158.5,2781.33
2022-09-20 16:30:00,158.4,158.5,157.3,157.5,495.679
2022-09-20 17:00:00,157.5,157.6,156.5,156.9,691.235
2022-09-20 17:30:00,157.0,160.2,156.5,158.1,1500.85
2022-09-20 18:00:00,158.1,160.5,158.1,159.6,1057.345
2022-09-20 18:30:00,159.5,160.1,158.7,159.3,982.915
2022-09-20 19:00:00,159.3,160.5,159.3,160.1,339.496
2022-09-20 19:30:00,160.0,161.0,159.6,160.7,781.417
2022-09-20 20:00:00,160.6,163.0,160.4,161.6,1473.488
2022-09-20 20:30:00,161.6,162.0,160.4,161.3,1158.545
2022-09-20 21:00:00,161.3,161.4,160.9,161.1,76.657
2022-09-20 21:30:00,161.0,162.1,160.7,161.1,513.275
2022-09-20 22:00:00,160.7,162.8,160.7,161.7,920.861
2022-09-20 22:30:00,161.7,162.7,161.1,161.2,605.932
2022-09-20 23:00:00,161.1,161.9,159.7,161.7,1045.475
2022-09-20 23:30:00,161.7,162.7,161.1,161.9,603.048
2022-09-21 00:00:00,162.0,162.0,160.7,160.7,467.231
2022-09-21 00:30:00,160.8,161.1,160.3,160.5,308.802
2022-09-21 01:00:00,160.4,160.4,159.7,159.9,227.792
2022-09-21 01:30:00,159.8,160.6,159.5,160.0,227.414
2022-09-21 02:00:00,160.0,160.5,159.7,160.0,115.238
2022-09-21 02:30:00,159.9,160.0,159.3,159.4,298.208
2022-09-21 03:00:00,159.4,159.4,159.1,159.3,111.736
2022-09-21 03:30:00,159.3,159.6,158.9,159.1,115.044
2022-09-21 04:00:00,159.2,159.4,158.6,158.7,154.644
2022-09-21 04:30:00,158.8,158.8,158.4,158.6,100.094
2022-09-21 05:00:00,158.7,158.7,158.0,158.3,311.309
2022-09-21 05:30:00,158.3,159.8,158.2,159.3,553.637
2022-09-21 06:00:00,159.0,159.5,156.5,157.4,2962.544
2022-09-21 06:30:00,157.3,159.2,157.2,158.2,949.063
2022-09-21 07:00:00,158.5,158.7,157.7,158.2,288.68
2022-09-21 07:30:00,158.2,159.1,157.9,158.7,202.843
2022-09-21 08:00:00,158.9,160.9,158.9,159.8,1231.609
2022-09-21 08:30:00,159.7,160.0,159.3,159.7,224.228
2022-09-21 09:00:00,159.8,160.0,159.3,159.7,168.806
2022-09-21 09:30:00,159.7,160.9,159.3,160.4,337.048
2022-09-21 10:00:00,160.6,160.9,159.5,160.0,388.017
2022-09-21 10:30:00,159.9,159.9,159.4,159.6,71.607
2022-09-21 11:00:00,159.6,159.7,159.2,159.6,119.063
2022-09-21 11:30:00,159.4,159.9,159.3,159.6,98.032
2022-09-21 12:00:00,159.6,159.8,159.3,159.4,121.383
2022-09-21 12:30:00,159.4,159.7,158.8,158.9,162.345
2022-09-21 13:00:00,158.8,159.3,158.1,158.9,509.075
2022-09-21 13:30:00,159.0,159.6,158.7,159.1,643.18
2022-09-21 14:00:00,159.0,159.4,158.6,159.2,128.242
2022-09-21 14:30:00,159.2,159.2,157.6,157.9,381.053
2022-09-21 15:00:00,157.9,159.0,157.3,158.7,660.055
2022-09-21 15:30:00,158.8,159.0,158.1,158.6,169.79
2022-09-21 16:00:00,158.8,160.3,158.7,159.0,613.757
2022-09-21 16:30:00,159.0,159.5,158.4,158.5,219.83
2022-09-21 17:00:00,158.5,159.2,158.0,159.2,220.845
2022-09-21 17:30:00,159.3,160.0,158.8,159.3,469.91
2022-09-21 18:00:00,159.4,161.8,158.8,160.7,3233.991
2022-09-21 18:30:00,160.7,164.7,160.4,161.1,3993.17
2022-09-21 19:00:00,161.0,161.1,159.9,160.1,640.823
2022-09-21 19:30:00,160.0,160.2,159.1,159.2,592.488
2022-09-21 20:00:00,159.2,161.1,159.1,161.1,1082.476
2022-09-21 20:30:00,161.1,161.6,160.3,161.5,667.836
2022-09-21 21:00:00,161.5,162.0,160.4,161.7,783.575
2022-09-21 21:30:00,161.8,162.3,160.9,160.9,666.664
2022-09-21 22:00:00,160.9,161.6,160.2,161.1,565.664
2022-09-21 22:30:00,161.2,161.2,160.2,160.8,321.543
2022-09-21 23:00:00,160.7,161.7,160.4,161.5,388.6
2022-09-21 23:30:00,161.5,162.2,160.9,161.0,448.611
2022-09-22 00:00:00,160.9,161.5,157.2,160.1,3805.667
2022-09-22 00:30:00,160.1,160.1,158.6,158.8,822.921
2022-09-22 01:00:00,158.8,160.8,158.5,160.7,925.847
2022-09-22 01:30:00,160.7,161.4,160.1,160.2,401.835
2022-09-22 02:00:00,160.3,160.3,158.2,158.5,3748.4
2022-09-22 02:30:00,158.5,159.1,157.7,159.0,2008.911
2022-09-22 03:00:00,159.1,159.2,157.1,157.5,1190.713
2022-09-22 03:30:00,157.5,157.5,153.9,154.8,3256.419
2022-09-22 04:00:00,154.7,154.7,153.3,153.9,2093.235
2022-09-22 04:30:00,153.7,153.7,152.6,153.2,599.45
2022-09-22 05:00:00,153.0,153.1,150.8,151.0,1778.778
2022-09-22 05:30:00,150.9,151.8,150.1,150.3,845.224
2022-09-22 06:00:00,150.3,151.0,148.2,150.6,4315.707
2022-09-22 06:30:00,150.8,152.0,150.0,150.0,2660.622
2022-09-22 07:00:00,150.0,150.0,149.0,149.9,4140.751
2022-09-22 07:30:00,149.8,150.9,148.7,150.1,4349.971
2022-09-22 08:00:00,150.0,150.3,148.8,149.8,3428.872
2022-09-22 08:30:00,149.8,150.5,149.5,149.7,727.301
2022-09-22 09:00:00,149.6,149.7,148.6,148.9,953.067
2022-09-22 09:30:00,148.9,149.2,148.4,148.8,438.041
2022-09-22 10:00:00,148.8,148.8,147.2,148.6,1284.094
2022-09-22 10:30:00,148.7,149.5,148.3,148.6,462.831
2022-09-22 11:00:00,148.6,148.7,147.6,147.9,459.004
2022-09-22 11:30:00,147.9,149.3,147.9,148.1,499.985
2022-09-22 12:00:00,148.2,148.8,147.9,148.7,247.107
2022-09-22 12:30:00,148.7,148.7,147.8,148.2,243.672
2022-09-22 13:00:00,148.1,152.8,147.9,152.2,7175.351
2022-09-22 13:30:00,152.2,156.5,152.1,156.2,9512.891
2022-09-22 14:00:00,156.1,157.6,153.1,156.8,5323.677
2022-09-22 14:30:00,156.8,157.5,156.5,156.9,1338.237
2022-09-22 15:00:00,157.0,158.8,156.1,157.9,1692.725
2022-09-22 15:30:00,157.8,159.3,157.7,159.0,992.982
2022-09-22 16:00:00,159.0,160.1,158.3,159.6,1255.975
2022-09-22 16:30:00,159.6,161.3,159.6,160.7,833.203
2022-09-22 17:00:00,160.6,161.9,160.1,161.6,1628.045
2022-09-22 17:30:00,161.7,162.0,160.6,160.9,572.662
2022-09-22 18:00:00,161.0,161.9,159.8,161.0,1058.728
2022-09-22 18:30:00,160.9,161.0,159.7,159.7,707.8
2022-09-22 19:00:00,159.8,161.0,159.7,160.5,355.631
2022-09-22 19:30:00,160.6,161.5,160.4,160.5,399.283
2022-09-22 20:00:00,160.5,162.2,160.3,160.3,690.314
2022-09-22 20:30:00,160.3,160.8,159.1,159.2,693.455
2022-09-22 21:00:00,159.1,160.2,158.7,158.8,213.349
2022-09-22 21:30:00,158.7,159.2,157.7,157.9,557.08
2022-09-22 22:00:00,157.9,159.3,157.6,157.6,926.108
2022-09-22 22:30:00,157.5,157.8,155.7,156.0,1137.088
2022-09-22 23:00:00,156.2,157.6,155.8,156.5,814.333
2022-09-22 23:30:00,156.5,156.5,155.3,156.1,541.762
2022-09-23 00:00:00,156.0,159.8,156.0,157.2,3180.098
2022-09-23 00:30:00,157.3,157.6,156.5,156.9,383.77
2022-09-23 01:00:00,156.9,157.7,156.8,157.5,142.872
2022-09-23 01:30:00,157.3,157.8,157.0,157.7,165.537
2022-09-23 02:00:00,157.8,157.9,157.2,157.4,212.377
2022-09-23 02:30:00,157.5,159.0,157.5,157.9,933.95
2022-09-23 03:00:00,157.9,159.5,157.9,159.4,413.628
2022-09-23 03:30:00,159.3,159.3,158.5,158.5,195.326
2022-09-23 04:00:00,158.6,159.7,158.6,159.4,205.946
2022-09-23 04:30:00,159.4,159.6,158.6,158.6,102.168
2022-09-23 05:00:00,158.7,158.8,158.2,158.7,332.793
2022-09-23 05:30:00,158.7,159.4,158.7,158.9,533.69
2022-09-23 06:00:00,158.8,158.9,158.4,158.4,98.413
2022-09-23 06:30:00,158.4,158.6,158.0,158.1,634.31
2022-09-23 07:00:00,158.0,158.3,157.5,157.7,438.756
2022-09-23 07:30:00,157.7,158.3,157.5,157.8,88.192
2022-09-23 08:00:00,157.8,159.6,157.8,159.2,1493.072
2022-09-23 08:30:00,159.3,161.9,158.8,160.3,2741.471
2022-09-23 09:00:00,160.4,160.8,159.5,160.1,249.26
2022-09-23 09:30:00,160.0,160.2,158.2,160.1,1934.56
2022-09-23 10:00:00,160.2,160.8,159.4,160.3,665.445
2022-09-23 10:30:00,160.3,163.8,160.3,161.4,3006.479
2022-09-23 11:00:00,161.3,164.6,160.4,161.3,3560.077
2022-09-23 11:30:00,161.3,161.9,160.6,161.5,858.146
2022-09-23 12:00:00,161.4,163.0,161.2,161.7,1511.84
2022-09-23 12:30:00,161.4,161.7,160.1,161.6,902.191
2022-09-23 13:00:00,161.7,162.4,160.3,160.5,789.471
2022-09-23 13:30:00,160.7,160.9,157.6,158.7,1845.149
2022-09-23 14:00:00,158.7,159.6,158.1,159.6,464.155
2022-09-23 14:30:00,159.5,160.8,159.0,159.4,1212.701
2022-09-23 15:00:00,159.8,160.6,159.3,160.0,503.411
2022-09-23 15:30:00,160.0,160.4,159.6,160.3,180.023
2022-09-23 16:00:00,160.3,161.6,160.3,160.7,754.484
2022-09-23 16:30:00,160.6,161.8,160.1,160.8,1151.375
2022-09-23 17:00:00,160.8,161.1,160.2,160.6,398.393
2022-09-23 17:30:00,160.6,160.7,159.5,160.6,363.126
2022-09-23 18:00:00,160.5,161.2,159.8,160.0,736.1
2022-09-23 18:30:00,159.9,160.9,159.7,160.8,167.089
2022-09-23 19:00:00,160.7,161.5,160.6,161.3,353.023
2022-09-23 19:30:00,161.2,161.6,160.8,161.3,140.919
2022-09-23 20:00:00,161.3,161.7,160.3,160.7,1214.434
2022-09-23 20:30:00,160.6,161.3,159.3,159.7,1440.391
2022-09-23 21:00:00,159.7,159.9,159.3,159.4,92.464
2022-09-23 21:30:00,159.5,160.3,158.5,159.0,449.829
2022-09-23 22:00:00,159.2,159.3,158.3,158.8,222.493
2022-09-23 22:30:00,158.8,158.9,158.2,158.4,542.787
2022-09-23 23:00:00,158.4,159.0,158.3,159.0,87.546
2022-09-23 23:30:00,158.9,159.4,158.4,158.9,234.837
2022-09-24 00:00:00,158.9,159.8,158.8,159.1,408.394
2022-09-24 00:30:00,159.2,159.3,158.5,158.6,188.404
2022-09-24 01:00:00,158.5,159.3,158.5,159.1,72.668
2022-09-24 01:30:00,159.0,159.0,158.5,158.9,83.272
2022-09-24 02:00:00,158.9,159.1,158.7,159.1,63.709
2022-09-24 02:30:00,159.1,159.7,159.1,159.4,125.251
2022-09-24 03:00:00,159.4,159.6,158.8,159.4,216.96
2022-09-24 03:30:00,159.3,159.4,158.9,159.3,111.588
2022-09-24 04:00:00,159.3,159.6,159.3,159.3,33.208
2022-09-24 04:30:00,159.3,159.7,159.0,159.7,138.602
2022-09-24 05:00:00,159.7,160.1,158.9,158.9,1151.896
2022-09-24 05:30:00,158.9,159.1,158.6,158.7,499.045
2022-09-24 06:00:00,158.7,158.7,158.1,158.6,513.23
2022-09-24 06:30:00,158.6,158.6,158.3,158.5,53.824
2022-09-24 07:00:00,158.5,158.5,157.3,157.8,596.776
2022-09-24 07:30:00,157.9,158.6,157.8,158.0,339.606
2022-09-24 08:00:00,157.8,158.3,157.4,158.3,379.223
2022-09-24 08:30:00,158.2,159.1,158.2,159.0,223.615
2022-09-24 09:00:00,159.0,159.2,158.6,158.9,272.685
2022-09-24 09:30:00,158.9,158.9,158.2,158.9,457.771
2022-09-24 10:00:00,159.0,159.4,159.0,159.4,301.758
2022-09-24 10:30:00,159.4,159.5,158.9,159.4,357.919
2022-09-24 11:00:00,159.4,159.7,159.0,159.1,889.527
2022-09-24 11:30:00,159.1,159.4,158.8,159.0,325.315
2022-09-24 12:00:00,159.0,160.8,159.0,160.0,1101.28
2022-09-24 12:30:00,160.0,161.0,160.0,160.7,306.801
2022-09-24 13:00:00,160.9,161.5,160.4,160.9,413.107
2022-09-24 13:30:00,160.9,161.5,159.9,160.1,726.284
2022-09-24 14:00:00,160.1,160.5,159.4,159.7,264.166
2022-09-24 14:30:00,159.7,159.7,158.6,158.8,340.42
2022-09-24 15:00:00,158.8,159.1,158.6,158.7,64.025
2022-09-24 15:30:00,158.6,158.7,158.4,158.4,152.837
2022-09-24 16:00:00,158.4,158.9,157.6,157.8,520.356
2022-09-24 16:30:00,157.8,158.2,156.6,157.3,850.405
2022-09-24 17:00:00,157.2,158.2,156.7,156.9,459.208
2022-09-24 17:30:00,156.9,157.2,156.0,156.3,739.54
2022-09-24 18:00:00,156.3,156.3,154.5,154.9,980.31
2022-09-24 18:30:00,154.8,156.3,154.7,155.6,456.697
2022-09-24 19:00:00,155.7,155.7,153.3,154.0,1205.055
2022-09-24 19:30:00,154.0,154.7,153.3,154.3,557.49
2022-09-24 20:00:00,154.2,154.5,151.5,152.1,2592.838
2022-09-24 20:30:00,152.1,153.5,151.6,152.4,831.02
2022-09-24 21:00:00,152.5,153.1,152.1,152.4,782.776
2022-09-24 21:30:00,152.4,153.2,152.0,152.9,211.046
2022-09-24 22:00:00,152.8,153.0,152.1,152.9,365.988
2022-09-24 22:30:00,152.9,154.9,152.7,153.9,1615.416
2022-09-24 23:00:00,153.8,155.4,152.9,155.1,856.173
2022-09-24 23:30:00,155.1,155.3,153.7,153.7,336.8
2022-09-25 00:00:00,153.7,154.1,153.2,153.9,310.622
2022-09-25 00:30:00,154.2,154.9,154.2,154.6,252.861
2022-09-25 01:00:00,154.7,154.7,153.9,154.1,167.191
2022-09-25 01:30:00,154.2,155.5,154.2,155.4,218.161
2022-09-25 02:00:00,155.5,155.7,155.1,155.4,260.398
2022-09-25 02:30:00,155.6,156.6,155.5,156.4,394.981
2022-09-25 03:00:00,156.4,156.5,156.0,156.2,98.623
2022-09-25 03:30:00,156.3,156.5,156.1,156.5,116.224
2022-09-25 04:00:00,156.5,157.3,156.2,156.6,407.389
2022-09-25 04:30:00,156.6,157.2,156.6,156.9,309.487
2022-09-25 05:00:00,156.8,157.4,156.7,156.9,144.431
2022-09-25 05:30:00,156.6,157.3,155.9,156.5,319.457
2022-09-25 06:00:00,156.5,156.7,155.9,156.0,161.404
2022-09-25 06:30:00,155.9,156.2,155.4,155.9,245.529
2022-09-25 07:00:00,156.0,157.2,156.0,156.4,233.889
2022-09-25 07:30:00,156.3,156.3,155.7,155.9,129.258
2022-09-25 08:00:00,156.0,156.8,156.0,156.4,75.343
2022-09-25 08:30:00,156.5,157.0,156.5,156.7,140.197
2022-09-25 09:00:00,156.7,156.8,156.5,156.6,382.208
2022-09-25 09:30:00,156.8,157.0,156.3,156.7,66.247
2022-09-25 10:00:00,156.6,157.2,156.6,157.2,425.939
2022-09-25 10:30:00,157.2,158.3,156.9,157.3,782.263
2022-09-25 11:00:00,157.4,157.9,157.0,157.0,112.616
2022-09-25 11:30:00,156.9,157.9,156.9,157.5,218.539
2022-09-25 12:00:00,157.3,157.8,156.9,157.0,187.534
2022-09-25 12:30:00,156.9,157.2,156.7,156.7,243.692
2022-09-25 13:00:00,156.7,156.8,156.0,156.2,298.772
2022-09-25 13:30:00,156.2,157.1,156.0,156.8,284.712
2022-09-25 14:00:00,156.8,157.2,156.6,156.7,98.5
2022-09-25 14:30:00,156.7,157.5,156.6,157.3,229.513
2022-09-25 15:00:00,157.2,157.7,156.8,156.8,364.769
2022-09-25 15:30:00,156.9,157.3,156.6,157.0,91.338
2022-09-25 16:00:00,157.0,157.6,156.5,156.5,214.339
2022-09-25 16:30:00,156.5,156.8,155.7,155.7,249.967
2022-09-25 17:00:00,155.7,156.1,154.7,154.7,1271.486
2022-09-25 17:30:00,154.7,156.0,154.6,155.9,504.972
2022-09-25 18:00:00,155.8,155.8,154.9,155.1,108.834
2022-09-25 18:30:00,155.1,155.6,154.8,155.5,111.701
2022-09-25 19:00:00,155.5,156.0,155.4,155.9,90.821
2022-09-25 19:30:00,156.0,156.1,155.5,156.0,189.924
2022-09-25 20:00:00,156.2,157.4,155.7,157.1,705.385
2022-09-25 20:30:00,157.1,157.5,156.6,157.5,358.274
2022-09-25 21:00:00,157.4,157.4,156.4,156.9,325.805
2022-09-25 21:30:00,156.8,157.6,156.4,157.3,535.239
2022-09-25 22:00:00,157.0,157.7,156.1,157.5,446.086
2022-09-25 22:30:00,157.5,157.8,156.9,157.0,171.498
2022-09-25 23:00:00,157.1,158.1,156.9,157.8,230.66
2022-09-25 23:30:00,157.8,158.2,157.4,158.0,165.881
2022-09-26 00:00:00,158.0,159.1,156.7,157.3,906.312
2022-09-26 00:30:00,157.3,158.2,156.8,156.8,521.24
2022-09-26 01:00:00,156.8,157.4,156.1,156.2,327.455
2022-09-26 01:30:00,156.2,157.0,156.1,156.7,55.21
2022-09-26 02:00:00,156.9,156.9,156.1,156.4,49.851
2022-09-26 02:30:00,156.3,156.4,155.5,155.7,53.645
2022-09-26 03:00:00,155.7,157.1,155.7,156.8,200.117
2022-09-26 03:30:00,156.8,157.3,156.6,157.0,125.813
2022-09-26 04:00:00,157.0,157.6,156.8,157.5,207.317
2022-09-26 04:30:00,157.6,157.7,156.9,156.9,169.263
2022-09-26 05:00:00,156.9,157.1,156.1,156.6,557.13
2022-09-26 05:30:00,156.4,157.6,156.3,156.6,642.658
2022-09-26 06:00:00,156.6,156.6,154.9,156.5,1223.448
2022-09-26 06:30:00,156.4,156.4,155.6,155.7,228.541
2022-09-26 07:00:00,155.8,157.0,155.7,156.7,373.595
2022-09-26 07:30:00,156.7,158.0,156.7,157.7,248.12
2022-09-26 08:00:00,157.6,158.6,157.6,158.0,539.009
2022-09-26 08:30:00,157.9,158.8,157.9,158.6,338.359
2022-09-26 09:00:00,158.6,159.0,158.1,158.2,328.531
2022-09-26 09:30:00,158.3,158.7,157.8,157.8,104.557
2022-09-26 10:00:00,157.8,159.6,157.8,159.4,693.15
2022-09-26 10:30:00,159.4,159.5,158.8,159.4,205.03
2022-09-26 11:00:00,159.4,159.6,158.0,158.2,602.872
2022-09-26 11:30:00,158.0,159.4,158.0,158.9,98.917
2022-09-26 12:00:00,159.0,159.9,158.8,159.8,403.5
2022-09-26 12:30:00,159.9,160.0,158.6,159.0,401.016
2022-09-26 13:00:00,158.9,159.7,158.8,159.0,256.362
2022-09-26 13:30:00,159.0,159.5,158.4,158.6,828.517
2022-09-26 14:00:00,158.6,158.8,157.7,158.3,403.184
2022-09-26 14:30:00,158.3,158.3,157.5,157.8,198.554
2022-09-26 15:00:00,157.8,158.2,157.3,157.5,261.18
2022-09-26 15:30:00,157.6,157.8,157.2,157.7,78.329
2022-09-26 16:00:00,157.6,157.6,156.8,156.9,296.962
2022-09-26 16:30:00,156.9,157.9,156.8,157.7,219.674
2022-09-26 17:00:00,157.8,158.4,157.8,158.1,183.933
2022-09-26 17:30:00,158.2,159.1,158.2,158.4,313.835
2022-09-26 18:00:00,158.4,159.0,158.4,158.4,35.609
2022-09-26 18:30:00,158.4,158.7,158.2,158.3,127.321
2022-09-26 19:00:00,158.2,158.3,157.8,158.1,96.338
2022-09-26 19:30:00,158.1,158.9,157.9,158.7,72.709
2022-09-26 20:00:00,158.5,159.0,158.1,158.9,82.578
2022-09-26 20:30:00,158.9,159.3,158.6,159.1,243.658
2022-09-26 21:00:00,159.1,159.6,159.1,159.5,135.791
2022-09-26 21:30:00,159.5,160.1,159.0,159.8,312.169
2022-09-26 22:00:00,159.9,160.1,159.5,159.9,187.684
2022-09-26 22:30:00,159.9,159.9,158.9,159.2,257.353
2022-09-26 23:00:00,159.1,159.5,159.1,159.2,29.572
2022-09-26 23:30:00,159.2,159.3,158.7,158.8,73.611
2022-09-27 00:00:00,158.9,159.8,158.7,159.5,218.344
2022-09-27 00:30:00,159.4,159.8,159.1,159.2,84.723
2022-09-27 01:00:00,159.2,159.7,159.0,159.7,165.978
2022-09-27 01:30:00,159.6,160.3,159.6,159.8,1279.448
2022-09-27 02:00:00,159.8,160.1,159.6,160.0,207.917
2022-09-27 02:30:00,159.8,160.0,159.5,159.9,100.776
2022-09-27 03:00:00,159.9,159.9,159.5,159.9,69.134
2022-09-27 03:30:00,159.7,159.8,159.1,159.5,248.594
2022-09-27 04:00:00,159.4,159.4,158.5,158.9,411.151
2022-09-27 04:30:00,158.9,159.2,158.4,159.0,190.971
2022-09-27 05:00:00,158.9,159.2,158.2,158.5,240.084
2022-09-27 05:30:00,158.5,158.5,157.6,158.0,457.214
2022-09-27 06:00:00,158.0,158.0,157.5,158.0,123.177
2022-09-27 06:30:00,158.1,158.6,157.7,157.8,501.772
2022-09-27 07:00:00,157.9,157.9,157.4,157.4,178.348
2022-09-27 07:30:00,157.4,157.8,157.3,157.4,249.558
2022-09-27 08:00:00,157.4,157.5,156.5,156.7,512.607
2022-09-27 08:30:00,156.6,156.6,156.1,156.2,267.84
2022-09-27 09:00:00,156.2,156.9,155.8,156.1,293.517
2022-09-27 09:30:00,156.1,156.7,156.0,156.1,141.183
2022-09-27 10:00:00,156.0,156.1,155.5,155.6,260.341
2022-09-27 10:30:00,155.6,155.9,155.1,155.2,363.535
2022-09-27 11:00:00,155.3,155.3,154.3,154.8,736.619
2022-09-27 11:30:00,154.8,156.0,154.5,154.8,825.058
2022-09-27 12:00:00,154.7,154.7,154.0,154.2,566.369
2022-09-27 12:30:00,154.3,154.8,154.1,154.2,130.191
2022-09-27 13:00:00,154.1,154.5,153.8,154.2,405.878
2022-09-27 13:30:00,154.2,155.4,154.2,154.3,515.029
2022-09-27 14:00:00,154.3,154.5,154.0,154.0,600.66
2022-09-27 14:30:00,154.0,154.6,153.9,154.1,419.489
2022-09-27 15:00:00,154.1,154.3,153.3,153.4,557.381
2022-09-27 15:30:00,153.4,154.2,153.3,154.2,307.381
2022-09-27 16:00:00,154.1,154.1,153.1,153.5,459.858
2022-09-27 16:30:00,153.5,154.4,153.2,153.7,448.625
2022-09-27 17:00:00,153.7,153.8,153.1,153.1,157.804
2022-09-27 17:30:00,153.1,153.2,152.1,152.3,481.811
2022-09-27 18:00:00,152.2,153.0,151.7,152.7,579.689
2022-09-27 18:30:00,152.7,152.9,151.5,151.6,324.74
2022-09-27 19:00:00,151.7,151.8,151.2,151.4,288.251
2022-09-27 19:30:00,151.4,151.6,151.2,151.3,249.321
2022-09-27 20:00:00,151.3,152.7,151.2,152.4,390.489
2022-09-27 20:30:00,152.4,152.6,152.0,152.6,158.891
2022-09-27 21:00:00,152.6,152.6,151.6,151.8,149.719
2022-09-27 21:30:00,151.8,152.0,151.5,151.6,107.871
2022-09-27 22:00:00,151.7,151.9,151.1,151.1,561.844
2022-09-27 22:30:00,151.3,152.1,151.2,151.6,290.25
2022-09-27 23:00:00,151.7,151.9,151.0,151.0,563.69
2022-09-27 23:30:00,151.0,151.2,151.0,151.1,753.963
2022-09-28 00:00:00,151.2,151.2,150.1,150.2,1820.531
2022-09-28 00:30:00,150.1,151.0,149.6,150.8,437.666
2022-09-28 01:00:00,150.8,154.2,150.6,151.2,2397.783
2022-09-28 01:30:00,151.2,152.0,151.0,151.9,398.608
2022-09-28 02:00:00,151.9,153.1,151.4,152.6,1039.427
2022-09-28 02:30:00,152.5,153.9,151.8,153.6,564.401
2022-09-28 03:00:00,153.6,153.9,151.9,152.0,526.723
2022-09-28 03:30:00,152.0,152.7,151.4,151.6,275.482
2022-09-28 04:00:00,151.8,151.8,151.2,151.4,81.484
2022-09-28 04:30:00,151.4,152.4,151.3,152.4,154.997
2022-09-28 05:00:00,152.4,152.8,152.1,152.8,97.256
2022-09-28 05:30:00,152.9,153.4,152.9,153.0,234.259
2022-09-28 06:00:00,153.2,153.7,152.8,152.8,235.219
2022-09-28 06:30:00,152.7,153.5,152.4,153.4,201.968
2022-09-28 07:00:00,153.4,153.8,152.6,153.0,206.408
2022-09-28 07:30:00,153.3,153.9,153.3,153.8,147.656
2022-09-28 08:00:00,153.6,154.6,153.3,153.9,794.81
2022-09-28 08:30:00,153.9,154.8,153.9,154.3,559.473
2022-09-28 09:00:00,154.4,155.7,154.2,154.9,817.042
2022-09-28 09:30:00,154.9,155.4,154.2,154.5,214.434
2022-09-28 10:00:00,154.6,155.5,154.3,154.6,429.048
2022-09-28 10:30:00,154.5,154.6,153.8,153.9,281.007
2022-09-28 11:00:00,154.0,154.5,153.9,154.0,101.011
2022-09-28 11:30:00,154.0,154.3,153.6,154.1,93.313
2022-09-28 12:00:00,154.1,154.7,153.9,154.1,213.718
2022-09-28 12:30:00,154.0,154.4,153.5,154.4,104.127
2022-09-28 13:00:00,154.3,155.0,154.3,154.3,216.897
2022-09-28 13:30:00,154.1,154.9,153.7,154.7,174.986
2022-09-28 14:00:00,154.8,154.8,154.1,154.7,192.666
2022-09-28 14:30:00,154.9,154.9,154.2,154.6,190.183
2022-09-28 15:00:00,154.5,155.0,154.4,154.9,138.851
2022-09-28 15:30:00,154.8,155.2,154.5,155.1,140.162
2022-09-28 16:00:00,155.1,156.0,154.7,155.0,597.564
2022-09-28 16:30:00,155.0,155.4,155.0,155.2,35.685
2022-09-28 17:00:00,155.3,155.7,154.7,154.7,158.949
2022-09-28 17:30:00,154.7,155.8,154.5,155.6,391.438
2022-09-28 18:00:00,155.6,156.4,155.4,156.3,344.587
2022-09-28 18:30:00,156.2,156.3,155.2,155.3,210.172
2022-09-28 19:00:00,155.4,155.5,155.1,155.4,129.441
2022-09-28 19:30:00,155.4,155.8,155.4,155.7,21.423
2022-09-28 20:00:00,155.6,155.9,155.4,155.8,149.414
2022-09-28 20:30:00,155.8,155.8,155.4,155.5,46.352
2022-09-28 21:00:00,155.4,155.4,154.9,155.2,63.669
2022-09-28 21:30:00,155.2,155.3,154.8,155.1,38.554
2022-09-28 22:00:00,155.0,155.5,154.6,154.8,166.541
2022-09-28 22:30:00,154.8,155.0,154.5,155.0,68.604
2022-09-28 23:00:00,155.0,155.4,155.0,155.1,25.44
2022-09-28 23:30:00,155.0,155.3,154.8,155.2,69.332
2022-09-29 00:00:00,155.1,156.5,155.1,156.0,675.756
2022-09-29 00:30:00,156.0,156.3,155.7,156.3,146.604
2022-09-29 01:00:00,156.3,157.1,156.1,156.3,355.158
2022-09-29 01:30:00,156.2,157.0,156.2,156.9,111.91
2022-09-29 02:00:00,156.9,157.2,156.4,156.9,186.524
2022-09-29 02:30:00,157.0,157.4,156.8,157.2,141.707
2022-09-29 03:00:00,157.2,157.9,157.2,157.6,301.331
2022-09-29 03:30:00,157.5,157.8,157.0,157.4,159.431
2022-09-29 04:00:00,157.3,157.9,157.0,157.5,140.303
2022-09-29 04:30:00,157.5,157.9,157.4,157.7,106.909
2022-09-29 05:00:00,157.7,158.0,157.2,157.7,318.945
2022-09-29 05:30:00,157.7,157.8,157.0,157.3,163.444
2022-09-29 06:00:00,157.3,158.2,157.3,157.5,222.987
2022-09-29 06:30:00,157.5,158.5,157.5,158.5,263.953
2022-09-29 07:00:00,158.5,158.6,157.9,158.5,389.015
2022-09-29 07:30:00,158.5,159.0,158.4,158.5,225.448
2022-09-29 08:00:00,158.5,159.1,158.3,158.8,657.055
2022-09-29 08:30:00,158.7,159.0,158.5,158.7,119.94
2022-09-29 09:00:00,158.7,159.3,157.7,158.0,490.162
2022-09-29 09:30:00,158.1,159.0,158.1,158.3,298.245
2022-09-29 10:00:00,158.4,158.9,158.2,158.3,215.734
2022-09-29 10:30:00,158.2,158.3,157.8,157.8,93.751
2022-09-29 11:00:00,157.8,158.2,157.2,157.3,714.217
2022-09-29 11:30:00,157.4,157.9,157.2,157.5,69.51
2022-09-29 12:00:00,157.5,159.0,157.3,158.7,503.348
2022-09-29 12:30:00,158.7,160.0,158.0,158.5,1980.859
2022-09-29 13:00:00,158.4,159.3,158.3,158.7,717.12
2022-09-29 13:30:00,158.8,158.8,157.4,158.3,699.396
2022-09-29 14:00:00,158.3,158.3,157.0,157.9,537.74
2022-09-29 14:30:00,157.8,158.8,157.6,157.8,571.858
2022-09-29 15:00:00,157.7,157.9,156.9,156.9,547.882
2022-09-29 15:30:00,156.9,157.2,156.2,156.4,591.251
2022-09-29 16:00:00,156.3,159.4,156.0,157.4,1061.31
2022-09-29 16:30:00,157.5,157.8,157.1,157.6,111.197
2022-09-29 17:00:00,157.5,158.7,157.3,158.3,486.613
2022-09-29 17:30:00,158.2,158.4,157.7,157.8,244.472
2022-09-29 18:00:00,157.9,158.5,157.5,158.5,80.372
2022-09-29 18:30:00,158.5,158.7,158.1,158.2,139.813
2022-09-29 19:00:00,158.2,158.4,157.8,158.0,58.676
2022-09-29 19:30:00,158.0,158.4,157.8,158.2,92.872
2022-09-29 20:00:00,158.0,158.3,157.8,158.0,79.164
2022-09-29 20:30:00,157.8,157.9,157.6,157.6,246.993
2022-09-29 21:00:00,157.7,158.3,157.7,158.0,19.011
2022-09-29 21:30:00,157.8,157.9,157.5,157.8,46.329
2022-09-29 22:00:00,157.9,158.1,157.6,157.6,34.877
2022-09-29 22:30:00,157.5,158.1,157.3,158.0,136.335
2022-09-29 23:00:00,158.0,158.3,157.6,158.3,142.182
2022-09-29 23:30:00,158.3,158.5,158.1,158.4,165.049
2022-09-30 00:00:00,158.5,158.7,158.1,158.6,308.628
2022-09-30 00:30:00,158.5,159.6,158.5,158.9,475.362
2022-09-30 01:00:00,158.9,159.3,158.4,159.2,110.176
2022-09-30 01:30:00,159.2,159.2,158.2,158.3,169.472
2022-09-30 02:00:00,158.2,158.3,157.8,157.8,176.673
2022-09-30 02:30:00,157.8,158.5,157.5,158.5,80.603
2022-09-30 03:00:00,158.3,158.3,157.8,157.9,51.238
2022-09-30 03:30:00,157.8,158.0,157.5,157.7,39.699
2022-09-30 04:00:00,157.6,157.6,156.9,156.9,195.351
2022-09-30 04:30:00,157.1,157.5,156.7,157.4,47.956
2022-09-30 05:00:00,157.4,157.4,156.6,156.9,86.171
2022-09-30 05:30:00,157.0,157.0,156.6,156.8,26.01
2022-09-30 06:00:00,156.9,156.9,156.1,156.2,287.572
2022-09-30 06:30:00,156.2,156.4,155.6,155.7,465.41
2022-09-30 07:00:00,155.7,156.8,155.6,156.0,297.638
2022-09-30 07:30:00,156.0,156.3,155.6,155.6,190.489
2022-09-30 08:00:00,155.6,155.7,155.3,155.6,306.046
2022-09-30 08:30:00,155.7,155.9,155.0,155.6,288.671
2022-09-30 09:00:00,155.5,155.5,154.7,154.7,374.756
2022-09-30 09:30:00,154.8,155.3,154.7,155.3,82.311
2022-09-30 10:00:00,155.3,155.3,154.1,154.3,366.452
2022-09-30 10:30:00,154.3,155.0,154.1,154.4,62.474
2022-09-30 11:00:00,154.3,154.3,153.3,153.7,641.695
2022-09-30 11:30:00,153.7,154.6,153.4,154.5,196.329
2022-09-30 12:00:00,154.3,154.3,153.2,154.0,414.672
2022-09-30 12:30:00,153.9,154.1,153.2,153.9,570.958
2022-09-30 13:00:00,153.8,153.8,153.2,153.7,130.852
2022-09-30 13:30:00,153.6,153.8,153.1,153.8,118.43
2022-09-30 14:00:00,153.8,153.9,153.3,153.4,207.449
2022-09-30 14:30:00,153.4,154.9,153.3,154.7,918.325
2022-09-30 15:00:00,154.8,154.9,153.9,153.9,401.798
2022-09-30 15:30:00,154.0,154.0,153.1,153.5,451.866
2022-09-30 16:00:00,153.5,154.4,153.4,154.3,217.458
2022-09-30 16:30:00,154.4,155.0,154.4,154.6,290.028
2022-09-30 17:00:00,154.6,155.0,154.3,155.0,186.006
2022-09-30 17:30:00,155.1,155.2,154.4,154.8,179.349
2022-09-30 18:00:00,154.8,154.8,153.9,154.0,164.433
2022-09-30 18:30:00,154.1,154.4,154.0,154.1,52.61
2022-09-30 19:00:00,154.3,154.5,154.1,154.4,115.426
2022-09-30 19:30:00,154.4,154.6,153.7,153.8,291.625
2022-09-30 20:00:00,153.8,155.4,153.5,154.7,413.311
2022-09-30 20:30:00,154.6,154.6,153.9,154.0,64.978
2022-09-30 21:00:00,154.0,154.1,153.6,153.6,85.434
2022-09-30 21:30:00,153.8,154.7,153.8,154.7,112.761
2022-09-30 22:00:00,154.6,154.8,154.2,154.3,74.325
2022-09-30 22:30:00,154.2,154.5,154.0,154.3,38.085
2022-09-30 23:00:00,154.3,154.6,154.3,154.4,24.774
2022-09-30 23:30:00,154.5,154.6,154.3,154.6,27.264
2022-10-01 00:00:00,154.3,154.8,154.3,154.7,25.227
2022-10-01 00:30:00,154.6,155.2,154.3,154.6,1190.208
2022-10-01 01:00:00,154.6,155.0,154.4,154.8,75.685
2022-10-01 01:30:00,154.7,154.7,153.9,154.1,92.202
2022-10-01 02:00:00,154.4,154.4,154.2,154.4,12.114
2022-10-01 02:30:00,154.5,154.5,154.3,154.3,9.07
2022-10-01 03:00:00,154.6,155.0,154.5,154.5,52.429
2022-10-01 03:30:00,154.5,154.5,154.2,154.3,124.944
2022-10-01 04:00:00,154.5,154.5,154.1,154.2,17.291
2022-10-01 04:30:00,154.1,154.2,153.7,154.1,92.544
2022-10-01 05:00:00,154.0,154.1,153.8,153.9,15.059
2022-10-01 05:30:00,153.8,154.2,153.6,154.2,71.572
2022-10-01 06:00:00,154.2,154.2,153.6,153.9,51.8
2022-10-01 06:30:00,153.9,154.2,153.8,153.8,20.005
2022-10-01 07:00:00,153.9,154.2,153.7,154.2,133.784
2022-10-01 07:30:00,154.2,154.4,154.1,154.3,56.068
2022-10-01 08:00:00,154.2,154.6,154.2,154.4,33.955
2022-10-01 08:30:00,154.3,154.6,154.3,154.4,17.819
2022-10-01 09:00:00,154.4,156.0,154.4,155.2,524.287
2022-10-01 09:30:00,155.3,155.3,154.8,154.9,12.024
2022-10-01 10:00:00,154.7,154.7,154.5,154.5,21.353
2022-10-01 10:30:00,154.6,155.0,154.6,154.8,10.088
2022-10-01 11:00:00,154.7,155.0,154.6,154.7,70.606
2022-10-01 11:30:00,154.6,155.2,154.4,155.2,40.173
2022-10-01 12:00:00,155.2,155.6,155.0,155.3,152.278
2022-10-01 12:30:00,155.4,155.9,155.3,155.8,204.057
2022-10-01 13:00:00,155.8,155.9,155.5,155.7,54.53
2022-10-01 13:30:00,155.6,156.8,155.6,156.3,567.39
2022-10-01 14:00:00,156.3,156.3,155.4,155.5,91.738
2022-10-01 14:30:00,155.6,156.2,155.6,155.8,67.035
2022-10-01 15:00:00,155.6,155.7,155.0,155.0,178.306
2022-10-01 15:30:00,155.0,155.1,154.6,154.9,99.867
2022-10-01 16:00:00,154.8,154.8,154.0,154.0,190.515
2022-10-01 16:30:00,154.1,154.8,154.1,154.8,24.203
2022-10-01 17:00:00,154.6,155.8,154.6,155.3,224.916
2022-10-01 17:30:00,155.3,155.4,154.9,155.3,75.591
2022-10-01 18:00:00,155.3,155.8,154.7,155.5,154.714
2022-10-01 18:30:00,155.5,156.3,155.3,155.7,181.997
2022-10-01 19:00:00,155.6,156.3,155.3,156.1,93.119
2022-10-01 19:30:00,156.2,156.5,156.1,156.5,48.978
2022-10-01 20:00:00,156.5,156.6,156.1,156.2,104.513
2022-10-01 20:30:00,156.2,156.2,154.9,155.6,471.886
2022-10-01 21:00:00,155.8,156.1,155.5,155.5,41.73
2022-10-01 21:30:00,155.5,155.5,155.2,155.2,50.16
2022-10-01 22:00:00,155.4,155.6,155.3,155.3,37.92
2022-10-01 22:30:00,155.2,155.6,155.2,155.6,88.421
2022-10-01 23:00:00,155.6,156.1,155.2,155.2,81.825
2022-10-01 23:30:00,155.1,156.0,155.0,155.7,43.154
2022-10-02 00:00:00,155.7,156.5,155.6,155.9,101.109
2022-10-02 00:30:00,155.9,156.5,155.9,156.1,85.634
2022-10-02 01:00:00,156.2,157.1,156.1,156.7,194.546
2022-10-02 01:30:00,156.7,157.0,156.1,156.9,55.602
2022-10-02 02:00:00,156.9,156.9,156.2,156.2,41.706
2022-10-02 02:30:00,156.2,156.7,156.0,156.7,26.058
2022-10-02 03:00:00,156.6,157.0,156.2,156.2,45.23
2022-10-02 03:30:00,156.1,156.4,155.8,156.4,7.874
2022-10-02 04:00:00,156.5,156.9,156.3,156.5,65.285
2022-10-02 04:30:00,156.5,156.6,156.3,156.4,48.59
2022-10-02 05:00:00,156.3,156.9,156.3,156.5,270.432
2022-10-02 05:30:00,156.5,157.1,156.5,156.8,417.969
2022-10-02 06:00:00,156.7,157.4,156.1,156.5,819.462
2022-10-02 06:30:00,156.5,157.2,156.2,156.7,141.345
2022-10-02 07:00:00,156.7,157.0,156.2,156.7,41.689
2022-10-02 07:30:00,156.7,156.8,156.6,156.7,31.245
2022-10-02 08:00:00,156.7,157.7,156.0,156.6,803.402
2022-10-02 08:30:00,156.5,156.6,156.1,156.3,28.634
2022-10-02 09:00:00,156.2,157.0,156.2,156.8,264.113
2022-10-02 09:30:00,156.7,157.2,156.7,157.1,100.642
2022-10-02 10:00:00,157.1,157.3,156.4,156.7,217.516
2022-10-02 10:30:00,156.8,156.9,155.6,155.7,716.049
2022-10-02 11:00:00,155.6,156.5,155.2,156.5,229.222
2022-10-02 11:30:00,156.2,157.0,156.1,156.6,672.057
2022-10-02 12:00:00,156.5,157.1,156.2,156.2,671.276
2022-10-02 12:30:00,156.3,156.7,156.0,156.7,148.104
2022-10-02 13:00:00,156.5,156.9,156.2,156.4,58.434
2022-10-02 13:30:00,156.6,156.9,156.3,156.4,52.974
2022-10-02 14:00:00,156.5,156.7,155.9,156.1,107.24
2022-10-02 14:30:00,155.9,156.6,155.9,156.6,157.0
2022-10-02 15:00:00,156.7,157.3,156.5,156.8,381.914
2022-10-02 15:30:00,156.8,157.0,156.8,157.0,283.702
2022-10-02 16:00:00,157.0,157.5,156.8,156.9,224.232
2022-10-02 16:30:00,157.0,157.2,156.7,156.9,166.533
2022-10-02 17:00:00,156.6,157.0,156.6,157.0,18.661
2022-10-02 17:30:00,156.9,158.0,156.8,157.7,779.823
2022-10-02 18:00:00,157.6,157.6,157.2,157.3,76.312
2022-10-02 18:30:00,157.3,157.6,156.7,157.0,401.353
2022-10-02 19:00:00,157.1,157.3,156.9,157.1,37.411
2022-10-02 19:30:00,156.9,157.1,156.8,157.1,28.599
2022-10-02 20:00:00,157.1,157.1,156.5,157.0,74.456
2022-10-02 20:30:00,157.0,157.2,156.9,157.1,36.887
2022-10-02 21:00:00,156.9,156.9,156.7,156.9,41.711
2022-10-02 21:30:00,156.9,157.2,156.9,157.1,26.938
2022-10-02 22:00:00,157.1,157.2,156.6,156.8,32.956
2022-10-02 22:30:00,156.7,157.0,156.5,156.7,36.973
2022-10-02 23:00:00,156.5,156.6,155.9,156.1,182.224
2022-10-02 23:30:00,156.0,156.3,155.7,155.8,40.753
2022-10-03 00:00:00,155.6,155.6,155.0,155.4,135.837
2022-10-03 00:30:00,155.4,156.1,155.4,156.1,57.926
2022-10-03 01:00:00,156.1,156.9,156.1,156.8,276.223
2022-10-03 01:30:00,156.7,157.0,156.7,157.0,105.748
2022-10-03 02:00:00,157.0,158.5,157.0,158.2,727.865
2022-10-03 02:30:00,158.3,158.7,157.1,157.5,506.218
2022-10-03 03:00:00,157.7,158.0,157.2,157.4,34.668
2022-10-03 03:30:00,157.2,157.4,157.1,157.2,3.902
2022-10-03 04:00:00,157.4,157.4,157.0,157.2,42.982
2022-10-03 04:30:00,157.1,158.0,157.1,157.6,67.734
2022-10-03 05:00:00,157.5,158.5,157.3,158.3,616.104
2022-10-03 05:30:00,158.2,158.8,158.0,158.6,296.722
2022-10-03 06:00:00,158.6,159.1,158.6,158.9,531.301
2022-10-03 06:30:00,158.9,159.1,158.6,158.8,172.128
2022-10-03 07:00:00,158.8,158.9,157.9,158.8,97.586
2022-10-03 07:30:00,158.6,158.7,158.4,158.7,20.049
2022-10-03 08:00:00,158.7,159.0,158.6,158.7,36.31
2022-10-03 08:30:00,158.8,158.9,158.5,158.5,43.6
2022-10-03 09:00:00,158.6,158.8,158.4,158.4,20.877
2022-10-03 09:30:00,158.6,159.1,158.6,158.9,117.466
2022-10-03 10:00:00,159.0,159.1,158.7,158.7,73.94
2022-10-03 10:30:00,158.8,159.0,158.8,159.0,102.78
2022-10-03 11:00:00,158.9,159.0,158.7,158.8,25.831
2022-10-03 11:30:00,159.0,159.0,158.1,158.4,101.939
2022-10-03 12:00:00,158.4,159.1,158.4,158.7,68.347
2022-10-03 12:30:00,158.8,159.5,158.7,159.2,219.626
2022-10-03 13:00:00,159.1,159.5,158.8,158.8,103.107
2022-10-03 13:30:00,158.7,158.9,158.2,158.7,176.736
2022-10-03 14:00:00,158.6,159.3,158.6,159.1,149.584
2022-10-03 14:30:00,159.1,159.2,159.0,159.0,22.48
2022-10-03 15:00:00,159.0,159.0,158.6,158.7,77.381
2022-10-03 15:30:00,158.6,158.6,157.9,158.0,144.961
2022-10-03 16:00:00,158.1,158.4,157.8,158.2,90.517
2022-10-03 16:30:00,158.0,158.3,158.0,158.0,112.0
2022-10-03 17:00:00,158.0,158.5,157.6,158.4,117.826
2022-10-03 17:30:00,158.3,158.3,157.8,157.9,21.474
2022-10-03 18:00:00,157.7,157.8,157.2,157.3,102.878
2022-10-03 18:30:00,157.4,158.0,157.1,157.9,138.916
2022-10-03 19:00:00,157.6,157.6,157.1,157.4,108.218
2022-10-03 19:30:00,157.1,157.2,156.8,156.8,69.447
2022-10-03 20:00:00,156.9,156.9,156.3,156.4,147.807
2022-10-03 20:30:00,156.3,156.8,156.1,156.7,173.851
2022-10-03 21:00:00,156.8,156.8,156.2,156.3,59.075
2022-10-03 21:30:00,156.2,156.3,156.0,156.2,62.598
2022-10-03 22:00:00,156.0,156.1,155.4,155.7,194.354
2022-10-03 22:30:00,155.7,156.5,155.0,155.7,339.142
2022-10-03 23:00:00,155.7,156.0,155.4,155.7,90.083
2022-10-03 23:30:00,155.7,155.9,155.6,155.7,30.525
2022-10-04 00:00:00,155.6,156.5,155.3,155.4,191.635
2022-10-04 00:30:00,155.3,155.4,155.2,155.2,408.501
2022-10-04 01:00:00,155.2,155.3,154.7,154.9,273.456
2022-10-04 01:30:00,154.8,154.9,154.7,154.8,137.234
2022-10-04 02:00:00,154.9,155.4,154.9,155.2,33.945
2022-10-04 02:30:00,155.4,155.9,155.4,155.9,69.352
2022-10-04 03:00:00,155.7,156.4,155.3,156.4,295.515
2022-10-04 03:30:00,156.3,156.3,156.0,156.0,38.998
2022-10-04 04:00:00,156.0,156.0,155.6,155.9,58.492
2022-10-04 04:30:00,155.8,156.0,155.6,155.6,32.453
2022-10-04 05:00:00,155.7,155.8,155.5,155.7,93.598
2022-10-04 05:30:00,155.6,155.7,155.4,155.6,223.628
2022-10-04 06:00:00,155.6,155.9,155.1,155.8,101.203
2022-10-04 06:30:00,155.9,156.2,155.8,155.9,567.315
2022-10-04 07:00:00,156.0,156.2,155.5,155.6,92.491
2022-10-04 07:30:00,155.5,155.8,155.2,155.6,472.562
2022-10-04 08:00:00,155.7,155.8,155.0,155.0,131.035
2022-10-04 08:30:00,155.0,155.0,154.7,154.9,70.569
2022-10-04 09:00:00,154.9,155.7,154.5,155.5,482.042
2022-10-04 09:30:00,155.4,155.8,155.3,155.4,395.982
2022-10-04 10:00:00,155.3,155.7,154.8,155.6,299.143
2022-10-04 10:30:00,155.5,155.8,155.5,155.5,58.486
2022-10-04 11:00:00,155.4,155.6,155.4,155.4,13.29
2022-10-04 11:30:00,155.4,155.4,155.2,155.3,71.717
2022-10-04 12:00:00,155.5,155.5,155.1,155.3,35.944
2022-10-04 12:30:00,155.2,155.8,155.1,155.7,62.913
2022-10-04 13:00:00,155.7,155.8,155.2,155.4,214.91
2022-10-04 13:30:00,155.5,155.8,155.5,155.6,63.015
2022-10-04 14:00:00,155.7,155.8,155.0,155.0,257.175
2022-10-04 14:30:00,155.0,155.2,154.8,155.2,377.485
2022-10-04 15:00:00,155.1,155.1,154.9,154.9,30.553
2022-10-04 15:30:00,154.9,155.3,154.9,155.1,69.774
2022-10-04 16:00:00,155.0,155.0,154.7,154.8,82.083
2022-10-04 16:30:00,154.8,155.1,154.7,154.9,65.691
2022-10-04 17:00:00,154.9,155.2,154.9,155.2,88.729
2022-10-04 17:30:00,155.2,155.2,155.1,155.1,17.332
2022-10-04 18:00:00,155.1,155.1,154.8,154.8,102.714
2022-10-04 18:30:00,154.9,155.1,154.8,155.0,11.593
2022-10-04 19:00:00,155.1,155.2,154.8,155.2,17.658
2022-10-04 19:30:00,155.2,155.5,155.1,155.4,20.034
2022-10-04 20:00:00,155.4,155.9,155.3,155.9,64.223
2022-10-04 20:30:00,155.8,156.1,155.4,155.4,308.546
2022-10-04 21:00:00,155.4,155.4,155.2,155.2,22.324
2022-10-04 21:30:00,155.4,155.4,155.2,155.3,41.27
2022-10-04 22:00:00,155.3,155.6,155.3,155.4,11.121
2022-10-04 22:30:00,155.5,155.6,155.2,155.6,123.918
2022-10-04 23:00:00,155.5,155.5,155.0,155.0,26.618
2022-10-04 23:30:00,155.2,155.2,155.0,155.2,29.605
2022-10-05 00:00:00,155.2,155.2,154.6,154.7,102.151
2022-10-05 00:30:00,154.6,154.7,154.3,154.3,142.363
2022-10-05 01:00:00,154.5,154.7,154.4,154.7,5.142
2022-10-05 01:30:00,154.7,155.0,154.7,155.0,12.586
2022-10-05 02:00:00,155.0,155.1,154.9,155.0,80.312
2022-10-05 02:30:00,155.0,155.0,154.9,154.9,17.029
2022-10-05 03:00:00,154.9,154.9,154.6,154.9,18.903
2022-10-05 03:30:00,154.8,155.4,154.8,155.3,72.732
2022-10-05 04:00:00,155.4,156.1,155.3,155.9,679.525
2022-10-05 04:30:00,155.6,156.1,155.5,156.0,178.575
2022-10-05 05:00:00,156.0,156.4,155.6,155.7,256.57
2022-10-05 05:30:00,155.7,156.1,155.7,156.1,25.648
2022-10-05 06:00:00,156.2,157.0,156.2,156.6,446.987
2022-10-05 06:30:00,156.7,157.0,156.6,156.7,66.232
2022-10-05 07:00:00,156.7,157.1,156.1,156.2,131.313
2022-10-05 07:30:00,156.6,156.6,156.2,156.3,42.57
2022-10-05 08:00:00,156.3,156.5,155.9,156.4,379.206
2022-10-05 08:30:00,156.4,157.0,156.3,157.0,565.11
2022-10-05 09:00:00,157.0,157.6,156.6,157.1,455.907
2022-10-05 09:30:00,157.2,157.5,157.0,157.0,151.879
2022-10-05 10:00:00,157.2,157.5,157.0,157.1,122.189
2022-10-05 10:30:00,157.0,157.0,156.7,157.0,120.476
2022-10-05 11:00:00,156.9,157.8,156.9,157.7,112.126
2022-10-05 11:30:00,157.7,158.0,156.6,156.6,515.314
2022-10-05 12:00:00,157.0,157.8,157.0,157.3,144.168
2022-10-05 12:30:00,157.2,157.6,156.8,157.0,170.678
2022-10-05 13:00:00,156.8,156.8,156.4,156.7,204.261
2022-10-05 13:30:00,156.8,157.0,156.4,156.4,133.79
2022-10-05 14:00:00,156.4,157.4,156.2,157.1,319.371
2022-10-05 14:30:00,157.1,157.3,156.9,156.9,132.714
2022-10-05 15:00:00,156.8,157.2,156.7,157.0,175.738
2022-10-05 15:30:00,156.9,157.3,156.9,157.2,91.533
2022-10-05 16:00:00,157.2,157.7,156.4,157.1,572.32
2022-10-05 16:30:00,157.1,157.5,157.1,157.4,39.814
2022-10-05 17:00:00,157.3,157.4,157.2,157.3,44.527
2022-10-05 17:30:00,157.2,157.3,157.1,157.1,15.4
2022-10-05 18:00:00,157.1,157.1,156.6,156.7,89.398
2022-10-05 18:30:00,156.7,156.9,156.6,156.8,34.107
2022-10-05 19:00:00,156.8,157.2,156.8,157.1,89.136
2022-10-05 19:30:00,157.1,157.1,156.7,156.7,38.492
2022-10-05 20:00:00,156.8,156.8,156.6,156.7,31.082
2022-10-05 20:30:00,156.6,156.8,156.6,156.6,20.154
2022-10-05 21:00:00,156.6,156.8,156.6,156.8,13.166
2022-10-05 21:30:00,156.8,157.0,156.6,157.0,64.739
2022-10-05 22:00:00,156.8,156.9,156.6,156.8,30.233
2022-10-05 22:30:00,156.8,157.1,156.8,157.1,43.267
2022-10-05 23:00:00,157.1,157.2,157.0,157.0,14.64
2022-10-05 23:30:00,157.2,157.2,157.1,157.2,26.274
2022-10-06 00:00:00,157.2,157.5,157.1,157.5,190.646
2022-10-06 00:30:00,157.5,157.6,156.8,156.8,139.975
2022-10-06 01:00:00,157.0,157.5,157.0,157.3,54.368
2022-10-06 01:30:00,157.3,157.3,157.0,157.2,29.331
2022-10-06 02:00:00,157.4,157.5,157.3,157.4,26.654
2022-10-06 02:30:00,157.4,157.5,157.3,157.4,6.199
2022-10-06 03:00:00,157.5,157.5,157.1,157.3,124.942
2022-10-06 03:30:00,157.4,157.4,157.1,157.2,43.952
2022-10-06 04:00:00,157.1,157.3,157.0,157.2,37.103
2022-10-06 04:30:00,157.3,158.1,157.2,157.4,182.036
2022-10-06 05:00:00,157.3,157.4,157.1,157.1,57.61
2022-10-06 05:30:00,157.2,157.5,157.2,157.4,12.124
2022-10-06 06:00:00,157.3,157.3,157.0,157.0,74.816
2022-10-06 06:30:00,157.1,157.2,156.8,157.1,49.861
2022-10-06 07:00:00,157.1,157.4,157.1,157.4,86.738
2022-10-06 07:30:00,157.4,157.8,157.4,157.7,83.918
2022-10-06 08:00:00,157.9,157.9,157.2,157.4,115.354
2022-10-06 08:30:00,157.3,157.5,156.7,156.9,99.613
2022-10-06 09:00:00,156.8,157.0,156.8,157.0,9.671
2022-10-06 09:30:00,157.0,157.5,156.9,157.1,497.188
2022-10-06 10:00:00,157.1,157.4,157.1,157.2,73.021
2022-10-06 10:30:00,157.3,157.7,157.2,157.4,121.439
2022-10-06 11:00:00,157.5,157.6,157.4,157.5,20.469
2022-10-06 11:30:00,157.5,157.7,157.2,157.6,27.343
2022-10-06 12:00:00,157.6,157.8,157.3,157.3,202.527
2022-10-06 12:30:00,157.5,157.7,157.0,157.1,50.152
2022-10-06 13:00:00,157.0,157.3,156.8,157.0,91.19
2022-10-06 13:30:00,157.0,157.3,157.0,157.1,37.52
2022-10-06 14:00:00,157.1,157.3,156.5,157.2,269.162
2022-10-06 14:30:00,157.2,157.5,157.0,157.2,81.156
2022-10-06 15:00:00,157.3,157.5,157.1,157.2,130.711
2022-10-06 15:30:00,157.2,157.4,157.1,157.3,24.09
2022-10-06 16:00:00,157.4,157.4,157.0,157.2,80.831
2022-10-06 16:30:00,157.3,157.4,157.0,157.0,152.229
2022-10-06 17:00:00,157.0,157.1,156.7,156.9,68.267
2022-10-06 17:30:00,156.9,156.9,156.7,156.8,4.564
2022-10-06 18:00:00,156.7,156.7,155.9,156.6,281.862
2022-10-06 18:30:00,156.4,156.4,155.9,156.2,56.265
2022-10-06 19:00:00,156.0,156.1,155.9,155.9,27.083
2022-10-06 19:30:00,155.8,156.1,155.7,155.9,70.091
2022-10-06 20:00:00,155.9,156.0,155.3,156.0,662.537
2022-10-06 20:30:00,156.1,156.2,155.8,156.2,300.107
2022-10-06 21:00:00,156.0,156.1,156.0,156.0,15.753
2022-10-06 21:30:00,156.0,156.1,155.9,156.1,24.703
2022-10-06 22:00:00,155.9,156.0,155.9,155.9,14.963
2022-10-06 22:30:00,155.9,156.8,155.9,156.5,76.371
2022-10-06 23:00:00,156.5,157.1,156.3,156.8,70.892
2022-10-06 23:30:00,157.0,157.3,157.0,157.1,71.171
2022-10-07 00:00:00,157.2,157.7,157.0,157.1,130.333
2022-10-07 00:30:00,157.1,157.3,157.1,157.3,27.621
2022-10-07 01:00:00,157.3,157.5,157.3,157.4,43.739
2022-10-07 01:30:00,157.4,157.4,157.1,157.1,14.823
2022-10-07 02:00:00,157.1,157.2,157.1,157.2,7.0
2022-10-07 02:30:00,157.2,157.2,157.2,157.2,0.0
2022-10-07 03:00:00,157.3,157.5,157.2,157.3,32.745
2022-10-07 03:30:00,157.3,157.3,157.3,157.3,0.0
2022-10-07 04:00:00,157.3,158.8,157.3,157.7,337.789
2022-10-07 04:30:00,157.8,157.8,157.3,157.3,64.962
2022-10-07 05:00:00,157.4,157.5,157.3,157.5,1.827
2022-10-07 05:30:00,157.4,157.4,157.3,157.3,32.261
2022-10-07 06:00:00,157.4,158.0,157.3,157.3,132.576
2022-10-07 06:30:00,157.4,157.7,157.4,157.5,98.217
2022-10-07 07:00:00,157.7,158.0,157.5,157.7,579.868
2022-10-07 07:30:00,157.8,158.1,157.7,157.9,257.26
2022-10-07 08:00:00,157.9,158.8,157.9,158.2,676.481
2022-10-07 08:30:00,158.1,158.4,157.7,157.8,447.289
2022-10-07 09:00:00,157.8,158.2,157.8,158.0,37.326
2022-10-07 09:30:00,158.0,158.0,157.6,157.9,88.63
2022-10-07 10:00:00,157.9,157.9,157.3,157.7,277.223
2022-10-07 10:30:00,157.7,158.0,157.7,158.0,12.496
2022-10-07 11:00:00,157.9,158.4,157.8,158.2,102.359
2022-10-07 11:30:00,158.3,158.5,158.0,158.3,147.033
2022-10-07 12:00:00,158.3,158.7,158.3,158.4,510.855
2022-10-07 12:30:00,158.4,158.7,157.3,157.6,957.817
2022-10-07 13:00:00,157.6,157.9,157.5,157.8,143.05
2022-10-07 13:30:00,157.9,158.1,157.8,157.9,64.421
2022-10-07 14:00:00,158.0,158.1,157.8,157.9,62.331
2022-10-07 14:30:00,157.7,158.3,157.6,158.3,237.537
2022-10-07 15:00:00,158.4,158.5,157.8,158.3,163.859
2022-10-07 15:30:00,158.4,158.5,158.3,158.5,288.567
2022-10-07 16:00:00,158.3,158.9,158.2,158.3,501.297
2022-10-07 16:30:00,158.2,158.6,157.3,157.6,417.945
2022-10-07 17:00:00,157.7,157.7,156.9,157.2,308.732
2022-10-07 17:30:00,157.2,157.2,156.6,156.8,236.768
2022-10-07 18:00:00,156.8,156.9,156.0,156.9,685.194
2022-10-07 18:30:00,156.9,157.1,156.5,157.1,127.58
2022-10-07 19:00:00,156.9,157.4,156.7,157.4,149.75
2022-10-07 19:30:00,157.3,157.6,157.2,157.6,243.626
2022-10-07 20:00:00,157.4,157.5,156.9,157.5,25.733
2022-10-07 20:30:00,157.6,157.6,156.8,157.0,170.751
2022-10-07 21:00:00,157.0,157.1,156.7,156.9,66.223
2022-10-07 21:30:00,156.9,157.2,156.9,157.2,10.568
2022-10-07 22:00:00,157.0,157.4,157.0,157.2,26.764
2022-10-07 22:30:00,157.2,157.6,157.2,157.5,34.168
2022-10-07 23:00:00,157.6,158.0,157.6,157.7,220.526
2022-10-07 23:30:00,157.8,158.0,157.6,157.6,92.57
2022-10-08 00:00:00,157.6,158.0,157.2,157.9,49.067
2022-10-08 00:30:00,158.0,158.3,157.9,158.1,163.979
2022-10-08 01:00:00,158.3,158.5,158.1,158.1,119.526
2022-10-08 01:30:00,158.2,158.2,157.9,158.1,89.587
2022-10-08 02:00:00,158.1,158.5,158.1,158.5,239.757
2022-10-08 02:30:00,158.4,158.9,158.4,158.4,443.734
2022-10-08 03:00:00,158.7,158.8,158.3,158.3,34.188
2022-10-08 03:30:00,158.4,158.7,158.3,158.5,14.194
2022-10-08 04:00:00,158.7,158.8,158.6,158.7,31.369
2022-10-08 04:30:00,158.6,158.9,158.5,158.6,80.489
2022-10-08 05:00:00,158.8,159.0,158.5,158.6,48.232
2022-10-08 05:30:00,158.7,158.9,158.7,158.7,23.259
2022-10-08 06:00:00,158.9,159.0,158.7,159.0,104.329
2022-10-08 06:30:00,159.0,159.4,158.9,159.0,314.371
2022-10-08 07:00:00,159.1,159.3,157.9,158.5,533.325
2022-10-08 07:30:00,158.4,158.5,157.6,157.7,361.226
2022-10-08 08:00:00,157.7,158.1,157.6,157.8,57.392
2022-10-08 08:30:00,157.7,159.2,147.2,158.0,5847.655
2022-10-08 09:00:00,158.1,159.0,158.0,158.5,458.976
2022-10-08 09:30:00,158.5,158.9,158.5,158.7,116.098
2022-10-08 10:00:00,158.7,159.1,158.7,158.8,206.317
2022-10-08 10:30:00,158.9,159.2,158.4,158.5,75.686
2022-10-08 11:00:00,158.5,158.5,158.2,158.3,72.426
2022-10-08 11:30:00,158.3,158.3,158.1,158.1,11.411
2022-10-08 12:00:00,158.2,158.6,157.8,158.5,148.548
2022-10-08 12:30:00,158.5,158.6,158.3,158.4,26.136
2022-10-08 13:00:00,158.2,158.9,158.2,158.8,234.389
2022-10-08 13:30:00,158.8,159.0,158.6,158.6,64.556
2022-10-08 14:00:00,158.6,158.7,158.5,158.6,15.674
2022-10-08 14:30:00,158.4,158.6,158.3,158.4,31.323
2022-10-08 15:00:00,158.4,158.6,158.1,158.6,61.09
2022-10-08 15:30:00,158.5,158.7,158.3,158.6,62.905
2022-10-08 16:00:00,158.7,158.7,158.5,158.5,9.377
2022-10-08 16:30:00,158.5,158.6,158.3,158.6,100.936
2022-10-08 17:00:00,158.5,158.5,158.1,158.2,48.479
2022-10-08 17:30:00,158.3,158.3,158.1,158.1,6.561
2022-10-08 18:00:00,158.1,158.1,157.6,157.9,232.763
2022-10-08 18:30:00,157.7,157.9,157.5,157.6,57.988
2022-10-08 19:00:00,157.6,157.9,157.5,157.6,53.733
2022-10-08 19:30:00,157.5,157.6,157.4,157.6,51.435
2022-10-08 20:00:00,157.5,157.6,157.2,157.2,37.821
2022-10-08 20:30:00,157.2,157.4,157.0,157.1,170.225
2022-10-08 21:00:00,157.1,157.5,157.0,157.2,72.572
2022-10-08 21:30:00,157.3,157.7,157.2,157.5,62.172
2022-10-08 22:00:00,157.3,157.6,157.0,157.5,135.492
2022-10-08 22:30:00,157.4,157.5,157.1,157.2,2.902
2022-10-08 23:00:00,157.3,157.9,157.2,157.8,109.454
2022-10-08 23:30:00,157.9,158.0,157.7,158.0,8.204
2022-10-09 00:00:00,157.6,157.6,157.1,157.6,128.564
2022-10-09 00:30:00,157.6,157.9,157.5,157.9,63.155
2022-10-09 01:00:00,157.8,158.0,157.6,157.8,139.101
2022-10-09 01:30:00,157.9,158.0,157.7,157.7,1.946
2022-10-09 02:00:00,157.7,157.8,157.7,157.7,1.545
2022-10-09 02:30:00,157.6,157.8,157.5,157.6,42.943
2022-10-09 03:00:00,157.5,157.7,157.4,157.5,82.288
2022-10-09 03:30:00,157.3,157.4,157.2,157.4,5.028
2022-10-09 04:00:00,157.4,157.4,157.3,157.3,6.842
2022-10-09 04:30:00,157.2,157.2,157.1,157.2,35.348
2022-10-09 05:00:00,157.1,157.2,156.3,156.6,199.725
2022-10-09 05:30:00,156.8,157.3,156.6,156.8,32.198
2022-10-09 06:00:00,156.7,157.0,156.5,156.9,171.797
2022-10-09 06:30:00,157.0,157.0,156.4,156.7,104.66
2022-10-09 07:00:00,156.7,156.7,156.5,156.6,19.877
2022-10-09 07:30:00,156.7,156.7,156.5,156.6,26.791
2022-10-09 08:00:00,156.4,156.5,156.2,156.3,46.298
2022-10-09 08:30:00,156.3,156.3,156.1,156.2,18.0
2022-10-09 09:00:00,156.1,156.3,156.1,156.3,18.389
2022-10-09 09:30:00,156.3,157.0,156.3,156.5,113.253
2022-10-09 10:00:00,156.6,156.7,156.3,156.3,17.483
2022-10-09 10:30:00,156.3,156.5,156.1,156.3,42.658
2022-10-09 11:00:00,156.4,156.6,156.2,156.2,136.434
2022-10-09 11:30:00,156.2,156.4,155.5,155.7,208.047
2022-10-09 12:00:00,155.7,155.9,155.1,155.8,174.257
2022-10-09 12:30:00,155.7,155.8,155.2,155.4,207.844
2022-10-09 13:00:00,155.4,155.6,155.1,155.3,28.144
2022-10-09 13:30:00,155.3,155.5,154.8,154.8,48.55
2022-10-09 14:00:00,154.9,155.2,154.6,154.8,176.936
2022-10-09 14:30:00,154.8,155.2,154.6,155.2,41.044
2022-10-09 15:00:00,155.0,157.4,153.1,154.7,3523.51
2022-10-09 15:30:00,154.8,155.5,154.8,155.1,186.143
2022-10-09 16:00:00,155.1,155.1,153.9,154.1,398.728
2022-10-09 16:30:00,154.0,154.3,153.8,154.2,162.11
2022-10-09 17:00:00,154.3,154.3,153.9,153.9,7.139
2022-10-09 17:30:00,154.0,154.2,153.4,153.5,101.394
2022-10-09 18:00:00,153.4,153.4,152.9,153.2,317.553
2022-10-09 18:30:00,153.2,153.3,152.9,153.1,46.679
2022-10-09 19:00:00,153.2,153.2,152.1,152.7,400.167
2022-10-09 19:30:00,152.8,153.0,152.6,152.6,40.864
2022-10-09 20:00:00,152.5,152.7,152.1,152.7,200.676
2022-10-09 20:30:00,152.7,153.0,152.4,153.0,52.331
2022-10-09 21:00:00,153.1,153.1,152.2,152.3,61.291
2022-10-09 21:30:00,152.3,152.4,151.7,152.0,414.306
2022-10-09 22:00:00,151.9,152.0,151.7,151.9,28.787
2022-10-09 22:30:00,151.9,152.2,151.5,151.5,123.01
2022-10-09 23:00:00,151.7,152.2,151.1,151.8,388.755
2022-10-09 23:30:00,151.8,153.1,151.3,152.0,417.654
2022-10-10 00:00:00,152.2,152.3,150.5,150.6,792.773
2022-10-10 00:30:00,150.5,151.1,150.3,151.0,346.344
2022-10-10 01:00:00,151.0,151.3,150.4,150.7,78.447
2022-10-10 01:30:00,150.7,151.8,150.6,151.5,335.747
2022-10-10 02:00:00,151.4,151.6,151.0,151.2,325.582
2022-10-10 02:30:00,151.1,151.5,151.1,151.2,400.989
2022-10-10 03:00:00,151.2,151.4,150.8,151.1,472.153
2022-10-10 03:30:00,151.0,151.0,150.6,150.9,284.666
2022-10-10 04:00:00,150.9,150.9,150.3,150.4,278.744
2022-10-10 04:30:00,150.4,150.7,150.1,150.4,326.998
2022-10-10 05:00:00,150.5,150.8,150.4,150.8,11.287
2022-10-10 05:30:00,150.7,150.7,150.4,150.5,48.473
2022-10-10 06:00:00,150.6,150.7,150.0,150.4,194.52
2022-10-10 06:30:00,150.4,151.0,150.2,151.0,35.454
2022-10-10 07:00:00,151.0,151.6,150.5,150.9,224.38
2022-10-10 07:30:00,151.0,151.4,150.8,150.9,83.076
2022-10-10 08:00:00,150.9,151.0,150.2,150.2,205.108
2022-10-10 08:30:00,150.2,151.5,149.1,151.0,1006.875
2022-10-10 09:00:00,151.0,151.9,150.2,151.8,406.874
2022-10-10 09:30:00,151.9,152.7,151.7,152.0,417.401
2022-10-10 10:00:00,152.1,152.4,151.6,151.7,71.356
2022-10-10 10:30:00,151.7,152.2,151.6,151.9,146.972
2022-10-10 11:00:00,151.9,152.3,151.7,151.7,25.39
2022-10-10 11:30:00,151.7,152.0,151.5,151.9,58.505
2022-10-10 12:00:00,151.8,152.3,151.2,151.3,121.304
2022-10-10 12:30:00,151.4,151.7,151.4,151.7,7.874
2022-10-10 13:00:00,151.7,152.5,151.7,152.3,319.18
2022-10-10 13:30:00,152.3,152.3,151.5,151.6,139.754
2022-10-10 14:00:00,151.4,152.6,151.4,152.5,125.498
2022-10-10 14:30:00,152.3,152.3,151.5,151.7,49.892
2022-10-10 15:00:00,151.6,152.5,151.6,152.2,34.317
2022-10-10 15:30:00,152.4,152.4,152.1,152.4,8.741
2022-10-10 16:00:00,152.4,153.1,151.9,152.2,237.089
2022-10-10 16:30:00,152.3,152.7,152.1,152.3,98.235
2022-10-10 17:00:00,152.2,153.5,152.2,153.0,314.45
2022-10-10 17:30:00,153.1,153.4,152.8,153.0,299.426
2022-10-10 18:00:00,153.0,153.6,153.0,153.5,102.813
2022-10-10 18:30:00,153.5,153.8,153.5,153.5,137.588
2022-10-10 19:00:00,153.5,154.2,153.5,154.1,403.591
2022-10-10 19:30:00,154.1,154.8,154.1,154.3,356.616
2022-10-10 20:00:00,154.4,154.4,153.9,153.9,31.779
2022-10-10 20:30:00,153.9,154.4,153.9,154.4,38.495
2022-10-10 21:00:00,154.4,154.7,154.0,154.1,55.485
2022-10-10 21:30:00,154.2,154.3,153.1,153.4,282.743
2022-10-10 22:00:00,153.5,154.3,152.9,153.7,431.324
2022-10-10 22:30:00,153.6,154.3,153.4,154.1,111.193
2022-10-10 23:00:00,154.0,154.1,153.7,153.7,32.588
2022-10-10 23:30:00,153.7,153.7,152.7,153.6,183.752
2022-10-11 00:00:00,153.6,154.1,151.7,153.0,1174.867
2022-10-11 00:30:00,152.9,153.0,152.3,152.3,130.654
2022-10-11 01:00:00,152.3,153.3,152.1,152.2,237.915
2022-10-11 01:30:00,152.5,152.8,152.2,152.7,92.443
2022-10-11 02:00:00,152.8,153.9,152.7,153.1,377.87
2022-10-11 02:30:00,153.1,153.5,152.8,153.5,72.212
2022-10-11 03:00:00,153.7,154.1,153.6,153.9,375.446
2022-10-11 03:30:00,154.0,154.3,153.1,153.2,104.619
2022-10-11 04:00:00,153.2,154.1,153.1,153.6,99.516
2022-10-11 04:30:00,153.8,153.8,153.1,153.2,56.269
2022-10-11 05:00:00,153.2,154.0,153.1,153.6,78.5
2022-10-11 05:30:00,153.6,154.6,153.5,154.0,294.623
2022-10-11 06:00:00,154.1,155.0,153.8,154.4,572.7
2022-10-11 06:30:00,154.5,156.4,153.4,153.6,1207.08
2022-10-11 07:00:00,153.7,154.7,153.7,153.9,233.484
2022-10-11 07:30:00,153.9,154.5,153.7,154.1,46.017
2022-10-11 08:00:00,154.3,154.8,154.2,154.5,189.527
2022-10-11 08:30:00,154.4,154.4,154.0,154.2,54.697
2022-10-11 09:00:00,154.4,154.5,154.2,154.3,71.57
2022-10-11 09:30:00,154.4,154.7,153.9,154.6,88.276
2022-10-11 10:00:00,154.7,155.3,154.5,154.9,528.628
2022-10-11 10:30:00,154.9,155.2,154.4,154.9,101.288
2022-10-11 11:00:00,155.3,155.4,155.0,155.2,93.834
2022-10-11 11:30:00,155.1,155.4,154.7,155.3,141.03
2022-10-11 12:00:00,155.4,156.2,155.4,156.1,512.475
2022-10-11 12:30:00,156.0,156.1,155.5,155.7,125.274
2022-10-11 13:00:00,155.7,156.0,155.4,155.9,84.893
2022-10-11 13:30:00,156.0,156.3,155.7,155.7,267.757
2022-10-11 14:00:00,155.7,156.5,155.0,155.7,572.538
2022-10-11 14:30:00,155.6,156.2,155.6,155.7,227.826
2022-10-11 15:00:00,155.8,156.1,155.7,156.0,99.606
2022-10-11 15:30:00,155.8,156.3,155.7,156.2,260.336
2022-10-11 16:00:00,156.2,156.3,155.8,156.2,132.556
2022-10-11 16:30:00,156.2,156.2,155.7,155.7,87.977
2022-10-11 17:00:00,155.6,156.0,155.5,156.0,194.232
2022-10-11 17:30:00,156.0,156.0,155.6,155.7,56.863
2022-10-11 18:00:00,155.6,155.6,155.2,155.5,274.134
2022-10-11 18:30:00,155.4,155.7,155.0,155.2,264.538
2022-10-11 19:00:00,155.3,155.4,154.4,154.6,246.165
2022-10-11 19:30:00,154.6,155.3,154.5,155.2,143.847
2022-10-11 20:00:00,155.3,156.0,155.3,156.0,178.186
2022-10-11 20:30:00,156.0,156.0,155.4,155.4,38.809
2022-10-11 21:00:00,155.7,155.7,155.5,155.7,25.346
2022-10-11 21:30:00,155.5,155.7,155.3,155.4,23.152
2022-10-11 22:00:00,155.3,155.9,155.2,155.8,25.663
2022-10-11 22:30:00,155.9,156.3,155.6,155.6,47.221
2022-10-11 23:00:00,155.7,156.1,155.7,156.0,35.57
2022-10-11 23:30:00,156.0,156.1,156.0,156.1,18.066
2022-10-12 00:00:00,156.1,156.3,156.0,156.2,62.207
2022-10-12 00:30:00,156.2,157.0,156.0,156.6,427.633
2022-10-12 01:00:00,156.8,156.9,156.6,156.6,16.478
2022-10-12 01:30:00,156.5,156.5,156.3,156.4,8.772
2022-10-12 02:00:00,156.4,156.5,155.9,156.3,38.898
2022-10-12 02:30:00,156.4,157.0,156.4,157.0,219.005
2022-10-12 03:00:00,157.0,157.4,156.9,156.9,150.473
2022-10-12 03:30:00,156.9,157.4,156.9,157.0,117.528
2022-10-12 04:00:00,157.2,157.6,157.2,157.3,53.381
2022-10-12 04:30:00,157.3,157.6,157.1,157.3,51.261
2022-10-12 05:00:00,157.3,157.6,156.0,156.5,487.082
2022-10-12 05:30:00,156.4,157.0,156.4,157.0,17.196
2022-10-12 06:00:00,157.0,157.3,157.0,157.3,85.32
2022-10-12 06:30:00,157.3,157.4,157.1,157.2,109.068
2022-10-12 07:00:00,157.1,157.9,156.8,157.5,316.75
2022-10-12 07:30:00,157.7,158.0,157.3,157.5,181.719
2022-10-12 08:00:00,157.6,157.9,157.6,157.8,40.932
2022-10-12 08:30:00,157.8,158.1,157.5,158.0,105.947
2022-10-12 09:00:00,158.0,158.1,157.8,158.1,31.818
2022-10-12 09:30:00,157.9,157.9,156.2,157.3,279.506
2022-10-12 10:00:00,157.3,157.5,157.1,157.1,13.518
2022-10-12 10:30:00,157.1,157.1,156.4,156.5,115.898
2022-10-12 11:00:00,156.5,156.9,156.5,156.8,60.319
2022-10-12 11:30:00,156.9,157.0,156.7,156.8,42.573
2022-10-12 12:00:00,156.7,157.1,156.7,157.0,8.775
2022-10-12 12:30:00,157.0,157.5,156.6,157.3,267.911
2022-10-12 13:00:00,157.4,157.8,157.1,157.2,202.032
2022-10-12 13:30:00,157.0,157.7,156.9,157.4,115.969
2022-10-12 14:00:00,157.5,157.6,157.0,157.4,24.167
2022-10-12 14:30:00,157.4,157.6,157.2,157.2,48.444
2022-10-12 15:00:00,157.6,157.6,157.4,157.5,37.544
2022-10-12 15:30:00,157.5,157.6,157.2,157.2,34.126
2022-10-12 16:00:00,157.3,157.3,156.9,157.2,13.844
2022-10-12 16:30:00,157.3,157.4,157.1,157.4,8.645
2022-10-12 17:00:00,157.4,157.4,157.1,157.4,24.439
2022-10-12 17:30:00,157.4,157.5,157.2,157.2,23.422
2022-10-12 18:00:00,157.2,157.6,157.2,157.6,100.461
2022-10-12 18:30:00,157.6,157.7,157.4,157.6,62.287
2022-10-12 19:00:00,157.5,157.7,157.4,157.7,50.885
2022-10-12 19:30:00,157.7,157.8,157.4,157.4,37.935
2022-10-12 20:00:00,157.5,157.5,157.2,157.2,52.368
2022-10-12 20:30:00,157.3,157.7,157.3,157.6,19.709
2022-10-12 21:00:00,157.6,157.8,157.6,157.7,42.737
2022-10-12 21:30:00,157.7,158.0,157.7,157.7,130.729
2022-10-12 22:00:00,157.5,158.0,157.5,157.9,70.368
2022-10-12 22:30:00,157.7,157.9,157.3,157.3,41.849
2022-10-12 23:00:00,157.3,157.6,157.2,157.4,101.079
2022-10-12 23:30:00,157.2,157.4,157.2,157.2,8.968
2022-10-13 00:00:00,157.2,157.3,156.7,157.2,151.057
2022-10-13 00:30:00,157.2,157.2,156.7,156.7,59.539
2022-10-13 01:00:00,156.7,157.0,156.4,157.0,115.037
2022-10-13 01:30:00,156.7,157.1,156.4,157.1,21.296
2022-10-13 02:00:00,156.7,156.7,156.5,156.6,28.444
2022-10-13 02:30:00,156.4,156.4,155.8,156.2,71.533
2022-10-13 03:00:00,156.2,156.3,155.8,156.2,176.079
2022-10-13 03:30:00,156.1,156.4,155.8,156.1,56.596
2022-10-13 04:00:00,156.0,156.1,155.8,155.9,16.237
2022-10-13 04:30:00,155.8,155.8,155.2,155.4,193.913
2022-10-13 05:00:00,155.4,155.4,155.1,155.2,80.324
2022-10-13 05:30:00,155.2,155.9,155.2,155.4,139.743
2022-10-13 06:00:00,155.5,156.6,155.4,156.1,322.485
2022-10-13 06:30:00,156.1,156.1,155.1,155.1,87.158
2022-10-13 07:00:00,155.0,155.1,154.4,154.5,368.975
2022-10-13 07:30:00,154.4,155.3,153.3,154.5,825.408
2022-10-13 08:00:00,154.2,154.6,153.5,153.6,352.991
2022-10-13 08:30:00,153.7,155.5,153.7,154.6,383.882
2022-10-13 09:00:00,154.5,155.5,154.2,154.4,98.367
2022-10-13 09:30:00,154.5,154.7,153.8,154.0,162.628
2022-10-13 10:00:00,153.9,154.3,153.6,154.1,244.123
2022-10-13 10:30:00,153.7,155.6,153.0,154.2,2963.376
2022-10-13 11:00:00,154.2,154.8,153.8,154.8,364.085
2022-10-13 11:30:00,154.8,155.0,154.3,154.5,87.685
2022-10-13 12:00:00,154.5,155.2,154.0,155.2,109.827
2022-10-13 12:30:00,155.2,155.7,153.5,154.2,522.61
2022-10-13 13:00:00,154.3,154.3,153.6,153.7,209.019
2022-10-13 13:30:00,153.7,154.4,153.5,154.3,267.751
2022-10-13 14:00:00,154.1,154.1,153.6,153.7,50.98
2022-10-13 14:30:00,153.9,154.7,153.7,154.7,125.916
2022-10-13 15:00:00,154.6,155.2,154.4,154.7,183.359
2022-10-13 15:30:00,154.8,156.8,154.8,155.7,549.948
2022-10-13 16:00:00,155.7,157.0,155.6,156.8,758.743
2022-10-13 16:30:00,157.0,157.6,156.6,156.9,619.329
2022-10-13 17:00:00,156.9,157.0,156.5,156.9,32.778
2022-10-13 17:30:00,157.0,157.4,156.7,157.0,68.692
2022-10-13 18:00:00,157.1,157.1,156.5,156.6,149.454
2022-10-13 18:30:00,156.7,157.3,156.7,157.0,76.63
2022-10-13 19:00:00,157.1,157.1,155.9,156.1,311.928
2022-10-13 19:30:00,156.1,156.1,155.8,155.8,133.704
2022-10-13 20:00:00,155.7,156.4,155.7,156.0,229.489
2022-10-13 20:30:00,156.0,156.1,155.7,155.7,42.085
2022-10-13 21:00:00,155.7,155.9,155.6,155.7,73.425
2022-10-13 21:30:00,155.6,155.6,155.3,155.5,137.705
2022-10-13 22:00:00,155.5,155.5,155.4,155.4,13.784
2022-10-13 22:30:00,155.3,156.0,155.3,155.9,41.125
2022-10-13 23:00:00,155.7,156.0,155.6,155.9,80.463
2022-10-13 23:30:00,155.8,156.5,155.8,156.3,166.83
2022-10-14 00:00:00,156.2,156.2,155.5,155.6,98.22
2022-10-14 00:30:00,155.7,156.2,155.7,156.1,15.125
2022-10-14 01:00:00,156.2,156.5,156.1,156.4,180.9
2022-10-14 01:30:00,156.5,157.3,156.4,156.9,771.007
2022-10-14 02:00:00,156.8,156.9,155.7,155.7,1940.273
2022-10-14 02:30:00,155.8,156.1,155.6,155.8,241.523
2022-10-14 03:00:00,155.9,156.0,155.6,155.7,205.766
2022-10-14 03:30:00,155.7,155.7,155.2,155.6,207.734
2022-10-14 04:00:00,155.5,155.5,154.6,154.7,248.894
2022-10-14 04:30:00,154.7,155.0,154.7,154.8,94.708
2022-10-14 05:00:00,154.8,154.8,154.6,154.7,48.414
2022-10-14 05:30:00,154.8,155.0,154.7,154.9,44.576
2022-10-14 06:00:00,154.9,154.9,154.2,154.4,199.551
2022-10-14 06:30:00,154.4,154.5,154.2,154.2,38.007
2022-10-14 07:00:00,154.3,154.4,154.0,154.2,337.533
2022-10-14 07:30:00,154.3,154.5,154.1,154.5,54.057
2022-10-14 08:00:00,154.5,154.5,154.0,154.3,94.919
2022-10-14 08:30:00,154.2,154.4,154.2,154.2,13.273
2022-10-14 09:00:00,154.4,154.7,154.1,154.6,90.377
2022-10-14 09:30:00,154.6,155.0,154.6,154.9,151.936
2022-10-14 10:00:00,154.8,154.9,154.7,154.8,35.64
2022-10-14 10:30:00,154.8,155.1,154.8,155.1,59.586
2022-10-14 11:00:00,155.0,155.3,154.9,155.1,156.651
2022-10-14 11:30:00,155.1,155.3,154.4,154.5,260.882
2022-10-14 12:00:00,154.5,154.8,154.3,154.5,155.44
2022-10-14 12:30:00,154.5,155.3,154.4,155.1,254.354
2022-10-14 13:00:00,155.1,155.1,154.6,154.7,89.608
2022-10-14 13:30:00,154.6,154.8,154.4,154.6,49.589
2022-10-14 14:00:00,154.5,154.7,154.0,154.4,448.594
2022-10-14 14:30:00,154.5,155.0,154.5,154.7,184.882
2022-10-14 15:00:00,154.8,154.8,154.0,154.5,142.427
2022-10-14 15:30:00,154.3,154.4,154.0,154.0,37.218
2022-10-14 16:00:00,154.0,154.1,153.7,153.8,159.171
2022-10-14 16:30:00,154.0,154.7,153.9,153.9,139.953
2022-10-14 17:00:00,154.1,154.2,153.9,154.0,29.376
2022-10-14 17:30:00,154.0,154.0,153.6,153.8,35.082
2022-10-14 18:00:00,153.7,153.7,153.4,153.6,270.12
2022-10-14 18:30:00,153.5,153.7,152.9,153.5,200.131
2022-10-14 19:00:00,153.5,153.6,153.2,153.4,27.39
2022-10-14 19:30:00,153.6,154.3,153.5,154.0,129.016
2022-10-14 20:00:00,154.1,154.6,154.1,154.5,281.805
2022-10-14 20:30:00,154.6,154.9,154.5,154.8,152.316
2022-10-14 21:00:00,154.9,155.2,154.7,155.0,241.597
2022-10-14 21:30:00,155.1,155.4,154.5,154.7,168.459
2022-10-14 22:00:00,154.7,155.5,154.5,155.4,79.342
2022-10-14 22:30:00,155.4,155.5,155.2,155.3,116.574
2022-10-14 23:00:00,155.3,155.5,155.2,155.2,51.52
2022-10-14 23:30:00,155.3,155.4,154.8,154.9,15.693
2022-10-15 00:00:00,154.9,155.3,154.9,155.1,31.014
2022-10-15 00:30:00,155.0,155.2,154.7,154.7,30.501
2022-10-15 01:00:00,154.8,155.3,154.8,155.3,11.485
2022-10-15 01:30:00,155.3,155.4,155.1,155.4,15.771
2022-10-15 02:00:00,155.4,155.7,155.3,155.6,212.185
2022-10-15 02:30:00,155.7,156.0,155.6,155.6,148.874
2022-10-15 03:00:00,155.7,155.8,155.4,155.4,125.817
2022-10-15 03:30:00,155.4,155.5,154.6,154.6,1387.991
2022-10-15 04:00:00,154.7,154.9,154.5,154.5,52.81
2022-10-15 04:30:00,154.6,154.6,154.2,154.5,85.222
2022-10-15 05:00:00,154.4,154.4,154.1,154.4,55.639
2022-10-15 05:30:00,154.5,154.9,154.5,154.8,404.465
2022-10-15 06:00:00,154.8,155.0,154.6,154.7,169.277
2022-10-15 06:30:00,154.8,154.8,154.5,154.5,19.657
2022-10-15 07:00:00,154.6,155.1,154.6,154.8,425.806
2022-10-15 07:30:00,154.7,154.8,154.5,154.5,9.835
2022-10-15 08:00:00,154.6,154.8,154.1,154.2,642.063
2022-10-15 08:30:00,154.1,154.1,153.7,153.8,231.386
2022-10-15 09:00:00,153.7,154.1,153.6,154.0,50.911
2022-10-15 09:30:00,154.0,154.5,153.9,154.2,485.836
2022-10-15 10:00:00,154.1,154.4,153.9,154.4,401.771
2022-10-15 10:30:00,154.5,154.6,154.0,154.1,493.09
2022-10-15 11:00:00,154.0,154.4,154.0,154.3,120.637
2022-10-15 11:30:00,154.3,154.6,154.2,154.5,931.156
2022-10-15 12:00:00,154.4,154.6,154.2,154.2,286.236
2022-10-15 12:30:00,154.3,154.5,154.0,154.1,137.61
2022-10-15 13:00:00,154.2,154.4,154.0,154.2,121.806
2022-10-15 13:30:00,154.3,154.5,154.1,154.3,704.857
2022-10-15 14:00:00,154.3,154.4,154.2,154.4,3.727
2022-10-15 14:30:00,154.4,154.4,154.1,154.1,308.28
2022-10-15 15:00:00,154.2,154.4,154.1,154.3,105.057
2022-10-15 15:30:00,154.3,154.4,154.1,154.2,170.185
2022-10-15 16:00:00,154.2,154.4,154.0,154.1,170.965
2022-10-15 16:30:00,154.1,154.1,153.7,153.8,14.002
2022-10-15 17:00:00,153.8,154.0,153.7,153.8,45.953
2022-10-15 17:30:00,153.9,153.9,153.5,153.7,32.63
2022-10-15 18:00:00,153.6,153.8,153.4,153.4,11.966
2022-10-15 18:30:00,153.4,153.6,153.3,153.4,67.073
2022-10-15 19:00:00,153.4,153.4,153.1,153.3,45.19
2022-10-15 19:30:00,153.3,153.3,152.6,153.0,184.844
2022-10-15 20:00:00,152.9,152.9,152.2,152.3,203.904
2022-10-15 20:30:00,152.1,152.4,152.1,152.4,32.574
2022-10-15 21:00:00,152.3,152.8,152.3,152.5,23.181
2022-10-15 21:30:00,152.7,152.7,152.3,152.3,33.208
2022-10-15 22:00:00,152.3,152.6,151.8,151.8,158.914
2022-10-15 22:30:00,151.9,152.1,151.6,151.6,189.16
2022-10-15 23:00:00,151.6,151.7,151.2,151.5,345.547
2022-10-15 23:30:00,151.6,152.0,151.0,151.2,394.983
2022-10-16 00:00:00,151.2,151.3,150.5,150.7,393.42
2022-10-16 00:30:00,150.6,152.0,150.5,151.4,826.599
2022-10-16 01:00:00,151.4,151.5,150.1,150.3,2368.679
2022-10-16 01:30:00,150.3,150.8,150.3,150.6,1191.463
2022-10-16 02:00:00,150.6,150.7,150.0,150.2,1200.738
2022-10-16 02:30:00,150.2,150.6,150.1,150.3,611.791
2022-10-16 03:00:00,150.3,150.5,150.1,150.2,1222.281
2022-10-16 03:30:00,150.1,150.7,150.1,150.2,291.151
2022-10-16 04:00:00,150.2,150.4,150.1,150.4,52.812
2022-10-16 04:30:00,150.3,150.5,150.2,150.4,51.167
2022-10-16 05:00:00,150.4,150.4,150.0,150.4,133.798
2022-10-16 05:30:00,150.4,150.8,150.3,150.5,60.851
2022-10-16 06:00:00,150.3,150.4,150.1,150.3,32.281
2022-10-16 06:30:00,150.2,150.6,150.1,150.5,41.621
2022-10-16 07:00:00,150.4,150.4,150.2,150.3,6.229
2022-10-16 07:30:00,150.2,150.4,150.1,150.1,23.931
2022-10-16 08:00:00,150.1,150.3,149.8,150.1,352.059
2022-10-16 08:30:00,150.2,150.5,150.0,150.2,48.414
2022-10-16 09:00:00,150.0,150.1,147.6,148.8,2755.178
2022-10-16 09:30:00,148.8,149.3,148.7,148.7,391.326
2022-10-16 10:00:00,148.6,148.9,147.7,147.9,562.493
2022-10-16 10:30:00,147.9,148.2,147.3,147.4,949.909
2022-10-16 11:00:00,147.4,147.7,146.3,146.6,1679.195
2022-10-16 11:30:00,146.6,147.0,146.1,146.4,1373.852
2022-10-16 12:00:00,146.4,146.4,145.4,145.6,5089.825
2022-10-16 12:30:00,145.6,146.9,145.1,145.6,1600.859
2022-10-16 13:00:00,145.6,146.1,144.0,145.0,2909.605
2022-10-16 13:30:00,145.0,145.4,144.4,144.8,574.078
2022-10-16 14:00:00,144.7,144.9,143.4,143.6,1352.033
2022-10-16 14:30:00,143.6,144.0,141.3,142.8,3395.812
2022-10-16 15:00:00,142.9,146.9,142.8,145.5,7571.798
2022-10-16 15:30:00,145.5,146.9,144.4,145.3,2638.066
2022-10-16 16:00:00,145.3,145.3,144.0,144.2,1258.922
2022-10-16 16:30:00,144.2,146.0,144.0,145.0,4970.397
2022-10-16 17:00:00,145.0,145.4,144.5,145.2,297.884
2022-10-16 17:30:00,145.1,148.7,145.0,146.5,5675.796
2022-10-16 18:00:00,146.5,146.9,145.7,146.6,486.979
2022-10-16 18:30:00,146.5,146.7,145.7,146.2,110.1
2022-10-16 19:00:00,146.2,146.2,145.4,145.6,189.529
2022-10-16 19:30:00,145.7,147.1,145.7,146.9,607.78
2022-10-16 20:00:00,147.0,147.1,146.4,146.7,186.429
2022-10-16 20:30:00,146.6,147.4,146.5,147.3,80.911
2022-10-16 21:00:00,147.3,147.9,147.0,147.6,251.027
2022-10-16 21:30:00,147.5,147.6,146.4,146.9,208.565
2022-10-16 22:00:00,146.9,147.6,146.2,147.5,469.843
2022-10-16 22:30:00,147.6,147.8,147.5,147.6,153.014
2022-10-16 23:00:00,147.7,148.7,147.7,148.6,574.525
2022-10-16 23:30:00,148.6,148.9,148.2,148.8,252.176
2022-10-17 00:00:00,148.7,148.8,147.8,148.0,140.752
2022-10-17 00:30:00,148.0,148.5,147.7,148.1,128.227
2022-10-17 01:00:00,148.2,148.6,147.8,147.9,68.289
2022-10-17 01:30:00,148.2,148.5,147.7,147.7,42.332
2022-10-17 02:00:00,147.6,148.4,147.5,148.4,88.614
2022-10-17 02:30:00,148.4,148.5,148.2,148.2,45.968
2022-10-17 03:00:00,148.3,148.5,147.7,148.0,119.076
2022-10-17 03:30:00,148.0,148.4,147.8,147.9,103.882
2022-10-17 04:00:00,147.9,148.9,147.9,148.6,674.462
2022-10-17 04:30:00,148.5,149.6,148.3,148.9,565.695
2022-10-17 05:00:00,148.6,149.0,148.5,148.6,65.845
2022-10-17 05:30:00,148.6,148.7,148.4,148.5,28.732
2022-10-17 06:00:00,148.7,149.0,148.3,148.4,118.337
2022-10-17 06:30:00,148.5,148.5,147.4,147.6,297.101
2022-10-17 07:00:00,147.6,148.1,147.6,147.6,104.422
2022-10-17 07:30:00,147.7,147.7,145.3,147.4,1188.408
2022-10-17 08:00:00,147.3,147.5,146.5,147.0,431.906
2022-10-17 08:30:00,147.0,147.0,146.7,146.8,55.212
2022-10-17 09:00:00,146.7,148.1,146.6,147.9,334.411
2022-10-17 09:30:00,148.0,148.4,147.6,147.9,340.409
2022-10-17 10:00:00,147.9,148.4,147.9,148.4,342.312
2022-10-17 10:30:00,148.5,148.7,148.3,148.6,263.213
2022-10-17 11:00:00,148.6,148.9,148.4,148.5,209.057
2022-10-17 11:30:00,148.4,149.7,148.4,149.0,601.307
2022-10-17 12:00:00,149.0,149.1,148.4,148.7,169.263
2022-10-17 12:30:00,148.7,149.1,148.5,148.9,235.493
2022-10-17 13:00:00,148.9,149.0,148.5,148.7,150.16
2022-10-17 13:30:00,148.8,149.5,148.8,149.3,288.33
2022-10-17 14:00:00,149.3,149.3,148.4,148.4,327.867
2022-10-17 14:30:00,148.4,148.8,148.1,148.2,157.048
2022-10-17 15:00:00,148.2,148.7,148.2,148.5,42.642
2022-10-17 15:30:00,148.6,148.7,148.2,148.2,74.185
2022-10-17 16:00:00,148.1,148.7,148.1,148.6,23.632
2022-10-17 16:30:00,148.7,148.7,147.7,147.9,487.218
2022-10-17 17:00:00,147.9,148.3,147.7,148.0,56.857
2022-10-17 17:30:00,148.1,148.1,147.7,148.1,72.628
2022-10-17 18:00:00,148.0,148.7,148.0,148.6,306.669
2022-10-17 18:30:00,148.6,149.6,148.5,149.4,585.72
2022-10-17 19:00:00,149.4,149.7,149.1,149.3,269.49
2022-10-17 19:30:00,149.3,149.3,149.0,149.2,18.394
2022-10-17 20:00:00,149.1,149.7,149.1,149.3,61.245
2022-10-17 20:30:00,149.5,149.9,149.3,149.7,147.625
2022-10-17 21:00:00,149.6,149.6,149.1,149.1,23.631
2022-10-17 21:30:00,149.1,149.4,148.9,149.1,48.351
2022-10-17 22:00:00,149.2,149.7,149.2,149.6,61.473
2022-10-17 22:30:00,149.5,149.8,149.2,149.7,248.359
2022-10-17 23:00:00,149.7,149.7,149.3,149.3,18.747
2022-10-17 23:30:00,149.4,149.5,149.3,149.4,169.297
2022-10-18 00:00:00,149.4,150.0,149.4,149.7,214.812
2022-10-18 00:30:00,149.8,150.2,149.6,149.6,262.703
2022-10-18 01:00:00,149.7,149.9,149.3,149.5,39.234
2022-10-18 01:30:00,149.3,149.4,148.6,148.9,230.994
2022-10-18 02:00:00,148.8,149.0,148.6,148.7,10.948
2022-10-18 02:30:00,148.7,149.2,148.7,148.7,31.43
2022-10-18 03:00:00,148.8,149.1,148.7,148.8,24.432
2022-10-18 03:30:00,148.7,149.4,148.7,149.0,125.629
2022-10-18 04:00:00,149.2,149.4,149.0,149.0,32.596
2022-10-18 04:30:00,149.1,149.2,148.7,148.9,49.398
2022-10-18 05:00:00,148.8,149.1,148.4,148.5,69.751
2022-10-18 05:30:00,148.4,148.4,147.7,148.2,418.055
2022-10-18 06:00:00,148.1,148.2,147.8,147.8,154.59
2022-10-18 06:30:00,147.9,148.4,147.8,147.9,148.241
2022-10-18 07:00:00,147.8,148.1,147.3,147.8,182.224
2022-10-18 07:30:00,147.8,148.4,147.8,148.1,126.239
2022-10-18 08:00:00,148.2,148.4,148.1,148.3,79.697
2022-10-18 08:30:00,148.2,155.0,148.1,149.8,3075.136
2022-10-18 09:00:00,149.7,149.7,148.5,149.6,671.934
2022-10-18 09:30:00,149.3,150.0,149.3,149.8,534.504
2022-10-18 10:00:00,149.7,149.8,149.2,149.5,490.834
2022-10-18 10:30:00,149.3,150.0,149.2,149.9,353.575
2022-10-18 11:00:00,149.9,150.9,149.3,149.7,1371.427
2022-10-18 11:30:00,149.7,150.2,149.5,149.8,397.399
2022-10-18 12:00:00,149.8,150.5,149.7,150.1,615.719
2022-10-18 12:30:00,150.1,150.4,150.0,150.4,348.274
2022-10-18 13:00:00,150.4,150.5,149.8,150.3,136.527
2022-10-18 13:30:00,150.3,150.4,149.4,149.4,259.923
2022-10-18 14:00:00,149.5,149.8,148.8,149.1,478.616
2022-10-18 14:30:00,149.1,149.7,148.6,149.4,199.757
2022-10-18 15:00:00,149.4,149.6,149.0,149.0,155.023
2022-10-18 15:30:00,149.0,149.5,148.7,149.5,29.632
2022-10-18 16:00:00,149.5,150.1,149.4,149.6,164.455
2022-10-18 16:30:00,149.8,150.3,149.8,150.0,108.59
2022-10-18 17:00:00,150.1,150.6,149.8,150.4,160.425
2022-10-18 17:30:00,150.4,150.7,150.0,150.1,88.266
2022-10-18 18:00:00,150.2,150.7,150.1,150.2,44.264
2022-10-18 18:30:00,150.1,150.1,149.2,149.3,102.871
2022-10-18 19:00:00,149.2,149.8,148.9,149.6,21.046
2022-10-18 19:30:00,149.8,150.0,149.6,149.9,87.875
2022-10-18 20:00:00,149.9,150.3,149.4,149.9,232.466
2022-10-18 20:30:00,149.9,150.2,149.6,149.9,18.462
2022-10-18 21:00:00,149.8,150.0,149.8,149.9,19.561
2022-10-18 21:30:00,150.0,150.5,149.9,150.1,120.541
2022-10-18 22:00:00,150.0,150.1,149.6,150.1,38.856
2022-10-18 22:30:00,150.1,150.3,149.7,150.2,37.991
2022-10-18 23:00:00,150.3,150.4,150.0,150.3,52.679
2022-10-18 23:30:00,150.4,150.4,150.0,150.0,32.875
2022-10-19 00:00:00,149.9,150.3,149.9,150.1,57.199
2022-10-19 00:30:00,150.1,150.2,149.8,149.9,30.138
2022-10-19 01:00:00,149.9,150.4,149.8,150.2,140.581
2022-10-19 01:30:00,150.2,150.4,149.7,149.9,130.426
2022-10-19 02:00:00,149.7,149.9,149.4,149.5,31.731
2022-10-19 02:30:00,149.4,149.9,149.4,149.9,21.425
2022-10-19 03:00:00,149.8,150.1,149.4,149.8,78.131
2022-10-19 03:30:00,149.7,150.2,149.6,149.9,95.325
2022-10-19 04:00:00,149.7,150.1,149.6,149.9,74.275
2022-10-19 04:30:00,149.8,150.0,149.6,149.6,29.924
2022-10-19 05:00:00,149.7,150.0,149.7,149.8,53.919
2022-10-19 05:30:00,149.7,149.8,148.9,149.3,197.868
2022-10-19 06:00:00,149.1,149.9,148.9,149.1,214.257
2022-10-19 06:30:00,149.2,149.8,148.6,148.9,333.623
2022-10-19 07:00:00,148.9,149.8,148.8,149.7,128.723
2022-10-19 07:30:00,149.6,149.7,148.9,149.1,33.7
2022-10-19 08:00:00,149.1,149.4,148.7,148.9,111.81
2022-10-19 08:30:00,149.0,149.5,148.8,149.3,92.129
2022-10-19 09:00:00,149.2,149.5,149.2,149.2,20.374
2022-10-19 09:30:00,149.1,149.4,149.0,149.3,15.395
2022-10-19 10:00:00,149.3,149.3,149.1,149.1,11.345
2022-10-19 10:30:00,149.1,149.1,148.7,149.0,117.865
2022-10-19 11:00:00,148.8,149.0,148.6,149.0,28.551
2022-10-19 11:30:00,148.9,149.1,148.9,149.1,36.218
2022-10-19 12:00:00,149.1,149.2,148.9,149.0,21.503
2022-10-19 12:30:00,149.0,149.1,148.6,149.0,22.31
2022-10-19 13:00:00,149.0,149.4,148.7,149.3,111.783
2022-10-19 13:30:00,149.3,149.6,148.4,148.5,235.844
2022-10-19 14:00:00,148.5,149.0,148.2,149.0,102.848
2022-10-19 14:30:00,148.9,148.9,148.4,148.7,62.837
2022-10-19 15:00:00,148.6,149.1,148.6,148.8,108.003
2022-10-19 15:30:00,148.7,149.2,148.7,149.1,54.878
2022-10-19 16:00:00,149.1,149.1,148.8,148.9,36.347
2022-10-19 16:30:00,148.9,148.9,148.5,148.5,12.988
2022-10-19 17:00:00,148.6,148.6,148.1,148.4,58.67
2022-10-19 17:30:00,148.4,148.5,148.1,148.2,66.303
2022-10-19 18:00:00,148.3,148.6,148.2,148.2,22.351
2022-10-19 18:30:00,148.3,148.3,147.8,148.1,123.32
2022-10-19 19:00:00,148.0,148.5,147.9,148.4,35.516
2022-10-19 19:30:00,148.1,148.3,148.1,148.3,15.191
2022-10-19 20:00:00,148.3,148.5,148.0,148.3,24.041
2022-10-19 20:30:00,148.3,148.3,148.2,148.3,6.552
2022-10-19 21:00:00,148.2,148.5,148.1,148.1,21.669
2022-10-19 21:30:00,148.1,148.4,148.1,148.4,18.616
2022-10-19 22:00:00,148.3,148.3,148.1,148.1,2.042
2022-10-19 22:30:00,148.1,148.1,147.5,147.9,102.94
2022-10-19 23:00:00,147.8,147.9,147.1,147.2,210.001
2022-10-19 23:30:00,147.1,147.2,146.1,146.8,567.998
2022-10-20 00:00:00,146.9,147.0,146.2,146.2,94.86
2022-10-20 00:30:00,146.4,146.4,145.3,145.9,288.174
2022-10-20 01:00:00,145.7,146.0,145.6,145.7,40.835
2022-10-20 01:30:00,145.8,146.1,145.8,145.9,32.334
2022-10-20 02:00:00,145.9,147.2,145.9,147.2,378.211
2022-10-20 02:30:00,147.2,148.1,147.0,147.6,728.658
2022-10-20 03:00:00,147.6,147.8,147.2,147.3,31.13
2022-10-20 03:30:00,147.2,147.6,147.1,147.5,45.897
2022-10-20 04:00:00,147.4,147.6,147.3,147.4,74.715
2022-10-20 04:30:00,147.4,147.8,147.3,147.8,33.955
2022-10-20 05:00:00,147.9,148.4,147.7,148.0,191.328
2022-10-20 05:30:00,147.9,148.2,147.9,148.2,19.139
2022-10-20 06:00:00,148.1,148.2,147.8,147.8,15.001
2022-10-20 06:30:00,147.7,147.8,147.6,147.7,47.361
2022-10-20 07:00:00,147.9,148.0,147.3,147.6,313.095
2022-10-20 07:30:00,147.8,149.2,147.8,147.9,276.144
2022-10-20 08:00:00,148.1,148.2,148.0,148.2,53.112
2022-10-20 08:30:00,148.1,148.5,148.0,148.1,173.393
2022-10-20 09:00:00,148.1,148.2,147.9,148.0,16.907
2022-10-20 09:30:00,148.0,148.4,147.7,148.3,62.262
2022-10-20 10:00:00,148.3,148.3,147.8,148.0,27.978
2022-10-20 10:30:00,148.1,149.7,148.0,149.2,500.832
2022-10-20 11:00:00,148.9,149.3,148.4,148.5,121.672
2022-10-20 11:30:00,148.6,148.7,148.3,148.3,35.68
2022-10-20 12:00:00,148.4,148.7,148.3,148.5,190.676
2022-10-20 12:30:00,148.5,148.5,147.6,147.6,259.551
2022-10-20 13:00:00,147.6,147.6,147.2,147.6,98.989
2022-10-20 13:30:00,147.4,148.0,147.1,147.7,100.463
2022-10-20 14:00:00,147.7,148.3,147.6,148.3,475.704
2022-10-20 14:30:00,148.2,148.2,147.5,148.1,118.862
2022-10-20 15:00:00,148.1,148.3,148.0,148.2,90.42
2022-10-20 15:30:00,148.1,148.3,147.9,148.3,94.185
2022-10-20 16:00:00,148.3,148.3,147.3,147.3,64.289
2022-10-20 16:30:00,147.4,147.8,147.4,147.5,104.477
2022-10-20 17:00:00,147.5,147.5,146.4,146.9,255.417
2022-10-20 17:30:00,146.9,147.3,146.4,146.8,125.527
2022-10-20 18:00:00,146.7,146.8,145.5,146.1,593.129
2022-10-20 18:30:00,146.0,146.7,146.0,146.7,187.138
2022-10-20 19:00:00,146.7,147.5,146.7,147.0,346.423
2022-10-20 19:30:00,146.9,147.2,146.5,146.8,76.604
2022-10-20 20:00:00,146.7,147.0,145.9,146.0,204.244
2022-10-20 20:30:00,146.0,146.9,145.8,146.5,127.704
2022-10-20 21:00:00,146.3,146.3,146.0,146.2,14.415
2022-10-20 21:30:00,146.3,147.1,146.2,146.6,210.931
2022-10-20 22:00:00,146.6,146.9,146.5,146.6,219.413
2022-10-20 22:30:00,146.5,146.9,146.4,146.9,49.465
2022-10-20 23:00:00,146.9,147.4,146.8,147.1,218.277
2022-10-20 23:30:00,147.1,147.1,146.7,146.7,254.329
2022-10-21 00:00:00,146.7,146.8,145.5,145.9,380.023
2022-10-21 00:30:00,145.7,146.1,145.3,146.1,159.115
2022-10-21 01:00:00,146.1,146.3,146.1,146.3,31.429
2022-10-21 01:30:00,146.1,146.6,146.1,146.6,94.868
2022-10-21 02:00:00,146.6,147.2,146.5,147.1,219.549
2022-10-21 02:30:00,147.1,147.3,146.7,146.9,57.99
2022-10-21 03:00:00,146.8,147.5,146.8,147.4,135.503
2022-10-21 03:30:00,147.4,147.4,146.9,146.9,26.512
2022-10-21 04:00:00,146.9,147.2,146.7,147.0,73.878
2022-10-21 04:30:00,147.1,147.2,146.9,147.0,21.286
2022-10-21 05:00:00,147.0,147.2,146.9,146.9,4.768
2022-10-21 05:30:00,147.0,147.2,146.9,147.0,1.55
2022-10-21 06:00:00,147.0,147.5,146.9,147.0,119.92
2022-10-21 06:30:00,147.1,147.1,146.5,146.6,178.794
2022-10-21 07:00:00,146.4,147.0,146.3,146.8,57.137
2022-10-21 07:30:00,146.7,146.7,146.0,146.0,80.06
2022-10-21 08:00:00,146.0,146.4,145.6,145.7,376.33
2022-10-21 08:30:00,145.7,145.8,143.7,143.9,2066.422
2022-10-21 09:00:00,143.8,145.1,143.7,144.9,225.383
2022-10-21 09:30:00,144.9,145.4,144.1,145.3,484.645
2022-10-21 10:00:00,145.3,145.5,144.5,144.7,118.242
2022-10-21 10:30:00,144.6,144.8,144.3,144.7,99.903
2022-10-21 11:00:00,144.9,145.2,144.3,145.2,56.059
2022-10-21 11:30:00,145.2,145.2,144.3,144.3,32.629
2022-10-21 12:00:00,144.4,144.4,142.8,143.9,1301.067
2022-10-21 12:30:00,144.0,144.5,143.7,144.4,219.665
2022-10-21 13:00:00,144.3,145.4,144.3,144.5,413.041
2022-10-21 13:30:00,144.7,145.6,144.3,145.6,353.257
2022-10-21 14:00:00,145.5,146.2,144.8,144.8,434.675
2022-10-21 14:30:00,145.0,145.0,144.3,144.5,460.686
2022-10-21 15:00:00,144.4,144.5,144.1,144.4,112.539
2022-10-21 15:30:00,144.5,145.1,144.4,145.1,77.764
2022-10-21 16:00:00,145.1,145.9,145.0,145.6,476.754
2022-10-21 16:30:00,145.6,145.9,145.4,145.7,79.151
2022-10-21 17:00:00,145.5,145.9,145.5,145.9,19.608
2022-10-21 17:30:00,145.8,145.9,145.6,145.8,12.337
2022-10-21 18:00:00,145.8,146.4,145.8,146.0,239.197
2022-10-21 18:30:00,146.0,146.5,145.9,146.4,95.795
2022-10-21 19:00:00,146.4,146.9,146.3,146.7,201.528
2022-10-21 19:30:00,146.7,147.0,146.3,146.6,97.785
2022-10-21 20:00:00,146.6,147.0,146.6,146.7,63.238
2022-10-21 20:30:00,146.7,146.7,146.2,146.5,12.614
2022-10-21 21:00:00,146.5,146.6,145.3,145.9,313.775
2022-10-21 21:30:00,146.0,146.1,145.7,145.9,84.816
2022-10-21 22:00:00,145.9,146.4,145.9,146.1,11.781
2022-10-21 22:30:00,146.2,146.2,146.0,146.2,4.511
2022-10-21 23:00:00,146.2,146.4,146.0,146.4,20.305
2022-10-21 23:30:00,146.3,146.5,146.2,146.5,47.6
2022-10-22 00:00:00,146.4,146.8,146.1,146.6,262.082
2022-10-22 00:30:00,146.7,147.0,146.6,146.7,145.054
2022-10-22 01:00:00,146.8,146.8,146.2,146.2,51.904
2022-10-22 01:30:00,146.1,146.1,145.5,145.7,139.349
2022-10-22 02:00:00,145.6,145.8,145.4,145.5,42.96
2022-10-22 02:30:00,145.6,145.6,145.2,145.5,130.257
2022-10-22 03:00:00,145.3,145.6,145.2,145.3,30.309
2022-10-22 03:30:00,145.3,145.5,145.3,145.3,2.573
2022-10-22 04:00:00,145.4,145.4,145.0,145.1,23.863
2022-10-22 04:30:00,145.2,145.2,144.8,144.8,60.436
2022-10-22 05:00:00,145.0,145.0,144.5,144.7,40.777
2022-10-22 05:30:00,144.7,144.7,144.5,144.7,15.852
2022-10-22 06:00:00,144.8,145.9,144.8,145.3,212.051
2022-10-22 06:30:00,145.4,145.4,145.1,145.4,12.919
2022-10-22 07:00:00,145.4,145.8,145.4,145.4,87.676
2022-10-22 07:30:00,145.5,145.5,145.1,145.3,22.112
2022-10-22 08:00:00,145.2,145.5,145.2,145.5,13.425
2022-10-22 08:30:00,145.5,145.6,145.1,145.3,55.848
2022-10-22 09:00:00,145.2,145.7,145.2,145.5,47.911
2022-10-22 09:30:00,145.5,145.9,145.5,145.6,168.018
2022-10-22 10:00:00,145.3,145.6,145.3,145.6,15.14
2022-10-22 10:30:00,145.6,145.9,145.5,145.8,90.658
2022-10-22 11:00:00,145.8,145.9,145.5,145.8,36.14
2022-10-22 11:30:00,145.7,146.2,145.7,146.1,224.749
2022-10-22 12:00:00,146.1,146.4,145.6,145.9,193.991
2022-10-22 12:30:00,145.8,145.8,145.6,145.7,103.012
2022-10-22 13:00:00,145.7,146.5,145.6,146.3,702.009
2022-10-22 13:30:00,146.4,146.4,145.4,145.4,73.785
2022-10-22 14:00:00,145.5,145.9,145.5,145.8,43.956
2022-10-22 14:30:00,145.6,146.1,145.6,146.0,43.113
2022-10-22 15:00:00,146.1,146.2,146.0,146.2,51.581
2022-10-22 15:30:00,146.0,146.5,144.7,144.9,509.937
2022-10-22 16:00:00,144.8,144.9,143.5,144.0,871.305
2022-10-22 16:30:00,144.0,144.0,143.4,143.5,290.835
2022-10-22 17:00:00,143.5,143.5,142.6,142.9,570.457
2022-10-22 17:30:00,142.8,143.2,142.6,142.9,88.866
2022-10-22 18:00:00,142.7,142.7,142.3,142.4,291.136
2022-10-22 18:30:00,142.4,142.5,142.0,142.2,211.803
2022-10-22 19:00:00,142.1,143.1,142.1,142.2,195.89
2022-10-22 19:30:00,142.4,142.7,142.3,142.6,65.498
2022-10-22 20:00:00,142.7,143.2,142.6,143.1,166.888
2022-10-22 20:30:00,143.2,143.7,143.2,143.5,199.119
2022-10-22 21:00:00,143.6,143.7,143.3,143.6,162.597
2022-10-22 21:30:00,143.6,144.0,143.5,143.9,322.026
2022-10-22 22:00:00,143.9,144.1,143.6,144.0,46.334
2022-10-22 22:30:00,143.9,144.1,143.8,144.0,121.763
2022-10-22 23:00:00,144.0,144.3,143.9,143.9,76.172
2022-10-22 23:30:00,144.1,144.2,144.0,144.0,25.916
2022-10-23 00:00:00,144.2,144.5,144.1,144.3,162.87
2022-10-23 00:30:00,144.2,144.6,144.1,144.4,79.809
2022-10-23 01:00:00,144.5,144.8,144.3,144.5,416.384
2022-10-23 01:30:00,144.7,145.0,144.6,144.7,167.727
2022-10-23 02:00:00,144.8,145.2,144.8,145.0,108.37
2022-10-23 02:30:00,145.3,145.5,145.1,145.2,209.168
2022-10-23 03:00:00,145.2,145.2,144.8,144.8,20.025
2022-10-23 03:30:00,144.8,145.1,144.8,145.0,4.174
2022-10-23 04:00:00,145.0,145.1,144.8,145.0,4.001
2022-10-23 04:30:00,144.9,145.1,144.1,144.4,143.067
2022-10-23 05:00:00,144.4,144.4,144.3,144.4,12.596
2022-10-23 05:30:00,144.4,144.5,144.1,144.2,7.289
2022-10-23 06:00:00,144.2,144.2,144.0,144.1,39.016
2022-10-23 06:30:00,144.0,144.2,143.7,144.1,159.823
2022-10-23 07:00:00,144.3,144.8,144.2,144.6,68.673
2022-10-23 07:30:00,144.5,144.5,144.2,144.3,13.232
2022-10-23 08:00:00,144.1,144.4,143.9,144.4,94.976
2022-10-23 08:30:00,144.3,144.9,144.3,144.7,84.267
2022-10-23 09:00:00,144.7,144.8,144.4,144.8,16.749
2022-10-23 09:30:00,144.8,144.9,144.3,144.3,61.272
2022-10-23 10:00:00,144.3,144.3,143.8,144.1,146.553
2022-10-23 10:30:00,144.2,144.3,143.9,144.0,53.792
2022-10-23 11:00:00,143.9,143.9,143.0,143.1,607.25
2022-10-23 11:30:00,143.2,143.3,143.0,143.2,183.227
2022-10-23 12:00:00,143.2,143.2,142.4,142.9,416.945
2022-10-23 12:30:00,143.0,143.7,142.7,143.6,186.406
2022-10-23 13:00:00,143.6,143.8,143.3,143.8,133.026
2022-10-23 13:30:00,143.6,143.8,143.4,143.7,52.291
2022-10-23 14:00:00,143.7,144.0,143.6,143.6,45.609
2022-10-23 14:30:00,143.7,143.7,143.2,143.2,16.073
2022-10-23 15:00:00,143.4,143.4,142.9,143.1,43.961
2022-10-23 15:30:00,143.3,143.5,143.1,143.2,105.009
2022-10-23 16:00:00,143.2,143.5,143.2,143.3,13.627
2022-10-23 16:30:00,143.2,143.3,142.9,142.9,18.267
2022-10-23 17:00:00,142.9,143.3,142.7,143.2,70.326
2022-10-23 17:30:00,143.3,144.3,142.9,143.3,449.645
2022-10-23 18:00:00,143.7,144.1,143.0,143.8,293.245
2022-10-23 18:30:00,143.9,144.3,143.5,143.9,404.576
2022-10-23 19:00:00,144.0,144.7,143.9,144.6,407.145
2022-10-23 19:30:00,144.6,145.0,144.5,144.9,303.737
2022-10-23 20:00:00,144.9,144.9,144.5,144.8,62.166
2022-10-23 20:30:00,144.6,144.6,144.3,144.4,8.488
2022-10-23 21:00:00,144.5,144.5,144.0,144.2,134.502
2022-10-23 21:30:00,144.2,144.9,144.0,144.8,85.08
2022-10-23 22:00:00,144.8,146.7,144.6,146.2,4517.604
2022-10-23 22:30:00,146.2,146.4,145.9,146.2,134.964
2022-10-23 23:00:00,146.2,146.3,145.7,145.7,62.474
2022-10-23 23:30:00,145.8,146.6,145.5,146.3,303.96
2022-10-24 00:00:00,146.2,146.2,145.4,145.6,232.869
2022-10-24 00:30:00,145.7,146.0,145.1,145.3,84.934
2022-10-24 01:00:00,145.2,145.3,144.6,144.7,295.954
2022-10-24 01:30:00,144.6,144.8,144.4,144.5,123.473
2022-10-24 02:00:00,144.6,144.7,144.3,144.5,189.349
2022-10-24 02:30:00,144.5,144.7,144.2,144.5,93.715
2022-10-24 03:00:00,144.4,144.4,144.1,144.3,55.123
2022-10-24 03:30:00,144.3,144.7,144.2,144.2,43.744
2022-10-24 04:00:00,144.4,144.6,143.4,144.1,383.779
2022-10-24 04:30:00,144.2,144.6,144.2,144.2,74.209
2022-10-24 05:00:00,144.5,144.6,144.0,144.2,40.433
2022-10-24 05:30:00,144.2,144.3,143.8,144.1,49.993
2022-10-24 06:00:00,144.0,144.1,143.8,143.9,37.651
2022-10-24 06:30:00,144.0,144.2,143.8,143.8,26.316
2022-10-24 07:00:00,143.8,144.1,143.6,143.6,62.345
2022-10-24 07:30:00,143.8,144.3,143.5,144.3,46.334
2022-10-24 08:00:00,144.3,144.3,143.8,144.0,134.761
2022-10-24 08:30:00,144.1,146.1,144.0,144.9,448.126
2022-10-24 09:00:00,144.8,145.2,144.8,145.1,42.851
2022-10-24 09:30:00,145.2,145.4,145.0,145.4,54.418
2022-10-24 10:00:00,145.4,145.6,145.1,145.4,102.942
2022-10-24 10:30:00,145.6,145.8,145.4,145.6,171.69
2022-10-24 11:00:00,145.5,145.5,145.1,145.4,75.658
2022-10-24 11:30:00,145.5,145.6,144.9,145.2,600.023
2022-10-24 12:00:00,145.4,145.4,144.6,144.9,104.297
2022-10-24 12:30:00,144.9,145.2,144.5,145.0,68.79
2022-10-24 13:00:00,144.9,145.1,144.8,144.9,27.262
2022-10-24 13:30:00,144.8,145.0,144.5,145.0,65.218
2022-10-24 14:00:00,144.7,144.8,143.8,144.1,940.296
2022-10-24 14:30:00,144.2,145.0,144.1,145.0,127.039
2022-10-24 15:00:00,144.9,145.4,144.9,145.1,110.815
2022-10-24 15:30:00,145.2,145.5,144.9,145.4,134.997
2022-10-24 16:00:00,145.5,145.7,145.0,145.6,147.478
2022-10-24 16:30:00,145.5,145.5,145.1,145.5,36.233
2022-10-24 17:00:00,145.5,145.8,145.4,145.5,300.746
2022-10-24 17:30:00,145.5,145.9,145.5,145.6,216.015
2022-10-24 18:00:00,145.7,145.9,145.2,145.8,204.189
2022-10-24 18:30:00,145.8,146.1,145.4,145.5,314.828
2022-10-24 19:00:00,145.5,145.7,145.2,145.3,19.363
2022-10-24 19:30:00,145.3,145.4,145.1,145.4,15.231
2022-10-24 20:00:00,145.1,145.3,145.1,145.2,4.284
2022-10-24 20:30:00,145.2,145.4,144.9,145.4,33.186
2022-10-24 21:00:00,145.3,145.6,145.1,145.1,47.871
2022-10-24 21:30:00,145.0,145.3,144.9,145.0,14.218
2022-10-24 22:00:00,145.0,145.0,144.8,144.9,54.847
2022-10-24 22:30:00,145.0,145.5,145.0,145.4,9.961
2022-10-24 23:00:00,145.3,145.3,144.8,144.8,42.653
2022-10-24 23:30:00,144.9,145.0,144.6,144.9,74.352
2022-10-25 00:00:00,144.9,145.9,144.8,145.5,208.03
2022-10-25 00:30:00,145.5,145.6,145.2,145.3,22.49
2022-10-25 01:00:00,145.3,145.3,144.9,145.0,62.231
2022-10-25 01:30:00,144.9,145.4,144.9,145.4,42.46
2022-10-25 02:00:00,145.4,145.4,145.2,145.4,31.768
2022-10-25 02:30:00,145.5,145.5,145.1,145.4,11.971
2022-10-25 03:00:00,145.4,145.8,145.4,145.8,65.076
2022-10-25 03:30:00,145.8,146.0,145.7,145.9,57.756
2022-10-25 04:00:00,145.9,146.4,145.9,146.2,203.626
2022-10-25 04:30:00,146.2,146.3,145.9,146.2,50.137
2022-10-25 05:00:00,146.2,146.2,145.8,145.8,18.845
2022-10-25 05:30:00,145.8,146.1,145.8,146.1,25.886
2022-10-25 06:00:00,146.1,146.3,146.1,146.2,59.042
2022-10-25 06:30:00,146.2,146.6,145.9,145.9,423.939
2022-10-25 07:00:00,145.8,145.8,145.4,145.4,33.94
2022-10-25 07:30:00,145.3,145.7,145.3,145.6,15.91
2022-10-25 08:00:00,145.7,145.9,145.5,145.5,18.063
2022-10-25 08:30:00,145.4,145.8,145.4,145.6,52.195
2022-10-25 09:00:00,145.5,145.5,145.0,145.3,160.861
2022-10-25 09:30:00,145.3,145.5,145.2,145.3,68.576
2022-10-25 10:00:00,145.0,145.5,145.0,145.4,60.008
2022-10-25 10:30:00,145.3,145.3,144.7,145.0,157.972
2022-10-25 11:00:00,145.1,145.2,145.0,145.1,22.43
2022-10-25 11:30:00,145.2,145.5,145.2,145.4,27.64
2022-10-25 12:00:00,145.4,145.8,145.4,145.6,66.276
2022-10-25 12:30:00,145.6,146.0,145.3,145.8,41.547
2022-10-25 13:00:00,145.9,146.1,145.8,146.0,134.633
2022-10-25 13:30:00,145.9,146.4,145.9,145.9,427.65
2022-10-25 14:00:00,146.0,146.3,145.7,146.2,124.057
2022-10-25 14:30:00,146.3,146.4,145.9,145.9,47.053
2022-10-25 15:00:00,146.0,146.4,146.0,146.3,33.284
2022-10-25 15:30:00,146.3,147.5,146.3,146.7,782.421
2022-10-25 16:00:00,146.7,147.5,146.7,147.1,290.856
2022-10-25 16:30:00,147.1,147.2,146.6,147.0,138.784
2022-10-25 17:00:00,147.1,148.8,147.1,147.7,1672.173
2022-10-25 17:30:00,147.8,148.8,147.7,148.6,295.997
2022-10-25 18:00:00,148.6,148.7,147.6,148.4,202.41
2022-10-25 18:30:00,148.4,148.6,147.5,147.6,590.534
2022-10-25 19:00:00,147.7,147.7,147.3,147.6,58.131
2022-10-25 19:30:00,147.5,148.0,147.1,147.8,71.792
2022-10-25 20:00:00,147.7,147.7,146.5,146.8,211.269
2022-10-25 20:30:00,146.8,147.3,146.8,147.1,64.524
2022-10-25 21:00:00,147.2,147.3,147.0,147.1,36.312
2022-10-25 21:30:00,147.1,147.8,147.1,147.6,172.524
2022-10-25 22:00:00,147.7,147.7,146.9,147.5,42.806
2022-10-25 22:30:00,147.5,148.1,147.2,148.0,161.449
2022-10-25 23:00:00,148.0,148.1,147.3,147.7,114.993
2022-10-25 23:30:00,147.7,147.9,147.6,147.6,35.946
2022-10-26 00:00:00,147.7,147.7,146.5,146.6,267.823
2022-10-26 00:30:00,146.6,146.8,146.4,146.6,117.295
2022-10-26 01:00:00,146.6,146.6,145.6,145.9,338.846
2022-10-26 01:30:00,146.0,146.4,145.8,146.3,39.652
2022-10-26 02:00:00,146.3,146.8,146.3,146.6,71.287
2022-10-26 02:30:00,146.6,147.0,146.6,146.8,43.145
2022-10-26 03:00:00,146.9,147.3,146.8,147.3,105.72
2022-10-26 03:30:00,147.3,147.3,147.0,147.1,28.715
2022-10-26 04:00:00,147.0,147.5,147.0,147.5,129.98
2022-10-26 04:30:00,147.5,148.2,147.4,147.8,389.478
2022-10-26 05:00:00,147.8,147.9,147.4,147.5,41.582
2022-10-26 05:30:00,147.5,147.7,147.2,147.6,10.146
2022-10-26 06:00:00,147.7,148.0,147.5,147.6,97.994
2022-10-26 06:30:00,147.4,148.1,147.4,147.9,70.529
2022-10-26 07:00:00,147.9,148.6,147.7,148.6,491.025
2022-10-26 07:30:00,148.5,148.7,147.9,147.9,52.922
2022-10-26 08:00:00,147.9,148.1,147.1,147.1,146.826
2022-10-26 08:30:00,147.2,148.2,147.1,148.0,874.998
2022-10-26 09:00:00,148.0,148.2,147.8,147.9,135.049
2022-10-26 09:30:00,147.8,148.1,147.7,147.9,21.183
2022-10-26 10:00:00,147.9,147.9,147.5,147.9,134.732
2022-10-26 10:30:00,147.8,148.3,147.8,148.0,98.561
2022-10-26 11:00:00,148.1,148.3,147.8,147.8,41.697
2022-10-26 11:30:00,147.8,147.9,147.5,147.5,30.648
2022-10-26 12:00:00,147.5,147.5,146.8,146.8,337.988
2022-10-26 12:30:00,146.8,147.0,146.5,146.5,293.065
2022-10-26 13:00:00,146.6,146.6,145.8,145.9,463.732
2022-10-26 13:30:00,145.9,146.5,145.7,146.3,193.371
2022-10-26 14:00:00,146.4,147.2,146.4,146.5,325.996
2022-10-26 14:30:00,146.5,146.7,146.0,146.1,286.648
2022-10-26 15:00:00,146.1,146.7,146.0,146.5,52.055
2022-10-26 15:30:00,146.5,146.8,146.1,146.2,56.352
2022-10-26 16:00:00,146.2,146.4,146.0,146.1,208.59
2022-10-26 16:30:00,146.1,146.4,145.9,146.1,118.068
2022-10-26 17:00:00,146.1,146.5,146.1,146.2,49.432
2022-10-26 17:30:00,146.1,146.8,146.1,146.8,36.79
2022-10-26 18:00:00,146.8,146.9,146.5,146.5,53.961
2022-10-26 18:30:00,146.5,146.6,146.2,146.3,70.577
2022-10-26 19:00:00,146.1,146.2,146.0,146.1,20.299
2022-10-26 19:30:00,146.0,146.3,146.0,146.1,30.002
2022-10-26 20:00:00,146.3,146.5,145.8,145.8,98.71
2022-10-26 20:30:00,145.8,145.9,145.6,145.8,155.403
2022-10-26 21:00:00,145.9,147.2,145.9,146.3,383.663
2022-10-26 21:30:00,146.2,146.5,146.2,146.4,66.364
2022-10-26 22:00:00,146.3,146.8,146.2,146.5,43.915
2022-10-26 22:30:00,146.6,146.8,146.3,146.6,59.649
2022-10-26 23:00:00,146.6,147.0,146.6,146.7,181.216
2022-10-26 23:30:00,146.7,146.8,146.4,146.4,13.314
2022-10-27 00:00:00,146.5,147.0,146.2,146.2,113.108
2022-10-27 00:30:00,146.3,146.4,146.1,146.4,54.793
2022-10-27 01:00:00,146.4,147.4,146.4,146.7,409.452
2022-10-27 01:30:00,146.7,146.8,146.2,146.3,209.723
2022-10-27 02:00:00,146.4,147.0,146.1,146.1,216.785
2022-10-27 02:30:00,146.1,146.3,146.0,146.0,81.04
2022-10-27 03:00:00,146.0,146.6,145.7,145.9,430.129
2022-10-27 03:30:00,145.9,146.1,145.1,145.4,1511.261
2022-10-27 04:00:00,145.4,146.0,145.4,145.8,407.891
2022-10-27 04:30:00,145.8,146.2,145.8,146.1,104.435
2022-10-27 05:00:00,146.2,146.5,146.2,146.5,129.362
2022-10-27 05:30:00,146.6,147.1,146.5,146.8,427.149
2022-10-27 06:00:00,146.8,147.4,146.8,147.4,141.806
2022-10-27 06:30:00,147.4,147.7,147.0,147.3,634.763
2022-10-27 07:00:00,147.3,147.5,147.1,147.1,247.834
2022-10-27 07:30:00,147.0,147.0,146.4,146.9,369.002
2022-10-27 08:00:00,146.9,147.0,146.7,146.9,131.518
2022-10-27 08:30:00,146.9,147.1,146.8,146.8,71.321
2022-10-27 09:00:00,146.9,147.1,146.3,146.5,253.419
2022-10-27 09:30:00,146.6,147.0,146.5,146.7,228.858
2022-10-27 10:00:00,146.7,146.8,146.4,146.7,70.21
2022-10-27 10:30:00,146.7,147.0,146.7,146.9,26.974
2022-10-27 11:00:00,146.9,147.2,146.8,146.8,57.495
2022-10-27 11:30:00,146.8,147.1,146.7,146.9,47.777
2022-10-27 12:00:00,146.8,146.9,146.3,146.4,65.302
2022-10-27 12:30:00,146.3,146.6,145.9,146.6,249.357
2022-10-27 13:00:00,146.7,146.8,146.6,146.7,32.506
2022-10-27 13:30:00,146.7,146.9,145.6,145.7,172.614
2022-10-27 14:00:00,145.6,146.2,145.4,146.2,145.022
2022-10-27 14:30:00,146.1,146.3,145.6,145.7,74.416
2022-10-27 15:00:00,145.6,145.7,145.6,145.7,12.439
2022-10-27 15:30:00,145.7,145.7,145.5,145.5,81.942
2022-10-27 16:00:00,145.5,145.7,145.3,145.3,104.324
2022-10-27 16:30:00,145.3,145.4,144.9,145.2,236.676
2022-10-27 17:00:00,145.2,145.5,145.2,145.4,9.335
2022-10-27 17:30:00,145.4,145.6,145.3,145.3,13.545
2022-10-27 18:00:00,145.3,145.5,145.3,145.5,16.69
2022-10-27 18:30:00,145.5,145.5,145.4,145.5,13.064
2022-10-27 19:00:00,145.5,146.9,145.5,146.2,1172.711
2022-10-27 19:30:00,146.2,146.4,145.8,145.8,70.368
2022-10-27 20:00:00,145.8,145.8,144.1,144.4,606.702
2022-10-27 20:30:00,144.5,144.9,144.3,144.7,20.394
2022-10-27 21:00:00,144.7,144.7,144.1,144.1,22.977
2022-10-27 21:30:00,144.1,144.2,144.0,144.2,72.434
2022-10-27 22:00:00,144.2,144.2,143.8,143.9,197.606
2022-10-27 22:30:00,143.8,144.5,143.5,144.3,213.202
2022-10-27 23:00:00,144.3,144.4,143.9,144.4,56.542
2022-10-27 23:30:00,144.4,144.5,144.1,144.1,99.219
2022-10-28 00:00:00,144.0,144.0,143.0,143.2,1298.252
2022-10-28 00:30:00,143.3,143.8,143.2,143.4,28.631
2022-10-28 01:00:00,143.4,143.6,142.9,143.3,151.971
2022-10-28 01:30:00,143.2,143.6,143.2,143.5,8.711
2022-10-28 02:00:00,143.4,143.5,141.8,142.0,713.339
2022-10-28 02:30:00,141.9,141.9,140.3,140.3,1706.721
2022-10-28 03:00:00,140.4,140.7,138.0,139.2,4763.946
2022-10-28 03:30:00,139.2,139.7,138.0,138.4,745.172
2022-10-28 04:00:00,138.3,139.4,138.2,139.0,548.49
2022-10-28 04:30:00,138.9,139.2,138.9,139.0,38.09
2022-10-28 05:00:00,139.1,139.2,138.1,139.0,263.056
2022-10-28 05:30:00,138.9,139.0,138.4,138.9,96.812
2022-10-28 06:00:00,138.8,139.1,138.8,139.1,70.781
2022-10-28 06:30:00,139.0,139.0,138.7,138.8,24.506
2022-10-28 07:00:00,138.8,138.9,136.5,137.4,1480.252
2022-10-28 07:30:00,137.4,138.4,137.3,138.2,1542.601
2022-10-28 08:00:00,138.2,138.6,137.9,138.5,398.161
2022-10-28 08:30:00,138.6,139.3,138.5,139.1,333.929
2022-10-28 09:00:00,139.2,139.9,139.1,139.8,287.833
2022-10-28 09:30:00,139.8,139.8,139.4,139.4,115.432
2022-10-28 10:00:00,139.3,140.0,139.2,139.9,147.389
2022-10-28 10:30:00,139.9,139.9,139.1,139.2,43.741
2022-10-28 11:00:00,139.3,139.3,138.7,139.1,94.346
2022-10-28 11:30:00,139.2,139.7,139.2,139.6,118.593
2022-10-28 12:00:00,139.5,139.5,138.4,138.5,134.753
2022-10-28 12:30:00,138.5,139.4,138.5,138.9,122.681
2022-10-28 13:00:00,139.1,139.9,139.1,139.1,406.24
2022-10-28 13:30:00,139.1,140.5,139.1,139.2,293.296
2022-10-28 14:00:00,139.4,139.6,138.9,139.6,133.418
2022-10-28 14:30:00,139.4,139.5,138.7,138.8,140.753
2022-10-28 15:00:00,138.8,139.0,138.0,138.2,316.241
2022-10-28 15:30:00,138.2,138.2,136.8,137.7,1039.524
2022-10-28 16:00:00,137.7,138.7,137.4,138.6,557.829
2022-10-28 16:30:00,138.6,138.9,138.5,138.9,270.564
2022-10-28 17:00:00,138.9,139.0,138.3,138.6,62.408
2022-10-28 17:30:00,138.6,138.6,138.1,138.2,120.46
2022-10-28 18:00:00,138.2,138.2,137.5,137.5,147.888
2022-10-28 18:30:00,137.5,137.5,137.0,137.3,213.081
2022-10-28 19:00:00,137.3,137.4,136.8,137.0,303.296
2022-10-28 19:30:00,137.0,137.3,136.9,137.2,46.303
2022-10-28 20:00:00,137.2,137.3,136.6,136.8,192.75
2022-10-28 20:30:00,136.9,137.6,136.8,137.3,148.613
2022-10-28 21:00:00,137.1,137.3,137.0,137.2,136.807
2022-10-28 21:30:00,137.2,137.5,137.1,137.3,46.92
2022-10-28 22:00:00,137.2,137.9,137.2,137.7,292.615
2022-10-28 22:30:00,137.7,138.0,137.5,137.9,142.249
2022-10-28 23:00:00,137.9,138.1,137.4,137.9,84.419
2022-10-28 23:30:00,137.8,138.0,137.6,137.7,62.582
2022-10-29 00:00:00,137.7,138.1,137.2,137.3,154.281
2022-10-29 00:30:00,137.3,137.6,136.8,137.6,317.513
2022-10-29 01:00:00,137.5,137.5,137.2,137.4,14.121
2022-10-29 01:30:00,137.2,137.3,137.0,137.1,32.861
2022-10-29 02:00:00,137.1,137.1,136.2,136.5,602.85
2022-10-29 02:30:00,136.6,137.1,135.0,136.1,2479.864
2022-10-29 03:00:00,136.0,137.5,136.0,136.3,1183.02
2022-10-29 03:30:00,136.4,136.4,135.0,135.3,3080.51
2022-10-29 04:00:00,135.5,136.6,135.2,135.8,973.378
2022-10-29 04:30:00,135.8,135.9,135.4,135.7,197.485
2022-10-29 05:00:00,135.8,135.9,135.0,135.2,825.493
2022-10-29 05:30:00,135.2,136.0,135.1,135.7,148.463
2022-10-29 06:00:00,135.7,136.5,135.7,136.2,371.57
2022-10-29 06:30:00,136.3,137.0,136.0,136.5,493.635
2022-10-29 07:00:00,136.5,137.0,136.4,136.6,167.277
2022-10-29 07:30:00,136.6,137.2,136.6,137.2,196.241
2022-10-29 08:00:00,137.2,138.3,136.7,138.1,1467.6
2022-10-29 08:30:00,138.1,141.1,138.0,140.9,3187.377
2022-10-29 09:00:00,141.0,141.1,139.7,139.7,626.404
2022-10-29 09:30:00,139.7,141.8,139.7,141.2,1593.95
2022-10-29 10:00:00,141.1,141.3,140.4,140.6,133.917
2022-10-29 10:30:00,140.5,141.3,140.0,141.3,656.749
2022-10-29 11:00:00,141.3,141.3,140.3,140.4,237.387
2022-10-29 11:30:00,140.3,143.3,139.3,143.1,2942.831
2022-10-29 12:00:00,143.2,143.8,142.3,143.3,784.421
2022-10-29 12:30:00,143.3,143.8,143.0,143.6,423.918
2022-10-29 13:00:00,143.7,144.3,143.3,143.9,693.465
2022-10-29 13:30:00,143.9,144.8,143.8,144.7,795.182
2022-10-29 14:00:00,144.8,145.6,144.7,145.4,855.051
2022-10-29 14:30:00,145.5,145.7,145.3,145.6,636.244
2022-10-29 15:00:00,145.6,146.9,145.6,145.9,1632.432
2022-10-29 15:30:00,146.0,148.1,145.9,147.9,1795.921
2022-10-29 16:00:00,147.9,148.8,147.5,148.6,846.979
2022-10-29 16:30:00,148.6,149.6,148.2,149.0,1684.583
2022-10-29 17:00:00,149.1,149.6,147.7,147.8,561.968
2022-10-29 17:30:00,147.9,148.9,146.9,148.6,1938.146
2022-10-29 18:00:00,148.6,149.1,148.5,148.6,260.445
2022-10-29 18:30:00,148.7,149.5,148.5,149.3,596.764
2022-10-29 19:00:00,149.1,149.2,148.6,148.9,367.788
2022-10-29 19:30:00,148.8,148.8,148.6,148.7,134.24
2022-10-29 20:00:00,148.7,149.4,148.6,149.3,378.449
2022-10-29 20:30:00,149.3,149.4,148.6,148.6,297.829
2022-10-29 21:00:00,148.6,148.7,147.9,148.3,423.411
2022-10-29 21:30:00,148.3,148.8,148.1,148.5,148.786
2022-10-29 22:00:00,148.4,148.6,147.6,147.8,589.045
2022-10-29 22:30:00,147.9,148.0,146.9,146.9,548.564
2022-10-29 23:00:00,146.8,146.9,146.3,146.5,293.678
2022-10-29 23:30:00,146.5,147.0,146.2,146.9,116.961
2022-10-30 00:00:00,146.9,148.1,146.9,147.3,940.6
2022-10-30 00:30:00,147.2,147.2,146.8,146.9,166.58
2022-10-30 01:00:00,146.9,147.0,146.8,147.0,31.42
2022-10-30 01:30:00,147.2,147.3,146.8,146.8,142.597
2022-10-30 02:00:00,146.9,147.2,146.9,147.0,74.387
2022-10-30 02:30:00,146.9,147.3,146.5,147.3,244.567
2022-10-30 03:00:00,147.3,147.8,147.3,147.7,162.406
2022-10-30 03:30:00,147.7,147.8,146.9,147.2,125.547
2022-10-30 04:00:00,147.2,147.2,146.2,146.3,436.98
2022-10-30 04:30:00,146.3,146.3,145.8,145.9,303.679
2022-10-30 05:00:00,145.9,146.4,145.9,146.4,18.989
2022-10-30 05:30:00,146.5,147.0,146.4,146.7,285.996
2022-10-30 06:00:00,146.6,147.0,146.2,146.3,228.231
2022-10-30 06:30:00,146.3,146.8,146.3,146.8,64.367
2022-10-30 07:00:00,146.8,147.3,146.4,146.9,582.107
2022-10-30 07:30:00,146.9,147.2,146.3,147.2,326.87
2022-10-30 08:00:00,147.2,147.3,145.9,145.9,430.407
2022-10-30 08:30:00,145.9,146.1,145.2,145.6,779.974
2022-10-30 09:00:00,145.7,146.1,145.7,146.0,61.793
2022-10-30 09:30:00,145.9,145.9,144.2,145.3,1138.127
2022-10-30 10:00:00,145.4,145.5,144.8,144.8,104.718
2022-10-30 10:30:00,144.8,145.0,144.6,144.7,59.714
2022-10-30 11:00:00,144.7,145.1,144.6,144.6,39.931
2022-10-30 11:30:00,144.7,145.0,144.5,145.0,111.426
2022-10-30 12:00:00,145.0,145.3,144.2,144.4,226.917
2022-10-30 12:30:00,144.2,144.4,144.0,144.3,206.85
2022-10-30 13:00:00,144.4,144.8,144.0,144.1,55.016
2022-10-30 13:30:00,144.0,144.4,143.4,143.8,347.009
2022-10-30 14:00:00,143.8,144.3,143.5,144.1,201.342
2022-10-30 14:30:00,144.2,144.9,143.8,144.4,1249.265
2022-10-30 15:00:00,144.4,145.0,144.1,144.6,289.313
2022-10-30 15:30:00,144.6,144.7,142.9,143.1,584.661
2022-10-30 16:00:00,143.1,143.6,142.9,143.1,110.093
2022-10-30 16:30:00,143.2,143.6,142.7,143.3,197.872
2022-10-30 17:00:00,143.3,144.0,143.3,143.8,91.544
2022-10-30 17:30:00,143.8,144.2,143.8,144.2,126.516
2022-10-30 18:00:00,144.2,144.3,144.1,144.1,44.052
2022-10-30 18:30:00,144.1,144.1,143.6,143.6,46.725
2022-10-30 19:00:00,143.8,144.0,143.3,143.5,204.892
2022-10-30 19:30:00,143.7,144.1,143.7,143.7,30.944
2022-10-30 20:00:00,143.8,144.3,143.8,144.3,75.02
2022-10-30 20:30:00,144.3,144.5,144.2,144.4,93.11
2022-10-30 21:00:00,144.4,144.8,144.4,144.7,141.939
2022-10-30 21:30:00,144.6,145.0,144.6,144.9,69.478
2022-10-30 22:00:00,144.9,144.9,143.5,143.5,190.704
2022-10-30 22:30:00,143.5,144.4,143.4,144.0,123.835
2022-10-30 23:00:00,144.1,144.3,143.4,144.2,470.672
2022-10-30 23:30:00,144.1,144.4,143.9,144.2,155.509
2022-10-31 00:00:00,144.3,145.0,144.3,144.4,239.61
2022-10-31 00:30:00,144.1,144.4,143.9,144.1,49.724
2022-10-31 01:00:00,144.1,144.6,144.0,144.6,37.968
2022-10-31 01:30:00,144.6,144.9,144.0,144.4,181.957
2022-10-31 02:00:00,144.4,144.6,143.8,143.8,232.296
2022-10-31 02:30:00,143.7,144.0,143.7,144.0,16.414
2022-10-31 03:00:00,143.9,144.7,143.9,144.6,172.032
2022-10-31 03:30:00,144.6,144.9,144.4,144.9,186.636
2022-10-31 04:00:00,144.9,145.0,144.3,144.3,20.487
2022-10-31 04:30:00,144.4,144.8,144.4,144.6,33.099
2022-10-31 05:00:00,144.6,144.7,144.6,144.6,22.627
2022-10-31 05:30:00,144.6,145.0,144.6,144.8,68.363
2022-10-31 06:00:00,145.0,145.2,143.6,143.6,422.906
2022-10-31 06:30:00,143.6,143.6,143.3,143.5,165.107
2022-10-31 07:00:00,143.5,144.0,143.5,143.9,23.143
2022-10-31 07:30:00,143.9,144.5,143.9,144.4,58.471
2022-10-31 08:00:00,144.4,144.4,143.6,143.9,94.129
2022-10-31 08:30:00,143.9,144.0,143.8,144.0,52.36
2022-10-31 09:00:00,143.8,144.4,143.8,144.3,28.072
2022-10-31 09:30:00,144.4,145.2,144.3,145.2,808.322
2022-10-31 10:00:00,145.1,147.4,145.1,146.0,3224.112
2022-10-31 10:30:00,146.1,149.3,146.0,148.0,52772.358
2022-10-31 11:00:00,148.0,152.8,148.0,151.9,44453.986
2022-10-31 11:30:00,152.0,152.3,150.8,151.3,1309.934
2022-10-31 12:00:00,151.4,152.1,151.1,151.7,899.491
2022-10-31 12:30:00,151.7,152.3,150.9,151.0,783.063
2022-10-31 13:00:00,151.1,151.1,148.9,150.0,1316.241
2022-10-31 13:30:00,149.8,150.5,147.5,147.5,2555.113
2022-10-31 14:00:00,147.5,149.0,147.2,149.0,1265.978
2022-10-31 14:30:00,149.0,149.4,147.3,147.4,1076.815
2022-10-31 15:00:00,147.6,148.2,147.1,148.2,274.015
2022-10-31 15:30:00,148.0,148.3,147.8,147.8,218.282
2022-10-31 16:00:00,147.9,148.3,147.1,147.5,1109.332
2022-10-31 16:30:00,147.5,147.8,146.5,146.6,1058.064
2022-10-31 17:00:00,146.5,147.5,146.5,147.0,451.898
2022-10-31 17:30:00,147.1,147.2,146.8,146.8,42.254
2022-10-31 18:00:00,146.8,146.8,145.8,145.9,994.294
2022-10-31 18:30:00,145.9,145.9,145.2,145.4,374.983
2022-10-31 19:00:00,145.4,145.4,144.8,145.1,315.24
2022-10-31 19:30:00,145.1,145.5,144.9,144.9,89.176
2022-10-31 20:00:00,144.9,145.3,144.9,145.2,29.965
2022-10-31 20:30:00,145.2,145.6,144.9,144.9,38.013
2022-10-31 21:00:00,145.0,145.1,144.8,145.0,23.493
2022-10-31 21:30:00,144.9,145.1,144.6,144.7,162.593
2022-10-31 22:00:00,144.8,145.9,144.7,145.3,170.743
2022-10-31 22:30:00,145.5,145.6,145.4,145.6,106.425
2022-10-31 23:00:00,145.7,146.0,145.6,145.9,146.574
2022-10-31 23:30:00,145.9,146.2,145.7,146.2,74.638
2022-11-01 00:00:00,146.1,147.0,146.1,146.3,561.436
2022-11-01 00:30:00,146.3,146.9,146.2,146.7,86.4
2022-11-01 01:00:00,146.6,147.1,146.6,147.1,15.786
2022-11-01 01:30:00,147.0,147.2,146.6,146.6,109.593
2022-11-01 02:00:00,146.7,146.7,146.4,146.7,63.572
2022-11-01 02:30:00,146.8,147.7,146.8,147.0,490.903
2022-11-01 03:00:00,147.0,147.1,146.5,146.5,137.672
2022-11-01 03:30:00,146.6,146.6,146.3,146.6,53.373
2022-11-01 04:00:00,146.6,146.6,145.9,146.0,509.97
2022-11-01 04:30:00,145.9,147.1,145.6,147.1,395.896
2022-11-01 05:00:00,147.0,147.1,146.8,146.9,133.602
2022-11-01 05:30:00,147.0,147.1,146.8,147.0,30.649
2022-11-01 06:00:00,147.0,147.7,147.0,147.7,385.553
2022-11-01 06:30:00,147.7,147.8,147.5,147.8,150.141
2022-11-01 07:00:00,147.8,148.2,147.3,147.4,277.945
2022-11-01 07:30:00,147.4,147.4,147.1,147.3,39.264
2022-11-01 08:00:00,147.3,147.5,146.9,147.0,121.796
2022-11-01 08:30:00,147.0,147.0,146.4,146.4,188.265
2022-11-01 09:00:00,146.4,146.5,145.7,145.7,727.001
2022-11-01 09:30:00,145.7,146.2,145.4,145.6,265.231
2022-11-01 10:00:00,145.5,146.3,145.5,145.7,196.482
2022-11-01 10:30:00,145.7,145.9,145.5,145.8,60.843
2022-11-01 11:00:00,145.8,145.8,145.1,145.4,205.438
2022-11-01 11:30:00,145.4,145.4,145.1,145.1,74.253
2022-11-01 12:00:00,145.2,145.8,144.9,145.5,207.435
2022-11-01 12:30:00,145.4,145.4,144.6,145.0,392.109
2022-11-01 13:00:00,145.0,145.0,144.2,144.9,287.904
2022-11-01 13:30:00,144.9,144.9,143.6,143.9,561.987
2022-11-01 14:00:00,143.8,144.3,143.3,144.2,174.192
2022-11-01 14:30:00,144.2,144.2,143.7,143.7,29.245
2022-11-01 15:00:00,143.8,144.7,143.8,144.7,163.379
2022-11-01 15:30:00,144.7,144.9,144.6,144.6,162.086
2022-11-01 16:00:00,144.7,145.3,144.6,144.7,257.029
2022-11-01 16:30:00,144.7,144.9,144.4,144.6,116.227
2022-11-01 17:00:00,144.4,144.6,144.2,144.3,177.684
2022-11-01 17:30:00,144.4,144.5,144.1,144.4,119.235
2022-11-01 18:00:00,144.6,144.6,144.2,144.2,23.175
2022-11-01 18:30:00,144.1,145.1,144.1,144.9,55.656
2022-11-01 19:00:00,144.8,144.8,144.4,144.4,23.365
2022-11-01 19:30:00,144.3,144.3,144.0,144.2,51.772
2022-11-01 20:00:00,144.2,144.2,143.7,143.9,109.454
2022-11-01 20:30:00,143.9,144.3,143.9,144.2,19.854
2022-11-01 21:00:00,144.2,144.3,144.0,144.3,27.295
2022-11-01 21:30:00,144.2,144.2,144.0,144.0,9.86
2022-11-01 22:00:00,144.0,144.3,144.0,144.0,33.851
2022-11-01 22:30:00,144.1,144.2,144.0,144.1,6.384
2022-11-01 23:00:00,144.2,144.3,144.2,144.3,11.855
2022-11-01 23:30:00,144.2,144.2,143.9,143.9,15.013
2022-11-02 00:00:00,143.9,143.9,143.0,143.5,406.162
2022-11-02 00:30:00,143.4,143.9,143.4,143.8,32.321
2022-11-02 01:00:00,143.8,144.2,143.6,144.1,114.274
2022-11-02 01:30:00,144.1,144.1,143.9,144.0,5.409
2022-11-02 02:00:00,143.9,143.9,143.5,143.5,17.836
2022-11-02 02:30:00,143.4,144.1,143.3,144.1,30.633
2022-11-02 03:00:00,144.1,144.3,143.9,144.3,80.65
2022-11-02 03:30:00,144.3,144.3,144.1,144.1,30.775
2022-11-02 04:00:00,144.1,144.1,143.6,143.9,311.589
2022-11-02 04:30:00,143.9,144.0,143.6,143.6,172.978
2022-11-02 05:00:00,143.7,144.5,143.6,143.9,249.734
2022-11-02 05:30:00,144.1,144.2,144.0,144.1,12.011
2022-11-02 06:00:00,143.9,144.1,143.5,143.5,73.862
2022-11-02 06:30:00,143.5,144.0,143.2,143.5,449.85
2022-11-02 07:00:00,143.5,143.6,142.8,143.1,108.642
2022-11-02 07:30:00,143.2,143.3,143.1,143.1,29.35
2022-11-02 08:00:00,143.1,143.1,142.4,142.7,153.165
2022-11-02 08:30:00,142.7,143.3,142.6,143.3,36.382
2022-11-02 09:00:00,143.4,143.9,142.8,142.9,296.172
2022-11-02 09:30:00,142.8,142.8,142.2,142.2,235.303
2022-11-02 10:00:00,142.2,142.2,141.2,141.4,674.915
2022-11-02 10:30:00,141.3,142.1,141.2,142.0,42.661
2022-11-02 11:00:00,142.2,142.6,141.5,141.5,400.216
2022-11-02 11:30:00,141.6,141.8,141.5,141.6,25.585
2022-11-02 12:00:00,141.6,141.7,141.3,141.5,113.539
2022-11-02 12:30:00,141.5,141.6,141.2,141.2,19.683
2022-11-02 13:00:00,141.2,141.7,141.2,141.5,120.342
2022-11-02 13:30:00,141.4,142.6,141.3,142.3,412.852
2022-11-02 14:00:00,142.3,143.8,142.3,143.5,558.804
2022-11-02 14:30:00,143.6,143.8,143.2,143.6,199.008
2022-11-02 15:00:00,143.5,143.9,143.3,143.7,169.202
2022-11-02 15:30:00,143.7,144.3,143.0,143.1,463.422
2022-11-02 16:00:00,143.2,143.4,142.9,143.0,80.074
2022-11-02 16:30:00,143.1,144.6,143.1,144.3,572.372
2022-11-02 17:00:00,144.3,145.0,143.9,144.7,324.611
2022-11-02 17:30:00,144.8,144.9,143.6,143.9,543.326
2022-11-02 18:00:00,143.8,146.1,143.5,145.9,2005.538
2022-11-02 18:30:00,146.0,146.1,144.3,145.1,828.198
2022-11-02 19:00:00,145.0,146.3,145.0,145.2,739.688
2022-11-02 19:30:00,145.0,145.4,144.3,145.2,263.771
2022-11-02 20:00:00,145.1,146.1,143.0,144.2,1859.414
2022-11-02 20:30:00,144.1,145.5,143.7,145.1,786.653
2022-11-02 21:00:00,144.8,145.9,144.7,145.2,417.002
2022-11-02 21:30:00,145.3,145.5,145.1,145.2,36.388
2022-11-02 22:00:00,145.3,145.6,144.7,145.6,99.125
2022-11-02 22:30:00,145.5,145.6,145.0,145.0,51.812
2022-11-02 23:00:00,145.1,145.4,144.8,145.1,232.02
2022-11-02 23:30:00,145.0,145.2,144.4,144.5,316.759
2022-11-03 00:00:00,144.5,144.5,143.9,144.4,553.034
2022-11-03 00:30:00,144.5,145.0,144.2,145.0,95.085
2022-11-03 01:00:00,144.9,145.3,144.9,145.3,229.263
2022-11-03 01:30:00,145.3,145.6,145.0,145.6,325.151
2022-11-03 02:00:00,145.6,145.8,145.3,145.8,100.286
2022-11-03 02:30:00,145.7,146.0,145.5,145.5,151.759
2022-11-03 03:00:00,145.5,145.9,145.3,145.8,112.107
2022-11-03 03:30:00,145.7,145.8,145.5,145.6,11.155
2022-11-03 04:00:00,145.6,146.2,145.6,146.0,253.652
2022-11-03 04:30:00,146.0,146.0,145.1,145.1,107.438
2022-11-03 05:00:00,145.0,145.9,145.0,145.6,51.093
2022-11-03 05:30:00,145.6,146.1,145.5,146.0,59.028
2022-11-03 06:00:00,146.0,146.0,145.3,145.7,74.669
2022-11-03 06:30:00,145.7,145.7,145.2,145.7,78.953
2022-11-03 07:00:00,145.7,146.3,145.5,145.5,279.944
2022-11-03 07:30:00,145.5,145.7,145.1,145.2,178.315
2022-11-03 08:00:00,145.3,145.4,144.7,144.8,300.121
2022-11-03 08:30:00,144.7,144.7,144.4,144.6,181.5
2022-11-03 09:00:00,144.6,144.9,144.4,144.8,40.733
2022-11-03 09:30:00,144.9,144.9,144.6,144.8,66.985
2022-11-03 10:00:00,144.8,145.3,144.7,144.7,132.831
2022-11-03 10:30:00,144.6,144.7,144.1,144.2,166.559
2022-11-03 11:00:00,144.1,144.8,144.1,144.4,202.861
2022-11-03 11:30:00,144.4,144.5,143.6,144.1,361.52
2022-11-03 12:00:00,144.2,144.5,142.9,143.8,241.846
2022-11-03 12:30:00,143.8,144.1,143.2,143.9,86.78
2022-11-03 13:00:00,144.0,144.5,144.0,144.4,166.981
2022-11-03 13:30:00,144.4,144.7,143.6,143.6,301.794
2022-11-03 14:00:00,143.8,144.9,143.6,144.8,269.144
2022-11-03 14:30:00,144.6,145.3,144.6,145.2,224.628
2022-11-03 15:00:00,145.2,146.7,145.2,146.0,1537.266
2022-11-03 15:30:00,146.0,146.8,145.9,146.1,402.438
2022-11-03 16:00:00,146.3,146.6,146.2,146.3,125.255
2022-11-03 16:30:00,146.5,146.8,146.1,146.7,188.086
2022-11-03 17:00:00,146.7,146.9,146.3,146.6,77.538
2022-11-03 17:30:00,146.6,146.8,146.4,146.5,62.747
2022-11-03 18:00:00,146.6,147.9,146.6,147.7,628.376
2022-11-03 18:30:00,147.7,148.4,147.7,148.3,488.483
2022-11-03 19:00:00,148.2,148.5,147.9,148.3,177.003
2022-11-03 19:30:00,148.4,148.9,148.4,148.7,265.026
2022-11-03 20:00:00,148.5,148.5,147.6,147.7,118.547
2022-11-03 20:30:00,147.8,147.9,147.4,147.5,85.74
2022-11-03 21:00:00,147.4,148.3,146.7,146.8,648.372
2022-11-03 21:30:00,146.8,147.9,146.8,147.8,175.618
2022-11-03 22:00:00,147.8,147.8,146.8,147.5,107.49
2022-11-03 22:30:00,147.5,148.0,147.4,147.7,90.985
2022-11-03 23:00:00,147.7,147.8,147.0,147.4,53.604
2022-11-03 23:30:00,147.5,148.0,147.4,147.8,81.237
2022-11-04 00:00:00,147.9,147.9,147.2,147.4,89.517
2022-11-04 00:30:00,147.4,148.0,147.4,148.0,65.869
2022-11-04 01:00:00,147.9,148.6,147.3,147.3,153.872
2022-11-04 01:30:00,147.2,147.7,147.1,147.6,32.965
2022-11-04 02:00:00,147.8,148.0,147.4,147.5,176.009
2022-11-04 02:30:00,147.7,147.9,147.4,147.9,43.477
2022-11-04 03:00:00,147.9,148.5,147.7,148.5,124.41
2022-11-04 03:30:00,148.3,149.3,148.3,148.9,565.877
2022-11-04 04:00:00,149.0,149.7,149.0,149.2,397.339
2022-11-04 04:30:00,149.3,149.3,148.2,148.5,166.134
2022-11-04 05:00:00,148.5,148.7,148.2,148.6,38.052
2022-11-04 05:30:00,148.4,148.5,147.7,148.2,61.449
2022-11-04 06:00:00,148.1,148.8,148.1,148.2,288.264
2022-11-04 06:30:00,148.3,148.7,148.1,148.6,149.192
2022-11-04 07:00:00,148.7,148.7,148.4,148.5,145.791
2022-11-04 07:30:00,148.6,148.8,148.3,148.4,142.876
2022-11-04 08:00:00,148.5,149.0,148.2,148.3,135.1
2022-11-04 08:30:00,148.3,148.4,147.0,147.4,272.573
2022-11-04 09:00:00,147.5,147.9,147.4,147.7,124.087
2022-11-04 09:30:00,147.9,147.9,147.7,147.8,12.421
2022-11-04 10:00:00,147.8,148.3,147.5,147.6,160.005
2022-11-04 10:30:00,147.7,148.1,147.4,148.1,98.475
2022-11-04 11:00:00,148.0,148.1,147.6,148.0,74.742
2022-11-04 11:30:00,147.7,147.8,147.3,147.4,40.662
2022-11-04 12:00:00,147.2,147.4,146.8,147.4,123.988
2022-11-04 12:30:00,147.3,149.0,146.7,148.7,819.415
2022-11-04 13:00:00,148.6,149.1,148.3,149.1,454.265
2022-11-04 13:30:00,149.1,149.1,147.8,148.2,181.757
2022-11-04 14:00:00,148.2,149.4,148.2,148.9,801.621
2022-11-04 14:30:00,149.0,149.5,148.9,149.2,360.581
2022-11-04 15:00:00,149.3,149.4,148.6,148.8,80.69
2022-11-04 15:30:00,148.7,148.8,147.9,147.9,318.508
2022-11-04 16:00:00,147.9,148.1,147.6,147.9,195.672
2022-11-04 16:30:00,148.0,148.0,147.6,147.9,14.962
2022-11-04 17:00:00,148.0,148.2,147.8,148.1,49.684
2022-11-04 17:30:00,147.9,148.7,147.8,148.6,117.196
2022-11-04 18:00:00,148.6,149.1,147.9,148.2,912.927
2022-11-04 18:30:00,148.2,148.3,147.7,148.0,317.611
2022-11-04 19:00:00,148.0,148.1,147.6,147.6,110.951
2022-11-04 19:30:00,147.6,148.1,147.6,148.0,212.907
2022-11-04 20:00:00,148.0,148.2,147.8,148.1,318.115
2022-11-04 20:30:00,148.1,148.7,148.0,148.2,327.764
2022-11-04 21:00:00,148.3,148.3,147.9,148.0,89.405
2022-11-04 21:30:00,148.1,148.5,147.8,148.5,44.263
2022-11-04 22:00:00,148.5,148.9,148.4,148.8,82.27
2022-11-04 22:30:00,148.9,149.0,148.5,148.7,188.233
2022-11-04 23:00:00,148.7,148.9,148.4,148.4,55.66
2022-11-04 23:30:00,148.4,149.0,148.4,148.8,39.126
2022-11-05 00:00:00,149.0,149.2,148.8,149.2,160.836
2022-11-05 00:30:00,149.2,149.8,149.1,149.7,391.043
2022-11-05 01:00:00,149.8,151.3,149.7,150.8,931.192
2022-11-05 01:30:00,150.9,151.3,150.0,150.2,239.324
2022-11-05 02:00:00,150.2,150.8,150.2,150.2,52.684
2022-11-05 02:30:00,150.1,150.6,150.1,150.5,48.717
2022-11-05 03:00:00,150.5,151.4,150.5,150.5,681.045
2022-11-05 03:30:00,150.6,150.7,150.3,150.6,87.49
2022-11-05 04:00:00,150.7,151.7,150.5,151.4,345.21
2022-11-05 04:30:00,151.6,151.7,149.9,150.1,1818.56
2022-11-05 05:00:00,150.1,150.5,149.5,150.5,234.03
2022-11-05 05:30:00,150.4,151.4,150.4,150.9,550.051
2022-11-05 06:00:00,150.9,151.5,150.8,151.4,742.952
2022-11-05 06:30:00,151.5,152.4,151.0,151.7,821.261
2022-11-05 07:00:00,151.4,151.5,149.9,150.0,751.959
2022-11-05 07:30:00,150.1,150.6,149.7,150.4,292.365
2022-11-05 08:00:00,150.4,151.0,149.5,149.6,889.176
2022-11-05 08:30:00,149.7,150.3,149.5,150.0,184.81
2022-11-05 09:00:00,150.0,150.1,149.2,149.3,201.582
2022-11-05 09:30:00,149.3,149.8,148.8,149.7,347.069
2022-11-05 10:00:00,149.6,150.4,149.3,150.4,170.301
2022-11-05 10:30:00,150.4,150.7,150.2,150.3,157.804
2022-11-05 11:00:00,150.4,151.2,150.4,150.7,226.294
2022-11-05 11:30:00,150.9,151.1,149.6,150.3,1896.605
2022-11-05 12:00:00,150.2,150.2,149.6,149.7,188.067
2022-11-05 12:30:00,149.7,149.9,149.7,149.8,75.292
2022-11-05 13:00:00,149.8,149.8,149.4,149.4,85.34
2022-11-05 13:30:00,149.4,149.4,149.1,149.4,81.312
2022-11-05 14:00:00,149.3,149.5,148.9,149.0,77.555
2022-11-05 14:30:00,148.9,149.4,148.7,149.2,390.821
2022-11-05 15:00:00,149.1,149.6,148.4,149.5,578.77
2022-11-05 15:30:00,149.3,149.8,148.9,149.0,162.788
2022-11-05 16:00:00,149.3,149.3,148.7,149.3,47.199
2022-11-05 16:30:00,149.2,149.4,148.7,149.0,102.814
2022-11-05 17:00:00,149.0,149.2,148.8,148.8,60.568
2022-11-05 17:30:00,148.8,148.9,147.9,148.0,298.464
2022-11-05 18:00:00,147.9,148.0,144.7,145.7,1994.811
2022-11-05 18:30:00,145.8,147.9,145.8,146.9,1701.873
2022-11-05 19:00:00,146.8,146.8,146.0,146.0,300.828
2022-11-05 19:30:00,146.0,146.1,145.7,146.1,197.281
2022-11-05 20:00:00,146.2,146.3,145.6,146.2,74.414
2022-11-05 20:30:00,146.2,147.1,146.1,146.5,99.799
2022-11-05 21:00:00,146.5,147.2,146.0,147.1,93.706
2022-11-05 21:30:00,147.0,147.0,146.4,146.8,68.788
2022-11-05 22:00:00,146.8,146.8,146.5,146.6,17.196
2022-11-05 22:30:00,146.9,147.2,146.5,147.1,20.986
2022-11-05 23:00:00,147.1,147.1,145.2,146.0,942.026
2022-11-05 23:30:00,146.0,146.6,145.5,145.7,96.8
2022-11-06 00:00:00,145.8,145.8,145.0,145.1,257.606
2022-11-06 00:30:00,145.2,145.6,145.1,145.2,75.279
2022-11-06 01:00:00,145.2,146.0,145.0,145.5,123.351
2022-11-06 01:30:00,145.5,145.6,145.0,145.4,119.567
2022-11-06 02:00:00,145.4,145.7,145.4,145.4,20.668
2022-11-06 02:30:00,145.5,145.6,145.3,145.5,10.988
2022-11-06 03:00:00,145.4,146.6,145.4,146.5,95.209
2022-11-06 03:30:00,146.5,146.5,146.3,146.3,34.713
2022-11-06 04:00:00,146.2,146.6,146.2,146.2,20.208
2022-11-06 04:30:00,146.3,146.4,146.0,146.0,7.986
2022-11-06 05:00:00,146.1,146.5,146.0,146.0,134.63
2022-11-06 05:30:00,146.1,146.5,145.6,145.6,292.394
2022-11-06 06:00:00,145.7,146.0,145.4,145.7,111.266
2022-11-06 06:30:00,145.7,146.0,145.3,145.4,715.066
2022-11-06 07:00:00,145.4,145.9,145.1,145.2,290.56
2022-11-06 07:30:00,145.2,145.7,145.1,145.5,337.447
2022-11-06 08:00:00,145.5,145.7,145.1,145.1,48.596
2022-11-06 08:30:00,145.1,146.1,145.1,145.4,198.474
2022-11-06 09:00:00,145.5,145.6,145.2,145.2,161.382
2022-11-06 09:30:00,145.2,145.6,145.2,145.2,59.309
2022-11-06 10:00:00,145.3,145.5,145.2,145.2,106.482
2022-11-06 10:30:00,145.2,145.7,145.2,145.5,30.11
2022-11-06 11:00:00,145.6,145.6,145.0,145.1,62.7
2022-11-06 11:30:00,145.0,145.2,144.9,145.0,172.232
2022-11-06 12:00:00,145.0,145.2,144.9,145.0,57.845
2022-11-06 12:30:00,145.0,145.3,144.9,145.2,146.89
2022-11-06 13:00:00,145.2,145.3,145.0,145.0,2.015
2022-11-06 13:30:00,145.0,145.2,144.8,144.9,48.903
2022-11-06 14:00:00,144.9,145.1,144.8,145.1,11.247
2022-11-06 14:30:00,145.0,145.6,145.0,145.5,26.722
2022-11-06 15:00:00,145.5,146.2,145.5,146.0,223.849
2022-11-06 15:30:00,146.0,146.9,145.9,145.9,376.642
2022-11-06 16:00:00,145.9,146.2,144.9,145.5,328.802
2022-11-06 16:30:00,145.6,146.0,145.3,145.3,45.94
2022-11-06 17:00:00,145.2,145.8,145.2,145.3,29.575
2022-11-06 17:30:00,145.3,145.5,145.2,145.5,33.0
2022-11-06 18:00:00,145.5,145.5,144.9,145.0,23.968
2022-11-06 18:30:00,144.9,144.9,144.2,144.6,377.639
2022-11-06 19:00:00,144.5,144.5,144.2,144.3,109.82
2022-11-06 19:30:00,144.3,144.3,143.8,144.1,191.093
2022-11-06 20:00:00,144.2,144.7,144.0,144.2,63.061
2022-11-06 20:30:00,144.3,144.6,144.0,144.6,37.059
2022-11-06 21:00:00,144.5,144.9,144.3,144.6,93.894
2022-11-06 21:30:00,144.7,144.8,144.0,144.1,119.159
2022-11-06 22:00:00,144.1,144.6,143.7,144.0,197.354
2022-11-06 22:30:00,144.0,144.3,143.7,143.8,78.229
2022-11-06 23:00:00,143.7,144.4,142.3,143.0,2285.302
2022-11-06 23:30:00,143.1,143.6,142.8,143.4,159.82
2022-11-07 00:00:00,143.4,143.4,142.1,142.2,850.455
2022-11-07 00:30:00,142.4,142.9,142.0,142.5,182.026
2022-11-07 01:00:00,142.5,142.7,140.8,142.3,754.869
2022-11-07 01:30:00,142.3,143.3,142.3,142.8,371.939
2022-11-07 02:00:00,143.0,144.5,143.0,144.1,457.62
2022-11-07 02:30:00,144.1,144.2,144.0,144.2,41.678
2022-11-07 03:00:00,144.2,144.8,144.1,144.5,228.02
2022-11-07 03:30:00,144.4,146.0,143.1,144.1,2982.778
2022-11-07 04:00:00,144.1,144.2,143.7,143.7,177.198
2022-11-07 04:30:00,143.6,144.6,143.6,144.6,132.523
2022-11-07 05:00:00,144.6,145.4,144.4,145.0,428.042
2022-11-07 05:30:00,144.9,145.5,144.9,145.4,190.309
2022-11-07 06:00:00,145.4,145.7,145.1,145.1,288.14
2022-11-07 06:30:00,145.1,145.1,144.6,144.6,95.27
2022-11-07 07:00:00,144.6,144.7,143.9,143.9,193.307
2022-11-07 07:30:00,143.9,144.0,141.7,142.0,1141.219
2022-11-07 08:00:00,142.0,143.3,141.5,143.1,305.991
2022-11-07 08:30:00,143.2,143.4,142.9,143.1,126.989
2022-11-07 09:00:00,143.2,143.6,143.0,143.5,183.325
2022-11-07 09:30:00,143.5,143.7,143.4,143.7,53.262
2022-11-07 10:00:00,143.6,144.4,143.6,144.4,256.631
2022-11-07 10:30:00,144.3,144.5,144.2,144.3,314.863
2022-11-07 11:00:00,144.3,144.5,144.2,144.3,221.712
2022-11-07 11:30:00,144.3,144.4,144.3,144.4,245.827
2022-11-07 12:00:00,144.4,144.4,144.2,144.2,106.336
2022-11-07 12:30:00,144.1,144.4,143.6,144.2,186.069
2022-11-07 13:00:00,144.3,144.4,143.8,144.0,58.758
2022-11-07 13:30:00,143.9,144.2,143.4,143.6,58.797
2022-11-07 14:00:00,143.4,143.7,143.3,143.5,85.046
2022-11-07 14:30:00,143.7,143.9,143.1,143.3,350.912
2022-11-07 15:00:00,143.4,143.5,143.1,143.3,82.361
2022-11-07 15:30:00,143.3,144.2,143.2,144.2,119.13
2022-11-07 16:00:00,144.1,144.3,143.7,144.1,169.899
2022-11-07 16:30:00,144.0,144.2,143.7,143.7,101.505
2022-11-07 17:00:00,143.8,144.3,143.8,143.8,130.503
2022-11-07 17:30:00,143.9,144.4,143.9,144.2,68.067
2022-11-07 18:00:00,144.2,144.4,143.8,144.3,40.276
2022-11-07 18:30:00,144.4,144.4,143.9,144.1,35.727
2022-11-07 19:00:00,143.9,144.4,143.5,144.4,84.358
2022-11-07 19:30:00,144.3,144.7,144.1,144.4,760.459
2022-11-07 20:00:00,144.5,144.7,144.1,144.5,70.078
2022-11-07 20:30:00,144.6,144.6,144.1,144.2,48.239
2022-11-07 21:00:00,144.3,144.8,143.8,144.5,230.536
2022-11-07 21:30:00,144.6,145.9,144.4,145.7,938.576
2022-11-07 22:00:00,145.8,146.0,144.0,144.1,477.004
2022-11-07 22:30:00,144.0,144.5,143.8,144.3,186.026
2022-11-07 23:00:00,144.4,144.9,144.2,144.7,118.799
2022-11-07 23:30:00,144.7,144.7,143.8,144.5,105.508
2022-11-08 00:00:00,144.3,144.6,143.9,144.5,107.375
2022-11-08 00:30:00,144.5,144.8,144.1,144.8,113.209
2022-11-08 01:00:00,144.6,145.4,144.1,144.9,492.641
2022-11-08 01:30:00,145.0,145.7,144.6,145.6,207.572
2022-11-08 02:00:00,145.5,147.0,145.4,145.7,464.626
2022-11-08 02:30:00,145.7,145.7,144.1,144.2,442.841
2022-11-08 03:00:00,144.1,144.1,142.5,143.2,1420.474
2022-11-08 03:30:00,142.8,143.6,142.1,142.3,491.727
2022-11-08 04:00:00,142.2,143.0,140.8,142.6,3122.211
2022-11-08 04:30:00,142.4,142.8,140.9,141.6,1041.097
2022-11-08 05:00:00,141.6,142.0,139.2,140.7,1932.248
2022-11-08 05:30:00,140.9,141.7,140.7,141.3,335.419
2022-11-08 06:00:00,141.3,141.7,140.7,141.5,317.709
2022-11-08 06:30:00,141.6,143.4,141.5,142.9,1127.497
2022-11-08 07:00:00,142.8,143.0,142.6,142.8,82.413
2022-11-08 07:30:00,142.9,144.2,142.6,143.4,704.714
2022-11-08 08:00:00,143.5,143.9,143.3,143.6,155.402
2022-11-08 08:30:00,143.7,144.2,143.7,143.8,335.967
2022-11-08 09:00:00,143.9,144.4,143.4,144.0,411.311
2022-11-08 09:30:00,144.1,144.6,144.1,144.5,370.648
2022-11-08 10:00:00,144.5,145.3,143.9,143.9,851.92
2022-11-08 10:30:00,144.0,144.9,143.1,143.5,428.403
2022-11-08 11:00:00,143.5,144.3,142.8,143.2,614.954
2022-11-08 11:30:00,143.1,143.4,142.2,142.3,267.388
2022-11-08 12:00:00,142.3,142.6,142.0,142.3,249.94
2022-11-08 12:30:00,142.1,142.5,141.9,142.3,67.774
2022-11-08 13:00:00,142.5,142.5,141.8,142.0,543.438
2022-11-08 13:30:00,142.1,142.9,141.9,142.1,108.883
2022-11-08 14:00:00,142.0,142.7,141.6,141.7,218.274
2022-11-08 14:30:00,141.7,142.7,141.3,141.9,324.699
2022-11-08 15:00:00,142.4,142.8,141.1,141.1,338.779
2022-11-08 15:30:00,141.2,142.1,141.2,142.1,72.609
2022-11-08 16:00:00,142.1,147.5,141.6,147.5,7909.23
2022-11-08 16:30:00,147.5,151.9,147.0,150.1,10540.755
2022-11-08 17:00:00,150.1,150.5,148.1,149.2,1384.329
2022-11-08 17:30:00,149.2,150.9,148.0,148.0,2632.621
2022-11-08 18:00:00,148.0,148.2,145.5,146.7,5146.265
2022-11-08 18:30:00,146.9,148.1,145.6,146.1,1007.809
2022-11-08 19:00:00,146.1,147.8,145.0,145.1,3663.086
2022-11-08 19:30:00,145.0,150.8,142.6,147.8,10799.585
2022-11-08 20:00:00,147.9,149.4,146.3,147.5,1511.986
2022-11-08 20:30:00,147.5,149.4,147.4,148.2,795.568
2022-11-08 21:00:00,148.3,148.6,147.4,147.9,528.488
2022-11-08 21:30:00,148.0,148.7,147.1,147.4,393.322
2022-11-08 22:00:00,147.5,148.9,147.0,148.2,528.935
2022-11-08 22:30:00,148.2,148.4,147.6,148.0,148.103
2022-11-08 23:00:00,148.0,148.6,147.7,148.5,429.945
2022-11-08 23:30:00,148.5,148.9,147.1,148.3,601.432
2022-11-09 00:00:00,148.3,148.7,147.5,147.7,358.864
2022-11-09 00:30:00,147.8,148.8,147.6,147.8,444.857
2022-11-09 01:00:00,147.8,149.7,147.5,148.1,1461.577
2022-11-09 01:30:00,148.2,149.2,147.9,147.9,825.65
2022-11-09 02:00:00,147.9,148.7,147.8,148.5,185.949
2022-11-09 02:30:00,148.4,148.4,145.2,145.9,3102.371
2022-11-09 03:00:00,146.0,147.1,145.5,146.8,808.995
2022-11-09 03:30:00,146.8,147.8,145.9,147.2,646.637
2022-11-09 04:00:00,147.1,147.4,146.3,146.9,536.905
2022-11-09 04:30:00,147.0,147.1,144.4,145.7,1570.643
2022-11-09 05:00:00,145.7,145.7,143.7,145.0,1179.171
2022-11-09 05:30:00,144.9,145.7,144.3,145.1,843.845
2022-11-09 06:00:00,145.2,145.8,145.0,145.7,378.034
2022-11-09 06:30:00,145.7,147.3,144.7,145.1,1181.888
2022-11-09 07:00:00,145.2,145.6,144.4,144.9,414.791
2022-11-09 07:30:00,144.9,146.1,144.1,144.2,1034.508
2022-11-09 08:00:00,144.2,145.9,143.8,144.5,1039.553
2022-11-09 08:30:00,144.6,145.1,143.8,144.6,548.656
2022-11-09 09:00:00,144.5,145.5,144.0,145.3,560.834
2022-11-09 09:30:00,145.3,145.5,142.8,144.3,1534.482
2022-11-09 10:00:00,144.4,144.4,141.6,141.8,3128.707
2022-11-09 10:30:00,141.8,145.7,141.7,142.7,1520.692
2022-11-09 11:00:00,142.7,144.8,141.9,143.7,1063.981
2022-11-09 11:30:00,143.9,144.5,143.3,144.2,193.134
2022-11-09 12:00:00,144.1,146.0,143.8,144.8,1153.245
2022-11-09 12:30:00,144.9,145.5,143.7,144.7,1369.976
2022-11-09 13:00:00,144.7,144.9,143.4,143.7,495.925
2022-11-09 13:30:00,143.9,144.7,143.2,143.5,291.949
2022-11-09 14:00:00,143.6,144.0,143.0,143.1,150.049
2022-11-09 14:30:00,143.3,145.5,142.9,144.1,915.745
2022-11-09 15:00:00,144.0,145.6,144.0,144.4,677.503
2022-11-09 15:30:00,144.5,145.0,139.9,142.6,5048.274
2022-11-09 16:00:00,142.7,144.8,141.7,142.2,746.003
2022-11-09 16:30:00,142.2,143.8,141.9,142.6,577.732
2022-11-09 17:00:00,142.7,143.9,141.6,141.8,717.012
2022-11-09 17:30:00,141.6,142.6,141.2,142.2,510.438
2022-11-09 18:00:00,141.9,142.2,139.5,140.1,923.145
2022-11-09 18:30:00,140.0,143.5,139.5,142.7,1366.667
2022-11-09 19:00:00,142.9,143.8,142.7,143.3,549.163
2022-11-09 19:30:00,143.2,143.5,142.4,142.5,224.1
2022-11-09 20:00:00,142.8,143.3,141.6,142.3,364.348
2022-11-09 20:30:00,142.3,143.3,141.3,142.5,722.283
2022-11-09 21:00:00,142.7,142.7,139.8,140.4,1052.703
2022-11-09 21:30:00,140.6,141.2,138.8,140.1,1244.797
2022-11-09 22:00:00,140.2,140.8,138.9,140.3,682.562
2022-11-09 22:30:00,140.3,141.1,139.6,140.5,368.265
2022-11-09 23:00:00,140.1,141.3,140.0,140.2,489.35
2022-11-09 23:30:00,140.4,142.0,140.3,141.4,835.758
2022-11-10 00:00:00,141.2,142.1,140.3,141.9,916.034
2022-11-10 00:30:00,142.0,142.3,141.1,141.7,646.021
2022-11-10 01:00:00,141.7,142.2,140.7,140.8,876.055
2022-11-10 01:30:00,140.8,141.4,139.6,139.9,1595.891
2022-11-10 02:00:00,139.9,139.9,139.1,139.2,526.191
2022-11-10 02:30:00,139.1,139.7,138.5,139.3,854.301
2022-11-10 03:00:00,139.3,140.8,139.0,140.2,1182.757
2022-11-10 03:30:00,140.2,140.7,139.4,139.7,887.423
2022-11-10 04:00:00,139.7,141.3,139.2,139.6,556.529
2022-11-10 04:30:00,139.6,141.0,139.6,140.9,255.48
2022-11-10 05:00:00,141.0,142.3,140.8,142.2,1014.861
2022-11-10 05:30:00,142.2,142.9,141.4,142.6,626.31
2022-11-10 06:00:00,142.6,143.6,141.9,143.1,739.706
2022-11-10 06:30:00,143.0,143.7,142.5,142.8,384.081
2022-11-10 07:00:00,142.8,143.7,142.5,143.7,647.013
2022-11-10 07:30:00,143.7,144.0,143.2,143.8,448.342
2022-11-10 08:00:00,143.7,144.0,142.8,143.1,386.319
2022-11-10 08:30:00,143.1,144.1,142.8,144.1,427.682
2022-11-10 09:00:00,144.0,144.3,143.0,143.1,460.747
2022-11-10 09:30:00,143.0,143.0,142.5,142.5,178.82
2022-11-10 10:00:00,142.5,143.5,142.2,143.3,249.941
2022-11-10 10:30:00,143.3,143.7,142.0,142.4,627.299
2022-11-10 11:00:00,142.5,143.1,141.7,143.0,483.884
2022-11-10 11:30:00,142.9,143.9,142.6,143.0,777.259
2022-11-10 12:00:00,143.1,144.6,142.8,143.2,1835.374
2022-11-10 12:30:00,143.2,144.5,143.0,143.9,962.192
2022-11-10 13:00:00,143.6,144.3,143.2,143.5,402.479
2022-11-10 13:30:00,143.3,147.6,143.2,145.7,9476.256
2022-11-10 14:00:00,145.6,146.9,144.8,146.8,778.585
2022-11-10 14:30:00,146.9,147.1,145.6,147.0,813.208
2022-11-10 15:00:00,147.0,148.4,146.8,147.0,1535.108
2022-11-10 15:30:00,147.0,147.1,145.4,146.9,438.151
2022-11-10 16:00:00,146.9,149.0,146.4,148.1,1459.399
2022-11-10 16:30:00,147.9,148.3,147.4,147.6,282.261
2022-11-10 17:00:00,147.7,149.0,147.5,148.5,490.052
2022-11-10 17:30:00,148.3,148.4,146.3,147.8,277.603
2022-11-10 18:00:00,147.7,150.0,147.7,148.2,670.56
2022-11-10 18:30:00,148.1,149.9,148.1,148.9,494.813
2022-11-10 19:00:00,148.9,150.9,148.4,149.1,884.808
2022-11-10 19:30:00,149.3,149.7,148.7,149.2,130.802
2022-11-10 20:00:00,149.2,149.3,148.5,148.6,123.705
2022-11-10 20:30:00,148.7,149.9,148.3,149.2,603.24
2022-11-10 21:00:00,149.1,149.3,148.1,148.4,169.7
2022-11-10 21:30:00,148.3,148.6,148.0,148.3,194.398
2022-11-10 22:00:00,148.2,148.6,147.6,148.4,304.45
2022-11-10 22:30:00,148.3,149.7,147.9,148.6,476.216
2022-11-10 23:00:00,148.6,149.2,147.8,148.7,137.173
2022-11-10 23:30:00,148.9,149.3,148.5,148.7,93.74
2022-11-11 00:00:00,148.6,149.5,148.2,148.8,317.734
2022-11-11 00:30:00,149.1,150.0,149.0,149.9,364.514
2022-11-11 01:00:00,149.9,151.0,149.9,150.1,511.072
2022-11-11 01:30:00,150.2,150.4,147.8,148.1,243.827
2022-11-11 02:00:00,147.9,148.5,147.3,148.5,246.552
2022-11-11 02:30:00,148.6,149.1,148.2,148.5,241.458
2022-11-11 03:00:00,148.5,149.0,147.7,147.8,299.207
2022-11-11 03:30:00,147.6,148.5,147.1,148.4,634.972
2022-11-11 04:00:00,148.3,148.5,147.8,148.4,125.152
2022-11-11 04:30:00,148.4,148.5,148.1,148.5,73.075
2022-11-11 05:00:00,148.5,149.4,148.5,149.3,420.773
2022-11-11 05:30:00,149.3,150.3,149.3,150.1,412.478
2022-11-11 06:00:00,150.2,150.3,149.2,149.8,288.312
2022-11-11 06:30:00,149.9,150.4,149.3,149.5,221.241
2022-11-11 07:00:00,149.4,150.4,149.3,150.0,243.129
2022-11-11 07:30:00,150.1,150.6,149.7,150.0,291.114
2022-11-11 08:00:00,150.0,150.6,149.6,150.5,228.672
2022-11-11 08:30:00,150.4,150.9,150.0,150.4,219.013
2022-11-11 09:00:00,150.3,151.8,150.1,151.2,1010.016
2022-11-11 09:30:00,151.2,151.6,150.8,150.9,306.948
2022-11-11 10:00:00,150.8,151.3,150.3,151.2,310.538
2022-11-11 10:30:00,151.2,156.0,151.2,153.6,3405.044
2022-11-11 11:00:00,153.6,153.9,151.0,151.2,1643.804
2022-11-11 11:30:00,151.0,151.1,149.6,150.7,638.16
2022-11-11 12:00:00,150.6,150.7,148.8,149.5,757.817
2022-11-11 12:30:00,149.3,149.9,148.9,149.4,193.622
2022-11-11 13:00:00,149.3,149.7,148.7,148.9,274.216
2022-11-11 13:30:00,148.8,149.1,148.2,148.4,498.236
2022-11-11 14:00:00,148.3,148.6,145.7,145.7,6944.963
2022-11-11 14:30:00,145.7,149.2,145.4,148.4,4442.98
2022-11-11 15:00:00,148.2,149.7,147.8,148.3,1113.063
2022-11-11 15:30:00,148.4,148.4,146.6,147.7,699.148
2022-11-11 16:00:00,147.8,147.8,146.2,146.6,560.241
2022-11-11 16:30:00,146.6,148.0,146.5,147.7,388.565
2022-11-11 17:00:00,147.5,147.6,146.9,147.2,115.133
2022-11-11 17:30:00,147.2,147.9,147.0,147.7,107.747
2022-11-11 18:00:00,147.8,148.2,146.8,146.8,290.767
2022-11-11 18:30:00,146.8,147.2,146.6,146.9,101.177
2022-11-11 19:00:00,147.0,147.2,145.2,147.0,465.782
2022-11-11 19:30:00,147.0,147.0,146.1,146.4,120.792
2022-11-11 20:00:00,146.3,146.3,145.4,145.5,383.747
2022-11-11 20:30:00,145.6,146.0,145.4,145.9,74.298
2022-11-11 21:00:00,145.9,146.4,145.7,146.0,64.034
2022-11-11 21:30:00,146.1,146.6,145.9,146.5,100.059
2022-11-11 22:00:00,146.7,147.2,146.2,146.8,468.38
2022-11-11 22:30:00,146.9,147.3,146.8,147.3,106.773
2022-11-11 23:00:00,147.1,147.7,147.0,147.5,140.837
2022-11-11 23:30:00,147.6,148.4,147.5,148.0,365.455
2022-11-12 00:00:00,148.0,148.2,146.6,146.7,272.502
2022-11-12 00:30:00,146.7,146.9,146.3,146.9,152.5
2022-11-12 01:00:00,146.9,146.9,146.2,146.3,331.468
2022-11-12 01:30:00,146.3,146.9,146.1,146.7,148.596
2022-11-12 02:00:00,146.6,147.5,146.5,147.5,227.746
2022-11-12 02:30:00,147.5,147.7,146.8,146.9,244.687
2022-11-12 03:00:00,147.0,147.0,146.1,146.4,199.98
2022-11-12 03:30:00,146.4,146.9,146.2,146.5,56.588
2022-11-12 04:00:00,146.4,146.9,145.6,145.7,282.848
2022-11-12 04:30:00,145.8,145.8,145.1,145.2,347.253
2022-11-12 05:00:00,145.3,145.9,144.8,145.3,468.294
2022-11-12 05:30:00,145.3,145.8,144.5,145.2,405.132
2022-11-12 06:00:00,145.2,145.7,144.9,144.9,152.993
2022-11-12 06:30:00,145.1,145.9,144.8,145.0,610.028
2022-11-12 07:00:00,145.0,146.8,144.7,146.2,619.241
2022-11-12 07:30:00,146.2,146.2,145.7,145.9,80.815
2022-11-12 08:00:00,145.8,146.0,145.3,145.4,114.859
2022-11-12 08:30:00,145.5,146.0,145.0,145.2,152.2
2022-11-12 09:00:00,145.1,145.6,144.6,145.0,171.664
2022-11-12 09:30:00,145.1,145.5,144.6,144.9,113.495
2022-11-12 10:00:00,144.8,145.7,144.7,144.7,163.037
2022-11-12 10:30:00,145.0,145.9,144.5,144.7,171.666
2022-11-12 11:00:00,144.8,144.8,144.2,144.5,292.014
2022-11-12 11:30:00,144.4,145.0,144.1,144.6,241.916
2022-11-12 12:00:00,144.6,145.0,143.6,143.6,317.539
2022-11-12 12:30:00,143.6,144.6,143.5,144.6,370.07
2022-11-12 13:00:00,144.6,144.7,143.3,143.6,336.184
2022-11-12 13:30:00,143.6,143.9,143.3,143.8,137.284
2022-11-12 14:00:00,143.9,144.2,143.1,144.1,273.099
2022-11-12 14:30:00,144.1,144.8,143.9,144.1,358.813
2022-11-12 15:00:00,144.1,144.8,143.7,144.4,196.659
2022-11-12 15:30:00,144.4,145.2,144.4,145.0,257.464
2022-11-12 16:00:00,145.0,145.0,144.1,144.5,136.951
2022-11-12 16:30:00,144.6,145.5,144.3,145.3,231.298
2022-11-12 17:00:00,145.3,145.6,144.8,145.4,191.475
2022-11-12 17:30:00,145.6,145.6,144.9,145.3,51.787
2022-11-12 18:00:00,145.3,145.5,144.7,145.3,66.021
2022-11-12 18:30:00,145.4,145.5,145.0,145.3,93.425
2022-11-12 19:00:00,145.3,145.7,145.3,145.6,110.566
2022-11-12 19:30:00,145.6,145.7,144.7,145.1,69.28
2022-11-12 20:00:00,145.1,146.1,145.1,146.0,232.239
2022-11-12 20:30:00,146.0,146.1,145.1,145.4,104.136
2022-11-12 21:00:00,145.3,146.1,145.2,145.8,295.773
2022-11-12 21:30:00,145.9,146.0,145.5,145.5,32.514
2022-11-12 22:00:00,145.4,145.9,145.4,145.9,57.043
2022-11-12 22:30:00,145.9,146.4,145.8,146.3,117.568
2022-11-12 23:00:00,146.1,146.3,145.6,145.9,132.298
2022-11-12 23:30:00,145.8,146.1,145.3,145.7,62.859
2022-11-13 00:00:00,145.8,145.8,145.1,145.8,67.828
2022-11-13 00:30:00,145.8,146.0,145.7,145.7,36.247
2022-11-13 01:00:00,145.8,146.6,145.8,146.0,355.187
2022-11-13 01:30:00,146.0,146.4,146.0,146.3,60.15
2022-11-13 02:00:00,146.3,146.5,145.6,145.7,225.843
2022-11-13 02:30:00,145.8,145.8,145.2,145.3,244.718
2022-11-13 03:00:00,145.4,145.5,145.0,145.0,119.352
2022-11-13 03:30:00,145.1,145.7,145.1,145.4,97.655
2022-11-13 04:00:00,145.3,145.3,144.9,145.2,85.452
2022-11-13 04:30:00,145.0,145.5,144.7,144.8,120.631
2022-11-13 05:00:00,144.9,144.9,144.8,144.8,10.538
2022-11-13 05:30:00,144.8,145.2,144.2,144.4,178.76
2022-11-13 06:00:00,144.3,144.3,143.0,143.2,737.458
2022-11-13 06:30:00,143.0,143.3,142.3,142.3,641.054
2022-11-13 07:00:00,142.3,143.5,141.8,142.8,757.065
2022-11-13 07:30:00,142.8,143.7,142.6,143.5,392.268
2022-11-13 08:00:00,143.5,143.7,142.7,143.5,198.486
2022-11-13 08:30:00,143.5,144.3,143.1,143.4,820.719
2022-11-13 09:00:00,143.3,143.8,142.7,142.7,365.516
2022-11-13 09:30:00,142.8,143.6,142.7,143.1,136.269
2022-11-13 10:00:00,143.1,143.5,142.9,143.2,103.34
2022-11-13 10:30:00,143.3,143.7,143.3,143.5,74.601
2022-11-13 11:00:00,143.6,144.0,143.4,143.9,233.078
2022-11-13 11:30:00,144.0,144.4,143.5,144.1,220.179
2022-11-13 12:00:00,144.1,144.1,143.1,143.4,89.536
2022-11-13 12:30:00,143.4,143.4,143.2,143.2,23.158
2022-11-13 13:00:00,143.2,143.3,143.1,143.2,7.104
2022-11-13 13:30:00,143.1,143.6,142.7,143.0,670.499
2022-11-13 14:00:00,143.0,143.4,142.8,142.8,145.712
2022-11-13 14:30:00,142.8,142.9,142.5,142.7,164.251
2022-11-13 15:00:00,142.7,143.1,142.2,142.4,196.603
2022-11-13 15:30:00,142.4,142.6,141.3,141.6,568.029
2022-11-13 16:00:00,141.8,141.9,141.1,141.3,563.728
2022-11-13 16:30:00,141.3,142.3,141.0,141.8,484.582
2022-11-13 17:00:00,141.9,142.1,141.0,141.3,471.754
2022-11-13 17:30:00,141.3,141.7,140.7,141.6,253.126
2022-11-13 18:00:00,141.6,142.1,141.1,141.1,271.157
2022-11-13 18:30:00,141.4,142.4,141.2,142.0,116.626
2022-11-13 19:00:00,142.1,142.5,142.1,142.2,161.817
2022-11-13 19:30:00,142.1,142.7,142.1,142.7,65.453
2022-11-13 20:00:00,142.7,143.1,142.2,142.7,335.864
2022-11-13 20:30:00,142.7,143.0,142.2,142.2,159.122
2022-11-13 21:00:00,142.3,143.6,142.1,143.5,821.527
2022-11-13 21:30:00,143.2,143.8,141.3,142.1,679.432
2022-11-13 22:00:00,142.0,142.8,141.9,142.8,134.391
2022-11-13 22:30:00,142.8,143.4,142.8,142.9,232.967
2022-11-13 23:00:00,142.9,143.4,142.2,143.2,214.507
2022-11-13 23:30:00,143.3,143.8,142.8,143.5,290.824
2022-11-14 00:00:00,143.2,144.5,142.0,142.3,810.302
2022-11-14 00:30:00,142.3,143.7,142.3,142.5,510.574
2022-11-14 01:00:00,142.6,143.5,142.3,143.0,344.741
2022-11-14 01:30:00,142.7,143.4,142.4,142.9,181.882
2022-11-14 02:00:00,142.8,143.5,142.1,143.3,407.019
2022-11-14 02:30:00,143.3,143.7,142.9,143.6,167.348
2022-11-14 03:00:00,143.6,143.8,143.3,143.5,77.525
2022-11-14 03:30:00,143.4,143.4,141.7,141.8,579.283
2022-11-14 04:00:00,141.8,144.4,141.7,144.1,807.075
2022-11-14 04:30:00,144.0,145.1,143.6,144.1,592.534
2022-11-14 05:00:00,144.1,144.7,143.9,144.4,125.798
2022-11-14 05:30:00,144.5,144.6,143.7,144.0,71.319
2022-11-14 06:00:00,143.7,145.8,143.7,145.3,873.663
2022-11-14 06:30:00,145.3,148.2,145.3,147.9,2398.071
2022-11-14 07:00:00,148.0,148.1,146.7,147.9,722.488
2022-11-14 07:30:00,147.7,148.1,147.1,147.4,257.001
2022-11-14 08:00:00,147.5,148.9,147.1,147.2,702.939
2022-11-14 08:30:00,147.2,147.8,146.3,147.2,632.559
2022-11-14 09:00:00,147.2,147.2,146.2,146.6,94.763
2022-11-14 09:30:00,146.5,147.1,146.5,146.8,136.086
2022-11-14 10:00:00,146.5,146.6,146.2,146.6,124.054
2022-11-14 10:30:00,146.7,147.6,146.7,147.2,200.531
2022-11-14 11:00:00,147.4,147.6,146.6,146.8,74.395
2022-11-14 11:30:00,146.8,147.1,146.7,146.8,112.982
2022-11-14 12:00:00,146.7,147.7,146.4,147.3,229.752
2022-11-14 12:30:00,147.4,147.7,147.3,147.6,99.76
2022-11-14 13:00:00,147.5,148.3,147.1,148.1,868.421
2022-11-14 13:30:00,148.0,148.0,146.0,147.5,635.364
2022-11-14 14:00:00,147.5,148.0,146.7,146.9,403.075
2022-11-14 14:30:00,146.8,147.6,146.4,147.3,143.068
2022-11-14 15:00:00,147.2,147.5,146.4,146.4,58.508
2022-11-14 15:30:00,146.5,147.4,146.4,147.1,143.403
2022-11-14 16:00:00,147.0,147.2,146.0,146.9,195.675
2022-11-14 16:30:00,147.1,147.2,146.6,146.6,134.486
2022-11-14 17:00:00,146.8,146.8,146.2,146.5,87.182
2022-11-14 17:30:00,146.4,147.1,146.4,147.0,58.84
2022-11-14 18:00:00,147.0,147.0,146.6,146.9,62.041
2022-11-14 18:30:00,147.0,147.1,146.5,146.5,30.916
2022-11-14 19:00:00,146.7,146.7,146.0,146.6,79.458
2022-11-14 19:30:00,146.3,146.3,145.6,145.7,199.867
2022-11-14 20:00:00,145.8,146.4,145.8,146.3,104.878
2022-11-14 20:30:00,146.4,147.4,145.9,146.5,1458.075
2022-11-14 21:00:00,146.7,147.1,146.4,147.0,57.621
2022-11-14 21:30:00,147.0,147.2,146.7,147.2,52.273
2022-11-14 22:00:00,147.2,147.3,147.0,147.1,86.467
2022-11-14 22:30:00,147.3,147.4,147.0,147.2,107.077
2022-11-14 23:00:00,147.1,147.5,147.0,147.4,91.844
2022-11-14 23:30:00,147.4,147.8,147.2,147.6,94.286
2022-11-15 00:00:00,147.6,147.7,146.5,146.8,180.537
2022-11-15 00:30:00,147.0,147.2,146.1,146.4,274.79
2022-11-15 01:00:00,146.2,147.3,146.0,147.1,142.127
2022-11-15 01:30:00,147.2,147.8,147.0,147.0,242.117
2022-11-15 02:00:00,147.1,148.0,147.0,147.8,393.027
2022-11-15 02:30:00,147.9,148.7,147.9,148.5,383.302
2022-11-15 03:00:00,148.6,149.0,148.1,148.5,253.532
2022-11-15 03:30:00,148.4,148.8,147.6,148.0,349.353
2022-11-15 04:00:00,148.1,148.4,147.9,147.9,91.924
2022-11-15 04:30:00,147.8,148.0,147.7,147.9,49.668
2022-11-15 05:00:00,147.9,148.6,147.6,148.5,92.677
2022-11-15 05:30:00,148.5,148.5,147.7,147.8,40.22
2022-11-15 06:00:00,147.7,148.2,147.7,148.2,25.064
2022-11-15 06:30:00,148.1,148.4,147.9,148.3,72.101
2022-11-15 07:00:00,148.4,148.7,148.2,148.2,76.026
2022-11-15 07:30:00,148.3,148.5,147.8,148.4,51.784
2022-11-15 08:00:00,148.3,148.4,147.8,148.2,46.513
2022-11-15 08:30:00,148.1,148.2,147.8,147.9,61.686
2022-11-15 09:00:00,147.9,148.1,147.1,147.3,499.517
2022-11-15 09:30:00,147.3,148.0,147.1,147.9,389.563
2022-11-15 10:00:00,147.8,148.3,147.8,148.0,293.823
2022-11-15 10:30:00,148.0,148.9,147.9,148.8,511.386
2022-11-15 11:00:00,148.9,149.3,148.7,149.1,337.82
2022-11-15 11:30:00,149.2,149.3,148.8,149.1,111.797
2022-11-15 12:00:00,149.1,149.2,148.4,149.0,294.546
2022-11-15 12:30:00,149.0,149.4,148.1,148.5,925.434
2022-11-15 13:00:00,148.5,148.9,148.3,148.8,81.81
2022-11-15 13:30:00,148.9,149.4,148.7,149.3,424.98
2022-11-15 14:00:00,149.3,149.3,148.6,149.1,172.531
2022-11-15 14:30:00,149.1,149.5,148.5,149.4,974.472
2022-11-15 15:00:00,149.3,155.9,149.0,149.8,3593.7
2022-11-15 15:30:00,149.7,149.8,146.5,147.7,2215.601
2022-11-15 16:00:00,147.7,147.7,146.9,147.0,373.238
2022-11-15 16:30:00,147.1,147.2,146.5,147.0,208.329
2022-11-15 17:00:00,146.7,146.8,146.1,146.6,184.061
2022-11-15 17:30:00,146.6,146.8,145.8,145.9,266.549
2022-11-15 18:00:00,145.9,146.3,145.5,145.5,397.993
2022-11-15 18:30:00,145.6,146.7,145.2,146.4,810.348
2022-11-15 19:00:00,146.4,147.1,146.0,146.8,388.282
2022-11-15 19:30:00,146.9,147.0,146.5,146.8,166.342
2022-11-15 20:00:00,146.9,147.4,146.9,147.1,234.53
2022-11-15 20:30:00,147.2,147.3,146.8,147.0,40.814
2022-11-15 21:00:00,147.1,148.3,146.9,148.1,550.371
2022-11-15 21:30:00,148.1,148.4,148.0,148.2,304.51
2022-11-15 22:00:00,148.2,148.6,148.0,148.6,262.508
2022-11-15 22:30:00,148.6,148.8,148.6,148.6,152.98
2022-11-15 23:00:00,148.8,149.0,148.5,148.9,119.769
2022-11-15 23:30:00,149.0,150.2,149.0,150.0,534.285
2022-11-16 00:00:00,150.1,150.6,149.2,150.5,507.818
2022-11-16 00:30:00,150.5,151.0,150.2,150.9,246.212
2022-11-16 01:00:00,150.9,151.1,150.7,150.7,243.652
2022-11-16 01:30:00,150.9,152.0,150.8,151.8,719.631
2022-11-16 02:00:00,151.9,152.1,151.8,152.0,274.968
2022-11-16 02:30:00,152.0,152.6,150.8,151.4,660.503
2022-11-16 03:00:00,151.6,152.4,151.4,152.2,488.317
2022-11-16 03:30:00,152.1,152.4,151.9,152.2,630.996
2022-11-16 04:00:00,152.2,152.7,151.7,151.8,304.883
2022-11-16 04:30:00,151.8,152.6,151.7,152.2,207.837
2022-11-16 05:00:00,152.4,152.9,152.3,152.3,327.15
2022-11-16 05:30:00,152.3,153.0,152.3,152.9,266.209
2022-11-16 06:00:00,153.0,153.5,152.7,153.0,736.702
2022-11-16 06:30:00,153.1,153.2,152.3,152.8,164.324
2022-11-16 07:00:00,152.7,153.5,152.6,152.6,243.368
2022-11-16 07:30:00,152.8,152.8,152.1,152.3,90.887
2022-11-16 08:00:00,152.2,152.9,152.1,152.1,131.023
2022-11-16 08:30:00,152.0,152.0,151.2,151.3,322.052
2022-11-16 09:00:00,151.3,152.7,150.9,152.1,690.425
2022-11-16 09:30:00,152.2,152.4,151.5,151.6,284.197
2022-11-16 10:00:00,151.5,152.1,151.2,151.8,124.489
2022-11-16 10:30:00,152.0,152.1,151.3,151.6,108.151
2022-11-16 11:00:00,151.6,152.1,151.2,151.9,134.516
2022-11-16 11:30:00,151.7,152.0,150.7,151.1,219.587
2022-11-16 12:00:00,151.0,151.6,150.4,151.2,523.766
2022-11-16 12:30:00,151.1,151.7,150.6,150.6,146.717
2022-11-16 13:00:00,150.7,151.3,150.0,150.1,922.482
2022-11-16 13:30:00,150.1,150.6,150.0,150.0,443.616
2022-11-16 14:00:00,150.0,150.6,148.4,150.1,2365.932
2022-11-16 14:30:00,150.3,150.4,148.8,148.9,269.024
2022-11-16 15:00:00,148.9,149.9,148.7,149.4,143.309
2022-11-16 15:30:00,149.5,149.5,148.1,148.6,352.735
2022-11-16 16:00:00,148.6,149.8,148.0,149.7,420.404
2022-11-16 16:30:00,149.7,150.0,149.0,149.0,203.007
2022-11-16 17:00:00,149.0,149.3,148.9,148.9,79.498
2022-11-16 17:30:00,149.0,149.4,148.9,149.0,82.387
2022-11-16 18:00:00,149.0,150.1,148.9,149.9,177.444
2022-11-16 18:30:00,150.0,150.0,149.6,149.9,36.661
2022-11-16 19:00:00,150.0,150.2,149.6,150.0,82.628
2022-11-16 19:30:00,150.2,150.3,149.9,150.0,67.47
2022-11-16 20:00:00,150.2,150.6,149.7,150.4,230.651
2022-11-16 20:30:00,150.4,150.6,149.9,150.2,64.47
2022-11-16 21:00:00,150.1,150.5,150.0,150.3,86.128
2022-11-16 21:30:00,150.3,150.3,149.2,149.4,251.55
2022-11-16 22:00:00,149.5,149.6,148.1,148.2,816.403
2022-11-16 22:30:00,148.3,148.3,147.7,148.3,259.5
2022-11-16 23:00:00,148.2,148.3,147.0,147.2,398.542
2022-11-16 23:30:00,147.1,147.4,146.8,147.1,207.146
2022-11-17 00:00:00,147.1,148.9,146.9,148.4,770.913
2022-11-17 00:30:00,148.3,148.9,147.8,147.9,143.489
2022-11-17 01:00:00,148.0,148.5,147.7,147.8,60.288
2022-11-17 01:30:00,147.8,148.1,147.7,148.1,32.956
2022-11-17 02:00:00,148.1,148.4,147.4,147.5,418.172
2022-11-17 02:30:00,147.4,147.8,147.3,147.3,105.027
2022-11-17 03:00:00,147.3,147.4,146.9,146.9,152.074
2022-11-17 03:30:00,146.8,146.9,146.1,146.3,690.028
2022-11-17 04:00:00,146.4,146.8,146.0,146.7,264.691
2022-11-17 04:30:00,146.6,148.4,146.6,147.5,567.614
2022-11-17 05:00:00,147.5,147.9,147.3,147.4,59.333
2022-11-17 05:30:00,147.5,147.8,147.3,147.8,30.365
2022-11-17 06:00:00,147.8,148.7,147.6,148.1,390.491
2022-11-17 06:30:00,148.1,148.1,146.6,146.7,685.25
2022-11-17 07:00:00,146.7,147.0,146.2,146.4,159.329
2022-11-17 07:30:00,146.3,146.6,145.8,146.1,529.647
2022-11-17 08:00:00,146.1,147.0,145.9,146.3,299.054
2022-11-17 08:30:00,146.3,146.6,146.0,146.4,28.517
2022-11-17 09:00:00,146.3,146.6,146.1,146.4,116.504
2022-11-17 09:30:00,146.1,146.3,145.8,146.3,139.175
2022-11-17 10:00:00,146.3,146.6,146.1,146.6,301.902
2022-11-17 10:30:00,146.7,147.1,146.4,146.9,316.796
2022-11-17 11:00:00,147.1,147.4,146.9,147.3,124.311
2022-11-17 11:30:00,147.4,147.7,147.3,147.6,148.628
2022-11-17 12:00:00,147.7,147.7,146.9,147.2,448.87
2022-11-17 12:30:00,147.3,147.6,146.8,147.5,68.223
2022-11-17 13:00:00,147.5,147.7,146.5,147.2,219.101
2022-11-17 13:30:00,147.3,147.6,146.6,147.1,178.745
2022-11-17 14:00:00,147.3,147.4,146.9,147.2,54.171
2022-11-17 14:30:00,147.3,147.6,147.1,147.5,96.658
2022-11-17 15:00:00,147.5,148.9,147.2,148.7,392.915
2022-11-17 15:30:00,148.5,148.6,147.8,148.2,155.253
2022-11-17 16:00:00,148.3,148.9,147.9,148.8,281.037
2022-11-17 16:30:00,148.9,149.9,148.9,149.8,644.231
2022-11-17 17:00:00,149.7,150.0,149.4,149.6,162.133
2022-11-17 17:30:00,149.6,150.4,149.6,150.4,307.055
2022-11-17 18:00:00,150.4,152.3,150.3,151.9,1239.665
2022-11-17 18:30:00,152.0,153.1,151.8,152.5,1035.49
2022-11-17 19:00:00,152.4,153.1,152.3,152.8,229.518
2022-11-17 19:30:00,153.0,153.1,152.4,152.9,68.715
2022-11-17 20:00:00,152.9,153.0,152.5,152.8,97.911
2022-11-17 20:30:00,152.6,152.8,152.3,152.8,188.228
2022-11-17 21:00:00,152.7,153.4,152.7,152.8,325.949
2022-11-17 21:30:00,152.7,153.1,152.6,152.7,96.884
2022-11-17 22:00:00,152.6,153.0,152.5,152.9,158.213
2022-11-17 22:30:00,152.8,153.2,152.7,152.8,328.145
2022-11-17 23:00:00,152.8,153.1,152.5,153.0,127.027
2022-11-17 23:30:00,152.9,153.5,152.2,152.2,518.68
2022-11-18 00:00:00,152.2,153.5,151.6,152.5,582.321
2022-11-18 00:30:00,152.7,152.9,152.1,152.9,75.172
2022-11-18 01:00:00,152.9,153.1,152.3,152.7,28.424
2022-11-18 01:30:00,152.6,153.0,152.5,152.8,95.549
2022-11-18 02:00:00,152.7,152.9,152.2,152.6,149.319
2022-11-18 02:30:00,152.8,153.2,152.6,152.6,62.852
2022-11-18 03:00:00,152.6,152.9,152.5,152.7,124.99
2022-11-18 03:30:00,152.7,152.7,151.8,151.8,358.523
2022-11-18 04:00:00,151.8,152.4,151.6,152.4,130.483
2022-11-18 04:30:00,152.4,152.8,152.2,152.4,122.324
2022-11-18 05:00:00,152.4,152.9,152.4,152.5,117.982
2022-11-18 05:30:00,152.6,153.2,152.6,152.6,161.532
2022-11-18 06:00:00,152.6,152.9,152.1,152.9,110.266
2022-11-18 06:30:00,152.7,153.0,152.7,152.9,94.878
2022-11-18 07:00:00,153.0,156.2,152.3,153.2,2020.945
2022-11-18 07:30:00,153.1,155.1,152.7,153.2,1147.386
2022-11-18 08:00:00,153.3,153.8,152.9,153.5,271.067
2022-11-18 08:30:00,153.4,153.8,152.9,153.2,97.03
2022-11-18 09:00:00,153.2,153.3,152.6,153.0,102.608
2022-11-18 09:30:00,152.7,152.8,152.4,152.7,224.479
2022-11-18 10:00:00,152.7,153.2,152.6,153.2,51.538
2022-11-18 10:30:00,153.0,153.2,152.3,152.6,71.511
2022-11-18 11:00:00,152.6,153.1,152.6,152.9,45.408
2022-11-18 11:30:00,152.9,154.1,152.9,153.7,879.583
2022-11-18 12:00:00,153.7,154.3,153.7,154.1,276.601
2022-11-18 12:30:00,154.1,154.3,154.0,154.0,204.441
2022-11-18 13:00:00,154.0,154.6,154.0,154.3,535.766
2022-11-18 13:30:00,154.5,155.1,154.1,154.3,535.906
2022-11-18 14:00:00,154.4,155.3,154.2,154.7,804.504
2022-11-18 14:30:00,154.7,155.2,154.2,155.0,570.141
2022-11-18 15:00:00,155.0,155.0,154.2,154.4,123.45
2022-11-18 15:30:00,154.4,154.9,154.3,154.6,100.125
2022-11-18 16:00:00,154.7,155.1,154.4,154.8,355.891
2022-11-18 16:30:00,154.8,155.2,154.6,154.9,245.396
2022-11-18 17:00:00,154.8,154.8,154.1,154.1,96.906
2022-11-18 17:30:00,154.1,154.9,153.7,154.4,269.951
2022-11-18 18:00:00,154.4,154.7,154.1,154.4,134.47
2022-11-18 18:30:00,154.3,154.9,154.2,154.6,403.285
2022-11-18 19:00:00,154.7,155.1,154.5,154.9,138.468
2022-11-18 19:30:00,154.8,155.0,154.7,155.0,195.967
2022-11-18 20:00:00,154.9,155.4,154.6,154.7,347.492
2022-11-18 20:30:00,154.7,155.6,154.5,155.2,366.085
2022-11-18 21:00:00,155.1,155.8,155.0,155.2,273.269
2022-11-18 21:30:00,155.1,155.4,154.8,155.0,131.705
2022-11-18 22:00:00,154.9,155.5,154.8,155.4,183.233
2022-11-18 22:30:00,155.4,155.6,155.1,155.1,41.984
2022-11-18 23:00:00,155.2,155.5,155.1,155.4,23.312
2022-11-18 23:30:00,155.2,156.0,155.2,155.8,250.22
2022-11-19 00:00:00,155.8,156.7,155.6,156.1,1030.159
2022-11-19 00:30:00,156.1,156.6,155.8,156.0,221.726
2022-11-19 01:00:00,156.0,156.2,155.6,155.9,105.138
2022-11-19 01:30:00,156.1,156.1,154.7,155.2,404.998
2022-11-19 02:00:00,155.2,155.5,154.6,155.4,252.518
2022-11-19 02:30:00,155.2,155.8,154.8,155.7,191.567
2022-11-19 03:00:00,155.5,155.8,155.1,155.3,63.69
2022-11-19 03:30:00,155.3,155.5,154.8,154.8,184.421
2022-11-19 04:00:00,154.7,155.2,154.6,155.2,124.007
2022-11-19 04:30:00,155.2,155.6,155.0,155.5,166.797
2022-11-19 05:00:00,155.4,155.7,153.3,154.1,3076.326
2022-11-19 05:30:00,154.1,155.3,154.0,155.0,711.058
2022-11-19 06:00:00,155.2,155.7,154.8,155.5,244.645
2022-11-19 06:30:00,155.3,156.0,155.3,155.3,267.652
2022-11-19 07:00:00,155.5,155.5,154.3,154.9,1195.243
2022-11-19 07:30:00,154.8,155.2,154.7,154.9,267.521
2022-11-19 08:00:00,155.1,155.5,154.7,154.7,279.89
2022-11-19 08:30:00,154.7,155.6,154.5,155.5,465.642
2022-11-19 09:00:00,155.5,155.6,155.2,155.6,85.196
2022-11-19 09:30:00,155.6,155.9,155.4,155.7,455.044
2022-11-19 10:00:00,155.6,155.9,155.4,155.4,73.626
2022-11-19 10:30:00,155.5,155.6,155.0,155.3,186.795
2022-11-19 11:00:00,155.3,155.6,155.1,155.1,25.041
2022-11-19 11:30:00,155.0,155.3,154.6,155.1,1535.012
2022-11-19 12:00:00,155.1,155.6,154.8,155.4,999.77
2022-11-19 12:30:00,155.5,155.7,155.4,155.6,117.38
2022-11-19 13:00:00,155.6,155.8,155.3,155.4,142.592
2022-11-19 13:30:00,155.4,155.7,155.2,155.4,266.924
2022-11-19 14:00:00,155.5,155.6,154.9,155.0,249.863
2022-11-19 14:30:00,155.0,155.2,154.6,155.0,164.329
2022-11-19 15:00:00,155.1,155.8,155.0,155.8,328.787
2022-11-19 15:30:00,155.8,156.1,155.6,155.9,494.52
2022-11-19 16:00:00,155.9,157.2,155.9,156.4,1528.355
2022-11-19 16:30:00,156.3,156.6,154.6,154.8,3036.274
2022-11-19 17:00:00,154.9,155.1,154.3,154.6,903.873
2022-11-19 17:30:00,154.5,154.7,154.2,154.5,298.448
2022-11-19 18:00:00,154.5,154.7,154.3,154.4,198.567
2022-11-19 18:30:00,154.3,154.7,154.3,154.6,334.412
2022-11-19 19:00:00,154.5,155.0,154.3,154.8,93.596
2022-11-19 19:30:00,154.7,155.3,154.2,154.4,242.108
2022-11-19 20:00:00,154.3,155.9,154.2,155.2,660.324
2022-11-19 20:30:00,155.0,155.9,155.0,155.5,148.816
2022-11-19 21:00:00,155.6,155.9,154.8,154.9,426.568
2022-11-19 21:30:00,154.9,155.6,154.9,155.1,467.568
2022-11-19 22:00:00,155.2,155.7,155.0,155.6,75.162
2022-11-19 22:30:00,155.6,155.7,154.6,154.6,470.188
2022-11-19 23:00:00,154.9,154.9,154.4,154.5,125.755
2022-11-19 23:30:00,154.5,154.6,154.4,154.5,33.165
2022-11-20 00:00:00,154.4,154.7,154.2,154.7,122.779
2022-11-20 00:30:00,154.7,155.4,154.7,155.3,147.712
2022-11-20 01:00:00,155.3,155.5,154.4,154.8,100.584
2022-11-20 01:30:00,154.7,155.0,154.6,154.8,65.352
2022-11-20 02:00:00,154.9,155.1,154.7,155.1,25.076
2022-11-20 02:30:00,155.0,155.6,154.7,154.7,204.71
2022-11-20 03:00:00,154.7,155.0,154.5,155.0,184.003
2022-11-20 03:30:00,154.9,155.5,154.9,155.4,175.374
2022-11-20 04:00:00,155.5,155.5,155.2,155.4,212.08
2022-11-20 04:30:00,155.5,155.6,155.2,155.2,195.348
2022-11-20 05:00:00,155.2,155.2,154.5,154.6,647.963
2022-11-20 05:30:00,154.6,155.1,154.1,154.9,515.777
2022-11-20 06:00:00,154.9,155.1,154.7,154.8,155.13
2022-11-20 06:30:00,154.7,154.7,154.3,154.3,48.625
2022-11-20 07:00:00,154.3,154.6,154.2,154.3,51.304
2022-11-20 07:30:00,154.4,154.4,154.1,154.2,153.651
2022-11-20 08:00:00,154.0,154.2,153.9,154.2,119.606
2022-11-20 08:30:00,154.2,154.2,152.9,153.1,448.379
2022-11-20 09:00:00,153.2,155.6,152.9,154.6,1112.306
2022-11-20 09:30:00,154.4,154.6,154.0,154.1,142.269
2022-11-20 10:00:00,154.2,154.5,153.9,154.0,215.734
2022-11-20 10:30:00,154.0,154.1,153.5,153.6,123.437
2022-11-20 11:00:00,153.6,153.8,153.3,153.6,272.576
2022-11-20 11:30:00,153.6,155.0,152.5,154.1,830.455
2022-11-20 12:00:00,154.2,157.8,154.1,155.7,1064.025
2022-11-20 12:30:00,155.7,156.9,155.1,155.8,799.665
2022-11-20 13:00:00,155.7,156.1,155.2,155.3,268.535
2022-11-20 13:30:00,155.3,156.1,155.3,155.9,243.616
2022-11-20 14:00:00,155.9,156.2,155.8,155.8,150.032
2022-11-20 14:30:00,155.9,156.1,155.2,155.8,685.837
2022-11-20 15:00:00,155.8,156.2,155.6,156.0,65.873
2022-11-20 15:30:00,156.1,157.0,156.0,156.6,373.975
2022-11-20 16:00:00,156.6,157.0,156.1,156.4,633.25
2022-11-20 16:30:00,156.4,156.8,156.1,156.5,95.901
2022-11-20 17:00:00,156.4,156.6,156.0,156.2,33.732
2022-11-20 17:30:00,156.2,157.1,155.8,156.6,375.483
2022-11-20 18:00:00,156.7,156.9,156.5,156.9,118.945
2022-11-20 18:30:00,156.8,157.0,156.8,156.9,189.019
2022-11-20 19:00:00,156.9,156.9,156.3,156.9,331.481
2022-11-20 19:30:00,156.7,157.8,156.7,157.1,821.994
2022-11-20 20:00:00,157.2,157.6,156.1,156.1,201.664
2022-11-20 20:30:00,156.1,156.5,155.7,155.9,357.467
2022-11-20 21:00:00,155.8,156.1,155.2,155.8,339.689
2022-11-20 21:30:00,155.8,155.8,154.5,154.8,388.199
2022-11-20 22:00:00,154.6,155.6,154.2,154.9,470.854
2022-11-20 22:30:00,154.7,154.7,154.0,154.5,224.567
2022-11-20 23:00:00,154.5,155.0,153.8,154.6,366.827
2022-11-20 23:30:00,154.7,155.4,154.1,154.7,176.497
2022-11-21 00:00:00,154.7,155.2,154.5,154.8,225.543
2022-11-21 00:30:00,154.9,155.0,153.8,154.8,463.745
2022-11-21 01:00:00,154.8,155.6,154.4,155.4,451.223
2022-11-21 01:30:00,155.4,155.9,154.5,154.7,752.82
2022-11-21 02:00:00,154.8,155.0,153.3,153.8,969.154
2022-11-21 02:30:00,153.8,154.7,153.8,154.1,115.323
2022-11-21 03:00:00,154.0,154.5,153.0,153.0,531.965
2022-11-21 03:30:00,153.1,153.9,152.9,153.8,342.883
2022-11-21 04:00:00,153.8,155.1,153.4,154.8,692.941
2022-11-21 04:30:00,154.6,154.8,154.1,154.5,47.615
2022-11-21 05:00:00,154.3,155.2,153.9,155.1,526.545
2022-11-21 05:30:00,155.0,155.4,154.5,154.6,177.47
2022-11-21 06:00:00,154.5,155.4,154.2,155.4,369.205
2022-11-21 06:30:00,155.4,156.1,153.7,154.2,984.534
2022-11-21 07:00:00,154.1,154.8,153.8,154.4,640.621
2022-11-21 07:30:00,154.4,154.6,153.5,153.8,505.046
2022-11-21 08:00:00,153.9,154.6,153.9,154.6,127.2
2022-11-21 08:30:00,154.6,155.0,154.1,154.3,324.722
2022-11-21 09:00:00,154.3,155.5,154.2,155.1,777.504
2022-11-21 09:30:00,155.1,155.9,154.9,155.4,191.692
2022-11-21 10:00:00,155.5,155.9,155.1,155.8,198.062
2022-11-21 10:30:00,155.9,156.3,155.6,156.2,482.601
2022-11-21 11:00:00,156.4,156.6,155.6,156.0,141.275
2022-11-21 11:30:00,156.0,156.5,155.6,156.4,127.847
2022-11-21 12:00:00,156.4,156.9,155.8,156.1,604.098
2022-11-21 12:30:00,156.1,157.2,155.8,156.6,449.016
2022-11-21 13:00:00,156.6,157.8,156.6,156.8,610.582
2022-11-21 13:30:00,156.9,157.6,156.6,156.7,131.427
2022-11-21 14:00:00,156.8,157.4,156.2,156.6,315.478
2022-11-21 14:30:00,156.5,156.6,156.1,156.1,194.634
2022-11-21 15:00:00,156.2,156.7,155.9,156.0,222.848
2022-11-21 15:30:00,155.9,156.9,155.9,156.5,100.107
2022-11-21 16:00:00,156.4,156.7,156.0,156.0,140.114
2022-11-21 16:30:00,155.9,157.0,155.7,156.9,216.978
2022-11-21 17:00:00,156.9,157.0,156.3,156.3,109.464
2022-11-21 17:30:00,156.4,157.2,156.3,156.9,238.158
2022-11-21 18:00:00,156.9,157.4,156.1,157.1,406.668
2022-11-21 18:30:00,157.2,157.8,156.9,157.5,300.282
2022-11-21 19:00:00,157.5,157.6,156.3,156.6,184.034
2022-11-21 19:30:00,156.6,156.7,155.6,156.3,292.49
2022-11-21 20:00:00,156.4,157.0,155.8,156.9,179.884
2022-11-21 20:30:00,157.0,157.3,156.6,157.2,133.387
2022-11-21 21:00:00,157.1,157.8,156.8,157.6,292.805
2022-11-21 21:30:00,157.5,157.8,157.2,157.5,496.732
2022-11-21 22:00:00,157.5,157.8,157.4,157.8,857.828
2022-11-21 22:30:00,157.8,159.0,157.7,158.4,2009.141
2022-11-21 23:00:00,158.3,158.8,158.0,158.5,480.662
2022-11-21 23:30:00,158.4,158.8,158.2,158.8,181.416
2022-11-22 00:00:00,158.7,158.8,157.6,157.9,335.473
2022-11-22 00:30:00,157.9,157.9,157.0,157.5,474.332
2022-11-22 01:00:00,157.4,158.1,156.8,158.0,315.91
2022-11-22 01:30:00,158.0,159.1,157.7,158.6,3457.765
2022-11-22 02:00:00,158.6,158.8,158.4,158.7,69.456
2022-11-22 02:30:00,158.8,160.4,158.2,159.3,1220.293
2022-11-22 03:00:00,159.4,159.6,158.7,159.2,522.026
2022-11-22 03:30:00,159.2,160.0,159.0,159.9,679.682
2022-11-22 04:00:00,159.9,161.7,159.5,161.6,3660.721
2022-11-22 04:30:00,161.5,162.0,160.5,161.3,3261.245
2022-11-22 05:00:00,161.4,162.0,161.2,161.3,772.293
2022-11-22 05:30:00,161.2,162.0,161.1,161.3,425.088
2022-11-22 06:00:00,161.2,161.2,160.0,160.3,1531.692
2022-11-22 06:30:00,160.4,161.7,160.2,160.9,1389.196
2022-11-22 07:00:00,160.8,161.2,160.2,160.4,574.693
2022-11-22 07:30:00,160.4,160.7,159.7,160.4,465.781
2022-11-22 08:00:00,160.4,160.5,159.5,160.3,537.258
2022-11-22 08:30:00,160.3,161.0,159.9,160.9,330.521
2022-11-22 09:00:00,160.8,161.2,160.2,160.7,361.453
2022-11-22 09:30:00,160.6,160.6,159.9,160.0,414.804
2022-11-22 10:00:00,159.9,160.3,159.3,159.9,888.597
2022-11-22 10:30:00,159.7,160.7,159.6,160.7,523.281
2022-11-22 11:00:00,160.7,161.2,160.1,160.6,1208.936
2022-11-22 11:30:00,160.6,160.9,159.5,160.0,2165.203
2022-11-22 12:00:00,160.1,160.4,159.4,159.9,485.852
2022-11-22 12:30:00,159.9,160.6,159.7,160.3,293.307
2022-11-22 13:00:00,160.2,161.5,160.1,160.9,1351.172
2022-11-22 13:30:00,161.0,161.7,160.6,161.3,997.02
2022-11-22 14:00:00,161.2,161.2,160.4,160.6,629.276
2022-11-22 14:30:00,160.7,161.0,160.2,160.4,430.764
2022-11-22 15:00:00,160.3,160.7,159.8,160.3,508.853
2022-11-22 15:30:00,160.3,160.8,160.2,160.5,155.891
2022-11-22 16:00:00,160.5,160.5,159.7,159.8,469.347
2022-11-22 16:30:00,159.8,159.8,159.3,159.4,419.664
2022-11-22 17:00:00,159.4,159.5,157.5,157.8,1152.817
2022-11-22 17:30:00,157.8,158.2,157.6,157.7,249.324
2022-11-22 18:00:00,157.7,157.7,154.2,154.7,2518.787
2022-11-22 18:30:00,154.7,154.7,152.2,152.9,2180.626
2022-11-22 19:00:00,152.9,153.1,151.4,151.6,1562.261
2022-11-22 19:30:00,151.6,152.5,151.1,151.8,1359.064
2022-11-22 20:00:00,151.6,151.7,150.0,150.3,1069.695
2022-11-22 20:30:00,150.3,150.8,148.5,148.9,1603.786
2022-11-22 21:00:00,148.8,149.0,146.9,147.1,1750.147
2022-11-22 21:30:00,147.2,149.1,147.2,147.8,1462.628
2022-11-22 22:00:00,147.8,147.8,146.5,147.1,1183.847
2022-11-22 22:30:00,147.0,147.5,146.1,146.6,1010.832
2022-11-22 23:00:00,146.6,146.7,145.0,145.7,1391.985
2022-11-22 23:30:00,145.7,146.0,144.3,144.6,1552.372
2022-11-23 00:00:00,144.6,144.6,141.8,142.7,2523.327
2022-11-23 00:30:00,142.7,143.1,141.8,142.0,1642.006
2022-11-23 01:00:00,142.0,142.4,140.0,140.0,6170.31
2022-11-23 01:30:00,140.0,140.7,135.0,137.9,11652.911
2022-11-23 02:00:00,137.9,145.1,137.5,145.1,9220.045
2022-11-23 02:30:00,145.0,147.0,142.4,142.7,3475.518
2022-11-23 03:00:00,142.8,144.0,140.2,140.4,5910.903
2022-11-23 03:30:00,140.4,142.4,140.3,141.4,1784.135
2022-11-23 04:00:00,141.3,141.4,137.4,139.7,6766.861
2022-11-23 04:30:00,139.7,141.0,139.4,140.6,6836.745
2022-11-23 05:00:00,140.6,148.6,140.1,145.6,18526.961
2022-11-23 05:30:00,145.6,145.7,143.7,144.1,3596.839
2022-11-23 06:00:00,144.0,147.0,143.3,145.3,5137.134
2022-11-23 06:30:00,145.4,146.5,145.0,146.1,23198.935
2022-11-23 07:00:00,146.2,146.6,145.3,145.4,22000.571
2022-11-23 07:30:00,145.5,146.2,145.1,145.6,12929.692
2022-11-23 08:00:00,145.6,146.6,145.0,146.0,2398.513
2022-11-23 08:30:00,146.1,154.4,146.0,151.2,18679.471
2022-11-23 09:00:00,151.3,153.4,151.0,152.7,1601.959
2022-11-23 09:30:00,152.8,153.4,152.1,152.8,951.128
2022-11-23 10:00:00,152.8,154.8,152.0,154.7,1601.655
2022-11-23 10:30:00,154.7,156.6,154.0,156.0,1962.516
2022-11-23 11:00:00,155.9,159.6,155.5,159.2,3905.822
2022-11-23 11:30:00,159.2,161.1,158.7,159.7,2221.087
2022-11-23 12:00:00,159.9,162.4,159.5,162.0,3496.74
2022-11-23 12:30:00,162.1,164.1,160.3,161.7,3128.626
2022-11-23 13:00:00,161.7,162.8,161.4,161.7,710.043
2022-11-23 13:30:00,161.8,161.9,159.7,159.7,4666.976
2022-11-23 14:00:00,159.7,160.7,159.3,159.9,837.57
2022-11-23 14:30:00,159.8,160.4,159.6,159.7,334.484
2022-11-23 15:00:00,159.7,160.2,157.9,158.6,2201.554
2022-11-23 15:30:00,158.7,158.7,157.9,158.1,457.304
2022-11-23 16:00:00,158.0,158.1,156.4,157.0,1123.179
2022-11-23 16:30:00,157.0,157.0,154.8,156.0,1113.506
2022-11-23 17:00:00,156.1,158.7,156.0,158.3,1297.699
2022-11-23 17:30:00,158.3,158.4,156.5,157.4,538.165
2022-11-23 18:00:00,157.3,157.9,156.5,157.0,1174.405
2022-11-23 18:30:00,156.9,156.9,154.9,156.3,2952.101
2022-11-23 19:00:00,156.3,157.2,155.8,156.3,599.646
2022-11-23 19:30:00,156.3,156.9,155.3,155.5,487.127
2022-11-23 20:00:00,155.5,156.6,155.1,156.4,355.38
2022-11-23 20:30:00,156.6,156.9,156.5,156.9,176.694
2022-11-23 21:00:00,156.9,156.9,156.0,156.8,232.828
2022-11-23 21:30:00,156.7,157.2,156.6,156.9,214.621
2022-11-23 22:00:00,157.1,157.1,156.1,156.2,209.921
2022-11-23 22:30:00,156.2,157.1,156.2,157.1,183.779
2022-11-23 23:00:00,157.1,157.4,156.5,157.2,176.566
2022-11-23 23:30:00,157.0,157.2,156.0,156.5,446.199
2022-11-24 00:00:00,156.5,157.1,156.0,156.8,483.726
2022-11-24 00:30:00,156.8,158.0,156.6,157.2,611.446
2022-11-24 01:00:00,157.1,157.2,156.6,156.9,463.96
2022-11-24 01:30:00,156.8,157.4,156.6,157.3,212.763
2022-11-24 02:00:00,157.4,157.4,156.7,156.8,149.024
2022-11-24 02:30:00,156.8,157.4,156.7,157.0,102.836
2022-11-24 03:00:00,157.0,159.0,157.0,158.8,807.45
2022-11-24 03:30:00,158.8,158.9,157.4,157.5,279.386
2022-11-24 04:00:00,157.5,158.0,156.7,157.1,523.877
2022-11-24 04:30:00,157.0,157.8,156.9,157.3,152.196
2022-11-24 05:00:00,157.3,157.3,156.6,157.1,357.555
2022-11-24 05:30:00,157.0,157.7,156.9,157.2,162.768
2022-11-24 06:00:00,157.2,157.8,157.0,157.4,119.46
2022-11-24 06:30:00,157.4,158.3,157.2,158.2,198.007
2022-11-24 07:00:00,158.1,158.8,157.6,158.6,114.79
2022-11-24 07:30:00,158.6,159.9,158.1,159.2,1239.002
2022-11-24 08:00:00,159.3,160.0,159.0,159.3,355.84
2022-11-24 08:30:00,159.3,159.8,158.7,159.4,540.947
2022-11-24 09:00:00,159.6,163.7,159.4,161.0,2611.334
2022-11-24 09:30:00,161.0,163.9,161.0,162.5,2070.806
2022-11-24 10:00:00,162.5,173.4,162.5,168.7,34000.315
2022-11-24 10:30:00,168.7,170.5,168.0,169.9,10701.786
2022-11-24 11:00:00,169.9,174.5,168.4,171.0,12595.196
2022-11-24 11:30:00,171.0,171.7,169.0,169.1,5392.556
2022-11-24 12:00:00,169.0,172.0,168.8,171.5,3846.106
2022-11-24 12:30:00,171.6,172.3,171.1,171.4,4389.213
2022-11-24 13:00:00,171.4,175.6,171.2,172.6,24847.188
2022-11-24 13:30:00,172.7,173.5,171.2,172.1,3164.624
2022-11-24 14:00:00,172.1,173.2,171.4,172.3,3000.148
2022-11-24 14:30:00,172.7,173.8,172.2,172.5,700.432
2022-11-24 15:00:00,172.4,174.8,171.9,172.6,1000.927
2022-11-24 15:30:00,173.0,173.1,171.6,171.9,414.129
2022-11-24 16:00:00,172.0,173.3,171.4,171.7,1052.289
2022-11-24 16:30:00,171.7,172.4,170.0,172.3,6661.515
2022-11-24 17:00:00,172.3,172.6,171.2,171.6,584.671
2022-11-24 17:30:00,171.7,172.3,171.0,171.3,784.574
2022-11-24 18:00:00,171.1,171.4,170.1,170.5,714.058
2022-11-24 18:30:00,170.3,173.8,170.1,171.4,1028.278
2022-11-24 19:00:00,171.5,171.8,170.4,171.1,425.702
2022-11-24 19:30:00,171.3,171.8,170.8,171.3,217.448
2022-11-24 20:00:00,171.2,171.5,170.6,170.8,329.277
2022-11-24 20:30:00,170.9,172.4,170.7,171.8,758.649
2022-11-24 21:00:00,171.8,172.4,171.5,172.0,360.023
2022-11-24 21:30:00,172.1,172.5,171.4,171.7,308.294
2022-11-24 22:00:00,171.7,173.5,171.2,172.1,1481.752
2022-11-24 22:30:00,172.1,172.5,171.8,172.1,148.098
2022-11-24 23:00:00,171.9,172.1,170.3,170.8,688.809
2022-11-24 23:30:00,170.8,171.5,170.1,171.3,247.642
2022-11-25 00:00:00,171.3,172.2,170.2,171.0,925.468
2022-11-25 00:30:00,170.8,171.4,170.1,170.2,406.683
2022-11-25 01:00:00,170.1,171.5,170.0,170.3,1123.307
2022-11-25 01:30:00,170.3,170.3,170.0,170.0,915.063
2022-11-25 02:00:00,170.0,170.1,169.4,169.9,936.797
2022-11-25 02:30:00,169.8,170.8,169.5,170.1,497.693
2022-11-25 03:00:00,170.0,170.6,169.6,170.5,143.085
2022-11-25 03:30:00,170.5,171.5,170.2,171.1,453.869
2022-11-25 04:00:00,171.1,171.1,169.0,169.8,1054.393
2022-11-25 04:30:00,169.6,170.2,169.1,170.2,250.261
2022-11-25 05:00:00,170.2,170.5,169.8,169.8,281.23
2022-11-25 05:30:00,169.9,170.3,169.8,169.9,112.812
2022-11-25 06:00:00,169.9,170.7,169.3,170.6,3011.611
2022-11-25 06:30:00,170.6,171.0,169.3,169.6,1943.952
2022-11-25 07:00:00,169.6,169.6,168.1,168.1,2852.047
2022-11-25 07:30:00,168.1,168.2,160.8,163.6,13908.77
2022-11-25 08:00:00,163.6,163.7,160.8,161.8,5663.707
2022-11-25 08:30:00,161.8,161.8,160.1,160.8,1622.181
2022-11-25 09:00:00,160.7,162.5,160.3,161.7,1628.459
2022-11-25 09:30:00,161.7,162.0,160.8,161.1,640.701
2022-11-25 10:00:00,161.2,162.0,161.1,161.8,498.249
2022-11-25 10:30:00,161.9,162.1,160.8,160.9,276.038
2022-11-25 11:00:00,160.8,162.0,160.7,161.6,444.499
2022-11-25 11:30:00,161.7,161.8,161.0,161.2,309.069
2022-11-25 12:00:00,161.2,161.4,160.4,160.9,673.231
2022-11-25 12:30:00,161.0,161.2,160.3,160.6,410.281
2022-11-25 13:00:00,160.7,161.4,160.0,160.8,1271.568
2022-11-25 13:30:00,160.9,161.4,160.3,160.4,394.374
2022-11-25 14:00:00,160.4,160.7,160.1,160.2,329.854
2022-11-25 14:30:00,160.1,161.2,160.0,160.9,2338.001
2022-11-25 15:00:00,160.9,160.9,158.9,159.0,2992.796
2022-11-25 15:30:00,159.0,159.8,158.8,159.6,519.238
2022-11-25 16:00:00,159.5,160.4,159.1,159.1,499.44
2022-11-25 16:30:00,159.1,159.4,158.7,159.2,152.896
2022-11-25 17:00:00,159.2,159.9,159.0,159.5,95.672
2022-11-25 17:30:00,159.5,159.5,158.3,158.8,656.805
2022-11-25 18:00:00,158.6,158.6,157.6,157.7,1309.014
2022-11-25 18:30:00,157.8,158.0,156.8,157.0,916.469
2022-11-25 19:00:00,156.9,157.5,156.7,157.4,863.112
2022-11-25 19:30:00,157.5,157.5,156.7,156.9,117.684
2022-11-25 20:00:00,156.8,157.4,156.8,156.9,124.128
2022-11-25 20:30:00,156.9,157.4,156.7,157.0,142.316
2022-11-25 21:00:00,156.9,156.9,156.5,156.6,785.213
2022-11-25 21:30:00,156.5,156.9,156.5,156.5,869.311
2022-11-25 22:00:00,156.5,156.6,155.8,155.9,2007.718
2022-11-25 22:30:00,156.0,156.4,155.9,155.9,115.04
2022-11-25 23:00:00,155.9,156.5,155.9,156.2,60.94
2022-11-25 23:30:00,156.1,156.5,155.7,156.0,196.518
2022-11-26 00:00:00,156.0,156.0,154.2,154.6,1479.514
2022-11-26 00:30:00,154.5,155.7,154.5,155.6,376.966
2022-11-26 01:00:00,155.5,156.3,154.5,154.6,794.831
2022-11-26 01:30:00,154.6,155.3,153.7,153.9,678.41
2022-11-26 02:00:00,153.8,154.6,153.4,154.4,400.519
2022-11-26 02:30:00,154.3,154.3,153.2,153.5,369.786
2022-11-26 03:00:00,153.5,154.3,153.4,153.5,589.519
2022-11-26 03:30:00,153.5,154.4,153.5,153.5,577.141
2022-11-26 04:00:00,153.5,156.9,153.5,155.0,2538.918
2022-11-26 04:30:00,155.1,163.0,155.0,157.9,5578.38
2022-11-26 05:00:00,157.8,157.8,155.5,155.8,1681.927
2022-11-26 05:30:00,155.9,156.2,155.0,155.2,920.779
2022-11-26 06:00:00,155.3,155.3,151.7,151.7,3160.079
2022-11-26 06:30:00,151.7,153.2,151.6,152.8,541.97
2022-11-26 07:00:00,152.7,153.6,152.5,152.7,760.188
2022-11-26 07:30:00,152.5,152.9,152.3,152.6,183.285
2022-11-26 08:00:00,152.7,153.2,152.0,152.6,534.123
2022-11-26 08:30:00,152.7,152.8,152.3,152.3,294.462
2022-11-26 09:00:00,152.4,152.9,151.5,151.7,581.307
2022-11-26 09:30:00,151.7,152.6,151.7,152.1,164.214
2022-11-26 10:00:00,152.2,152.8,151.8,151.9,254.315
2022-11-26 10:30:00,151.8,151.9,150.6,151.1,1121.546
2022-11-26 11:00:00,151.1,151.4,150.5,151.1,378.723
2022-11-26 11:30:00,150.9,151.2,150.6,151.2,116.043
2022-11-26 12:00:00,151.2,153.0,150.0,151.7,1843.218
2022-11-26 12:30:00,151.7,154.2,151.4,153.4,1933.944
2022-11-26 13:00:00,153.3,156.4,152.9,155.0,1713.59
2022-11-26 13:30:00,155.0,155.1,154.3,154.6,422.353
2022-11-26 14:00:00,154.5,155.1,153.8,153.8,442.001
2022-11-26 14:30:00,153.8,155.1,153.7,154.3,366.732
2022-11-26 15:00:00,154.3,154.9,153.6,154.6,394.053
2022-11-26 15:30:00,154.7,155.4,153.8,153.8,996.335
2022-11-26 16:00:00,153.8,154.4,153.2,154.3,450.218
2022-11-26 16:30:00,154.5,154.5,153.5,153.8,87.007
2022-11-26 17:00:00,153.9,154.3,153.9,154.2,62.95
2022-11-26 17:30:00,154.1,154.5,153.3,153.3,415.014
2022-11-26 18:00:00,153.4,153.7,151.0,151.4,994.951
2022-11-26 18:30:00,151.4,152.3,151.1,151.7,242.469
2022-11-26 19:00:00,151.6,152.0,150.6,150.7,277.466
2022-11-26 19:30:00,150.6,151.2,149.3,149.6,1427.528
2022-11-26 20:00:00,149.6,149.9,148.9,149.4,309.066
2022-11-26 20:30:00,149.4,149.6,149.2,149.4,34.46
2022-11-26 21:00:00,149.3,149.3,148.4,148.9,281.792
2022-11-26 21:30:00,149.0,149.1,148.3,148.3,184.05
2022-11-26 22:00:00,148.6,149.7,148.3,148.4,443.778
2022-11-26 22:30:00,148.4,148.4,147.3,148.1,1523.991
2022-11-26 23:00:00,148.3,148.7,148.1,148.4,200.645
2022-11-26 23:30:00,148.4,148.6,148.1,148.6,138.182
2022-11-27 00:00:00,148.5,148.5,146.6,147.1,1031.607
2022-11-27 00:30:00,147.2,147.5,146.5,147.0,744.675
2022-11-27 01:00:00,146.9,147.9,146.9,147.0,409.42
2022-11-27 01:30:00,147.2,147.7,146.9,147.0,126.678
2022-11-27 02:00:00,147.1,147.5,146.9,146.9,186.85
2022-11-27 02:30:00,147.0,147.3,146.8,147.1,113.539
2022-11-27 03:00:00,147.4,147.8,147.2,147.5,134.128
2022-11-27 03:30:00,147.6,147.6,147.0,147.5,232.178
2022-11-27 04:00:00,147.5,147.9,147.2,147.8,354.219
2022-11-27 04:30:00,147.8,148.4,147.8,148.4,366.081
2022-11-27 05:00:00,148.3,148.4,148.0,148.3,122.656
2022-11-27 05:30:00,148.1,148.2,147.6,148.0,128.12
2022-11-27 06:00:00,148.0,148.0,147.5,148.0,316.132
2022-11-27 06:30:00,147.9,148.1,147.3,147.3,121.452
2022-11-27 07:00:00,147.4,148.6,147.3,148.6,451.753
2022-11-27 07:30:00,148.6,148.6,148.0,148.5,544.865
2022-11-27 08:00:00,148.4,148.5,147.5,147.5,347.98
2022-11-27 08:30:00,147.5,148.4,147.3,148.2,524.156
2022-11-27 09:00:00,148.3,148.3,147.4,147.5,60.701
2022-11-27 09:30:00,147.5,148.2,147.4,148.0,102.433
2022-11-27 10:00:00,148.0,148.1,147.7,148.0,265.417
2022-11-27 10:30:00,148.1,148.6,148.0,148.0,208.182
2022-11-27 11:00:00,148.0,148.6,147.8,148.6,136.693
2022-11-27 11:30:00,148.6,148.6,148.2,148.6,455.458
2022-11-27 12:00:00,148.6,148.6,148.0,148.0,240.235
2022-11-27 12:30:00,148.0,148.4,147.5,147.7,408.066
2022-11-27 13:00:00,147.7,147.9,147.4,147.5,65.83
2022-11-27 13:30:00,147.5,147.5,146.5,147.0,685.526
2022-11-27 14:00:00,146.9,147.4,146.9,147.3,73.229
2022-11-27 14:30:00,147.3,147.3,146.9,147.1,61.696
2022-11-27 15:00:00,147.0,147.7,146.9,147.5,470.944
2022-11-27 15:30:00,147.6,147.9,147.3,147.3,219.737
2022-11-27 16:00:00,147.4,148.0,147.2,148.0,839.228
2022-11-27 16:30:00,147.9,148.5,147.7,148.4,894.648
2022-11-27 17:00:00,148.1,148.1,147.6,147.7,141.741
2022-11-27 17:30:00,147.6,147.9,147.2,147.7,103.07
2022-11-27 18:00:00,147.8,147.8,147.0,147.1,961.486
2022-11-27 18:30:00,147.1,147.2,145.9,146.4,1153.822
2022-11-27 19:00:00,146.4,146.4,145.5,146.0,572.955
2022-11-27 19:30:00,146.1,146.2,145.0,145.1,3953.528
2022-11-27 20:00:00,145.1,145.3,144.0,144.1,1951.544
2022-11-27 20:30:00,144.3,144.7,144.1,144.4,394.533
2022-11-27 21:00:00,144.4,144.7,143.1,143.7,3980.514
2022-11-27 21:30:00,143.7,145.9,143.1,145.5,7522.83
2022-11-27 22:00:00,145.3,146.9,145.1,146.3,3275.041
2022-11-27 22:30:00,146.3,146.4,145.9,146.2,64.519
2022-11-27 23:00:00,146.1,146.1,144.6,144.9,606.849
2022-11-27 23:30:00,144.7,145.5,144.4,145.3,544.724
2022-11-28 00:00:00,145.3,145.4,144.7,145.3,745.2
2022-11-28 00:30:00,145.2,145.6,144.2,144.9,4949.074
2022-11-28 01:00:00,145.0,146.5,144.9,145.0,905.315
2022-11-28 01:30:00,145.0,146.5,144.0,146.1,7308.735
2022-11-28 02:00:00,146.1,147.1,144.9,146.3,927.676
2022-11-28 02:30:00,146.3,146.6,145.9,146.5,239.934
2022-11-28 03:00:00,146.4,147.5,146.4,147.3,810.499
2022-11-28 03:30:00,147.2,147.9,146.8,146.9,692.723
2022-11-28 04:00:00,147.0,147.0,146.2,146.7,499.343
2022-11-28 04:30:00,146.8,147.3,146.6,146.6,659.218
2022-11-28 05:00:00,146.7,147.5,146.5,147.5,480.288
2022-11-28 05:30:00,147.6,147.6,146.4,146.7,242.289
2022-11-28 06:00:00,146.7,146.9,146.2,146.7,253.36
2022-11-28 06:30:00,146.9,146.9,146.6,146.7,89.275
2022-11-28 07:00:00,146.7,146.8,146.2,146.5,136.91
2022-11-28 07:30:00,146.5,146.7,146.2,146.4,42.502
2022-11-28 08:00:00,146.4,147.2,146.3,146.8,318.003
2022-11-28 08:30:00,147.0,147.7,146.9,147.7,397.199
2022-11-28 09:00:00,147.8,147.8,147.0,147.4,257.126
2022-11-28 09:30:00,147.5,148.3,147.3,148.0,723.71
2022-11-28 10:00:00,148.0,148.2,146.4,146.9,1311.875
2022-11-28 10:30:00,146.8,147.0,146.2,146.3,239.116
2022-11-28 11:00:00,146.4,146.6,145.5,145.5,682.453
2022-11-28 11:30:00,145.5,145.7,145.4,145.7,94.028
2022-11-28 12:00:00,145.7,145.9,145.6,145.8,65.435
2022-11-28 12:30:00,145.9,145.9,144.8,145.0,465.254
2022-11-28 13:00:00,144.9,145.2,144.5,144.9,453.018
2022-11-28 13:30:00,144.8,144.8,144.5,144.6,1437.799
2022-11-28 14:00:00,144.6,145.0,144.4,144.8,656.576
2022-11-28 14:30:00,145.0,145.5,145.0,145.1,736.217
2022-11-28 15:00:00,145.1,145.4,145.1,145.1,492.227
2022-11-28 15:30:00,145.1,146.1,145.1,145.9,1306.655
2022-11-28 16:00:00,145.9,146.7,145.7,146.5,1374.037
2022-11-28 16:30:00,146.6,147.4,146.4,146.7,511.595
2022-11-28 17:00:00,146.9,147.3,146.1,146.4,604.447
2022-11-28 17:30:00,146.3,147.0,146.3,146.6,517.358
2022-11-28 18:00:00,146.6,147.6,146.5,147.3,343.786
2022-11-28 18:30:00,147.3,147.3,146.3,146.3,240.809
2022-11-28 19:00:00,146.3,146.5,146.2,146.4,120.588
2022-11-28 19:30:00,146.3,146.7,146.1,146.2,96.92
2022-11-28 20:00:00,146.1,146.5,146.1,146.2,169.009
2022-11-28 20:30:00,146.2,146.5,146.1,146.4,34.963
2022-11-28 21:00:00,146.5,146.5,144.9,145.1,2318.371
2022-11-28 21:30:00,145.1,145.5,144.7,144.8,1523.114
2022-11-28 22:00:00,144.8,145.4,144.7,145.1,184.413
2022-11-28 22:30:00,145.2,145.5,144.8,144.8,42.082
2022-11-28 23:00:00,144.9,145.5,144.5,145.5,306.65
2022-11-28 23:30:00,145.3,145.4,144.7,144.8,74.055
2022-11-29 00:00:00,145.0,145.8,144.4,145.8,467.258
2022-11-29 00:30:00,145.6,145.7,145.0,145.0,80.561
2022-11-29 01:00:00,145.0,145.6,144.8,145.5,107.068
2022-11-29 01:30:00,145.6,145.7,145.2,145.6,107.757
2022-11-29 02:00:00,145.5,146.0,145.5,146.0,155.695
2022-11-29 02:30:00,145.9,146.1,145.4,145.5,540.043
2022-11-29 03:00:00,145.5,145.5,144.9,145.3,283.427
2022-11-29 03:30:00,145.4,145.7,145.0,145.1,358.149
2022-11-29 04:00:00,145.1,146.1,145.1,145.4,685.508
2022-11-29 04:30:00,145.6,145.9,145.2,145.5,601.032
2022-11-29 05:00:00,145.6,146.0,144.8,145.1,797.214
2022-11-29 05:30:00,145.1,145.4,144.9,145.4,106.268
2022-11-29 06:00:00,145.4,145.4,145.0,145.1,118.288
2022-11-29 06:30:00,145.1,145.2,144.8,145.1,44.703
2022-11-29 07:00:00,145.2,145.7,145.1,145.7,168.358
2022-11-29 07:30:00,145.7,145.7,144.7,144.9,1076.003
2022-11-29 08:00:00,144.9,145.3,144.9,145.2,52.127
2022-11-29 08:30:00,145.2,145.4,144.5,144.8,1237.572
2022-11-29 09:00:00,144.7,145.0,144.2,144.5,1955.261
2022-11-29 09:30:00,144.4,144.5,143.8,144.3,394.92
2022-11-29 10:00:00,144.3,144.4,143.6,143.9,185.911
2022-11-29 10:30:00,143.9,144.4,143.7,144.3,240.825
2022-11-29 11:00:00,144.3,144.4,144.0,144.1,63.485
2022-11-29 11:30:00,144.0,144.3,143.3,143.6,279.835
2022-11-29 12:00:00,143.5,143.7,143.0,143.2,451.488
2022-11-29 12:30:00,143.2,143.4,143.0,143.0,187.681
2022-11-29 13:00:00,143.1,143.3,142.9,143.1,878.513
2022-11-29 13:30:00,143.1,143.2,142.9,143.2,192.81
2022-11-29 14:00:00,143.2,143.3,143.0,143.0,75.866
2022-11-29 14:30:00,143.1,143.4,142.9,143.0,181.652
2022-11-29 15:00:00,143.0,143.2,142.9,143.0,354.778
2022-11-29 15:30:00,143.1,143.2,142.9,142.9,86.349
2022-11-29 16:00:00,142.9,143.0,141.9,142.5,3254.605
2022-11-29 16:30:00,142.4,142.5,141.9,142.3,543.024
2022-11-29 17:00:00,142.4,142.5,141.2,141.4,2268.819
2022-11-29 17:30:00,141.4,141.8,141.0,141.0,1478.49
2022-11-29 18:00:00,141.1,141.4,141.0,141.3,259.513
2022-11-29 18:30:00,141.2,141.4,140.5,140.8,2121.622
2022-11-29 19:00:00,140.7,141.2,140.5,140.5,682.682
2022-11-29 19:30:00,140.6,141.4,140.6,141.1,614.54
2022-11-29 20:00:00,141.2,141.3,140.0,140.2,3716.121
2022-11-29 20:30:00,140.2,140.6,140.0,140.1,205.241
2022-11-29 21:00:00,140.1,140.6,140.0,140.5,108.951
2022-11-29 21:30:00,140.4,140.5,140.0,140.0,447.988
2022-11-29 22:00:00,140.0,140.4,140.0,140.3,87.403
2022-11-29 22:30:00,140.2,140.3,140.0,140.1,770.723
2022-11-29 23:00:00,140.1,140.2,140.0,140.1,398.765
2022-11-29 23:30:00,140.1,140.6,140.0,140.5,522.906
2022-11-30 00:00:00,140.5,141.6,140.2,141.0,492.898
2022-11-30 00:30:00,141.2,143.1,140.6,142.5,1253.97
2022-11-30 01:00:00,142.5,143.0,141.2,141.2,509.564
2022-11-30 01:30:00,141.4,142.7,141.3,142.6,288.21
2022-11-30 02:00:00,142.5,143.0,142.0,142.7,487.227
2022-11-30 02:30:00,142.8,142.8,142.2,142.2,260.483
2022-11-30 03:00:00,142.2,142.5,142.1,142.1,102.623
2022-11-30 03:30:00,142.1,142.2,141.0,141.2,653.026
2022-11-30 04:00:00,141.2,142.0,141.0,141.8,235.221
2022-11-30 04:30:00,141.7,142.3,141.7,142.2,731.485
2022-11-30 05:00:00,142.2,142.5,142.1,142.3,104.756
2022-11-30 05:30:00,142.2,142.3,141.9,142.1,263.231
2022-11-30 06:00:00,142.0,142.5,142.0,142.3,67.22
2022-11-30 06:30:00,142.3,142.3,141.6,141.9,762.741
2022-11-30 07:00:00,141.9,142.1,141.5,141.6,480.291
2022-11-30 07:30:00,141.6,141.8,141.5,141.7,65.059
2022-11-30 08:00:00,141.8,142.2,141.1,141.6,1538.388
2022-11-30 08:30:00,141.6,141.6,141.0,141.3,203.775
2022-11-30 09:00:00,141.3,141.3,140.5,140.5,200.316
2022-11-30 09:30:00,140.6,140.7,140.3,140.7,107.989
2022-11-30 10:00:00,140.7,140.9,140.5,140.5,71.203
2022-11-30 10:30:00,140.5,140.6,140.0,140.1,535.19
2022-11-30 11:00:00,140.1,140.3,140.0,140.0,222.111
2022-11-30 11:30:00,140.0,140.3,140.0,140.1,632.021
2022-11-30 12:00:00,140.3,140.7,140.2,140.6,210.626
2022-11-30 12:30:00,140.5,140.5,140.0,140.0,845.4
2022-11-30 13:00:00,140.0,140.3,140.0,140.2,451.284
2022-11-30 13:30:00,140.1,140.1,138.6,139.2,1826.963
2022-11-30 14:00:00,139.1,139.3,138.3,138.9,630.363
2022-11-30 14:30:00,138.8,139.2,138.6,138.8,201.177
2022-11-30 15:00:00,138.7,138.7,138.0,138.3,873.475
2022-11-30 15:30:00,138.2,138.3,137.0,137.4,2825.857
2022-11-30 16:00:00,137.4,141.0,136.4,138.4,7318.697
2022-11-30 16:30:00,138.4,140.7,137.7,139.2,3821.039
2022-11-30 17:00:00,139.1,139.8,138.2,138.6,1432.631
2022-11-30 17:30:00,138.5,139.6,138.4,139.1,696.972
2022-11-30 18:00:00,139.0,139.0,138.2,138.3,304.569
2022-11-30 18:30:00,138.3,140.4,138.1,140.0,3030.178
2022-11-30 19:00:00,140.1,140.6,139.9,139.9,397.978
2022-11-30 19:30:00,140.0,140.1,139.8,139.9,282.155
2022-11-30 20:00:00,140.1,140.4,140.1,140.3,145.041
2022-11-30 20:30:00,140.1,140.8,140.1,140.7,261.325
2022-11-30 21:00:00,140.7,140.9,140.1,140.5,156.071
2022-11-30 21:30:00,140.4,140.9,140.3,140.3,233.645
2022-11-30 22:00:00,140.4,140.5,140.0,140.3,239.686
2022-11-30 22:30:00,140.4,140.8,139.9,140.8,242.796
2022-11-30 23:00:00,140.6,140.7,139.9,140.6,105.293
2022-11-30 23:30:00,140.5,141.0,140.0,140.0,247.467
2022-12-01 00:00:00,140.0,140.5,139.6,139.9,476.781
2022-12-01 00:30:00,139.9,140.2,139.8,140.1,454.755
2022-12-01 01:00:00,140.2,140.2,139.7,139.7,396.341
2022-12-01 01:30:00,139.8,139.8,139.0,139.1,483.242
2022-12-01 02:00:00,139.1,139.5,139.1,139.1,70.148
2022-12-01 02:30:00,139.1,139.5,138.9,139.4,150.745
2022-12-01 03:00:00,139.4,139.5,139.1,139.3,274.726
2022-12-01 03:30:00,139.3,139.4,138.3,138.4,723.823
2022-12-01 04:00:00,138.5,139.0,138.2,138.3,358.219
2022-12-01 04:30:00,138.3,138.3,137.6,137.8,464.754
2022-12-01 05:00:00,137.7,138.1,137.7,137.8,311.652
2022-12-01 05:30:00,137.9,137.9,137.3,137.4,548.266
2022-12-01 06:00:00,137.4,137.7,137.3,137.7,96.368
2022-12-01 06:30:00,137.6,137.6,136.7,137.1,1586.962
2022-12-01 07:00:00,137.1,137.1,136.5,136.6,596.347
2022-12-01 07:30:00,136.6,136.7,135.7,136.0,1436.184
2022-12-01 08:00:00,136.0,136.3,133.6,135.1,3513.711
2022-12-01 08:30:00,135.0,136.1,133.0,133.2,10952.476
2022-12-01 09:00:00,133.1,134.3,133.0,133.3,1593.727
2022-12-01 09:30:00,133.3,133.6,133.0,133.3,2470.268
2022-12-01 10:00:00,133.3,133.4,132.6,132.6,2008.888
2022-12-01 10:30:00,132.7,133.0,132.6,132.6,1156.058
2022-12-01 11:00:00,132.6,132.8,132.3,132.4,1645.808
2022-12-01 11:30:00,132.3,132.7,132.0,132.0,5974.872
2022-12-01 12:00:00,132.0,132.5,131.0,131.8,8520.376
2022-12-01 12:30:00,131.8,132.0,131.0,131.1,2146.444
2022-12-01 13:00:00,131.0,132.5,131.0,131.5,2546.957
2022-12-01 13:30:00,131.5,132.5,131.2,131.3,1233.541
2022-12-01 14:00:00,131.3,131.3,131.0,131.0,946.714
2022-12-01 14:30:00,131.0,131.4,131.0,131.1,766.086
2022-12-01 15:00:00,131.1,132.2,130.0,131.9,4462.486
2022-12-01 15:30:00,131.8,132.0,130.5,130.6,1214.162
2022-12-01 16:00:00,130.7,132.9,130.1,130.8,5913.767
2022-12-01 16:30:00,130.8,131.2,130.2,130.6,1879.552
2022-12-01 17:00:00,130.7,130.9,130.4,130.8,369.705
2022-12-01 17:30:00,130.8,131.1,130.0,130.1,1721.146
2022-12-01 18:00:00,130.1,132.5,128.7,130.8,10890.44
2022-12-01 18:30:00,130.8,131.1,129.7,129.9,1186.132
2022-12-01 19:00:00,129.8,130.1,129.6,129.8,858.753
2022-12-01 19:30:00,129.7,131.4,129.0,130.3,4002.697
2022-12-01 20:00:00,130.3,130.3,129.8,130.1,410.226
2022-12-01 20:30:00,130.1,130.2,129.7,129.9,218.692
2022-12-01 21:00:00,129.9,130.1,129.4,129.8,415.89
2022-12-01 21:30:00,129.7,130.0,129.1,129.5,678.136
2022-12-01 22:00:00,129.4,129.8,129.4,129.6,138.862
2022-12-01 22:30:00,129.5,129.8,128.9,129.2,526.699
2022-12-01 23:00:00,129.2,130.0,129.2,129.8,515.004
2022-12-01 23:30:00,129.8,130.0,129.5,129.9,101.677
2022-12-02 00:00:00,129.9,130.0,129.5,129.5,134.524
2022-12-02 00:30:00,129.5,130.0,129.5,130.0,565.019
2022-12-02 01:00:00,129.9,133.3,129.9,130.6,2859.29
2022-12-02 01:30:00,130.6,130.6,130.0,130.0,499.876
2022-12-02 02:00:00,130.0,130.4,129.4,129.5,378.324
2022-12-02 02:30:00,129.5,130.0,129.3,129.9,404.061
2022-12-02 03:00:00,130.0,130.2,129.7,130.1,225.529
2022-12-02 03:30:00,130.2,131.3,130.0,131.1,753.665
2022-12-02 04:00:00,131.3,131.4,129.7,130.6,742.704
2022-12-02 04:30:00,130.8,130.9,130.0,130.0,157.704
2022-12-02 05:00:00,130.0,130.1,129.9,130.0,98.679
2022-12-02 05:30:00,130.0,130.4,129.9,130.3,242.924
2022-12-02 06:00:00,130.3,130.7,129.6,130.0,2278.292
2022-12-02 06:30:00,129.9,130.2,129.0,129.2,3907.288
2022-12-02 07:00:00,129.2,130.6,129.1,129.3,7038.118
2022-12-02 07:30:00,129.3,129.9,128.7,129.5,2956.584
2022-12-02 08:00:00,129.5,130.4,128.4,129.3,3281.512
2022-12-02 08:30:00,129.3,129.6,128.5,129.0,5268.763
2022-12-02 09:00:00,129.0,129.2,128.9,129.1,336.997
2022-12-02 09:30:00,129.2,129.6,128.6,129.4,1172.18
2022-12-02 10:00:00,129.5,129.8,129.2,129.4,458.323
2022-12-02 10:30:00,129.4,129.6,129.3,129.4,110.872
2022-12-02 11:00:00,129.4,129.5,129.2,129.3,122.537
2022-12-02 11:30:00,129.3,129.6,129.0,129.0,645.459
2022-12-02 12:00:00,128.9,130.0,128.8,129.3,3275.603
2022-12-02 12:30:00,129.4,129.9,129.0,129.5,346.204
2022-12-02 13:00:00,129.5,129.9,128.7,129.0,1460.202
2022-12-02 13:30:00,129.0,130.6,128.5,129.3,2924.501
2022-12-02 14:00:00,129.3,129.3,128.8,128.9,486.694
2022-12-02 14:30:00,128.9,129.7,128.8,129.1,776.848
2022-12-02 15:00:00,129.2,129.6,128.8,129.1,552.398
2022-12-02 15:30:00,129.1,129.4,128.8,129.2,350.55
2022-12-02 16:00:00,129.1,129.3,128.9,129.0,265.172
2022-12-02 16:30:00,129.1,129.3,128.9,129.1,471.939
2022-12-02 17:00:00,129.3,129.9,128.5,128.8,2489.803
2022-12-02 17:30:00,128.7,128.9,128.4,128.5,2315.712
2022-12-02 18:00:00,128.5,129.3,125.1,128.5,19840.472
2022-12-02 18:30:00,128.5,128.8,128.3,128.4,825.475
2022-12-02 19:00:00,128.4,128.7,128.3,128.4,641.36
2022-12-02 19:30:00,128.5,129.1,128.5,129.0,702.749
2022-12-02 20:00:00,129.0,129.4,128.2,128.4,1158.899
2022-12-02 20:30:00,128.4,128.6,128.3,128.4,196.985
2022-12-02 21:00:00,128.3,128.6,128.0,128.1,221.722
2022-12-02 21:30:00,128.2,128.5,128.0,128.2,225.4
2022-12-02 22:00:00,128.2,128.4,128.0,128.3,120.291
2022-12-02 22:30:00,128.3,128.6,128.3,128.3,29.121
2022-12-02 23:00:00,128.3,128.4,128.0,128.0,1156.353
2022-12-02 23:30:00,128.0,128.3,128.0,128.1,63.548
2022-12-03 00:00:00,128.2,128.3,128.0,128.3,1704.394
2022-12-03 00:30:00,128.2,128.3,127.9,127.9,914.272
2022-12-03 01:00:00,127.9,128.0,127.9,128.0,473.533
2022-12-03 01:30:00,127.9,128.1,127.8,127.9,519.324
2022-12-03 02:00:00,127.9,128.0,127.8,127.8,835.121
2022-12-03 02:30:00,127.8,127.9,127.7,127.8,874.367
2022-12-03 03:00:00,127.7,127.8,127.6,127.6,301.908
2022-12-03 03:30:00,127.6,127.8,127.6,127.6,323.176
2022-12-03 04:00:00,127.6,127.7,127.6,127.6,239.065
2022-12-03 04:30:00,127.6,127.7,127.6,127.6,109.416
2022-12-03 05:00:00,127.6,127.7,127.6,127.6,22.317
2022-12-03 05:30:00,127.6,127.8,127.6,127.6,220.838
2022-12-03 06:00:00,127.7,128.1,127.3,127.3,3384.979
2022-12-03 06:30:00,127.3,127.4,127.1,127.2,2732.572
2022-12-03 07:00:00,127.1,127.3,127.1,127.1,259.214
2022-12-03 07:30:00,127.1,127.2,127.0,127.0,1037.965
2022-12-03 08:00:00,127.0,127.2,127.0,127.0,465.376
2022-12-03 08:30:00,127.0,127.7,127.0,127.2,733.387
2022-12-03 09:00:00,127.2,128.7,127.1,127.5,2272.646
2022-12-03 09:30:00,127.6,127.6,127.0,127.0,1179.072
2022-12-03 10:00:00,127.0,127.2,127.0,127.0,712.387
2022-12-03 10:30:00,127.0,127.3,126.7,126.7,3059.879
2022-12-03 11:00:00,126.8,126.9,126.0,126.4,9027.757
2022-12-03 11:30:00,126.4,127.0,125.7,126.5,6989.044
2022-12-03 12:00:00,126.4,126.4,123.5,124.6,49841.068
2022-12-03 12:30:00,124.5,134.1,124.1,125.8,9995.009
2022-12-03 13:00:00,125.8,127.4,125.4,126.1,4539.627
2022-12-03 13:30:00,126.3,127.2,125.6,125.7,7193.72
2022-12-03 14:00:00,125.7,125.8,124.2,124.4,2649.069
2022-12-03 14:30:00,124.4,124.8,124.1,124.4,958.862
2022-12-03 15:00:00,124.4,125.8,124.1,125.1,1519.921
2022-12-03 15:30:00,125.1,125.2,124.5,124.7,1532.548
2022-12-03 16:00:00,124.6,124.7,92.2,94.5,51906.216
2022-12-03 16:30:00,94.6,106.7,92.5,103.7,58935.56
2022-12-03 17:00:00,103.7,109.0,103.7,107.8,16349.467
2022-12-03 17:30:00,107.7,107.9,105.1,106.6,7906.91
2022-12-03 18:00:00,106.5,106.6,102.7,104.6,4032.156
2022-12-03 18:30:00,104.5,105.1,103.0,103.3,1994.616
2022-12-03 19:00:00,103.3,107.2,99.9,102.5,12647.818
2022-12-03 19:30:00,102.5,102.6,98.9,101.3,11314.367
2022-12-03 20:00:00,101.3,102.5,98.8,101.5,5439.553
2022-12-03 20:30:00,101.5,101.5,100.5,100.7,1588.881
2022-12-03 21:00:00,100.7,100.7,99.7,99.9,2689.668
2022-12-03 21:30:00,99.8,100.5,98.6,99.1,3391.825
2022-12-03 22:00:00,99.1,99.5,93.6,94.2,14833.553
2022-12-03 22:30:00,94.2,95.6,90.9,92.1,8719.858
2022-12-03 23:00:00,92.1,94.4,91.2,92.2,7233.298
2022-12-03 23:30:00,92.0,93.8,91.9,93.8,2622.878
2022-12-04 00:00:00,93.7,94.5,90.5,90.6,5539.09
2022-12-04 00:30:00,90.6,92.1,89.6,89.9,3618.827
2022-12-04 01:00:00,90.0,91.1,89.6,90.1,2840.703
2022-12-04 01:30:00,90.2,90.6,87.8,88.3,7538.629
2022-12-04 02:00:00,88.3,88.6,87.5,88.4,2674.575
2022-12-04 02:30:00,88.3,88.4,83.5,84.4,13894.791
2022-12-04 03:00:00,84.6,85.0,83.0,84.5,5157.26
2022-12-04 03:30:00,84.5,88.0,84.3,87.4,5293.624
2022-12-04 04:00:00,87.3,88.7,85.7,87.5,7422.056
2022-12-04 04:30:00,87.6,91.4,87.3,88.9,6563.294
2022-12-04 05:00:00,88.9,90.2,86.8,88.0,6744.852
2022-12-04 05:30:00,88.0,88.0,86.5,86.9,3803.914
2022-12-04 06:00:00,86.8,86.8,84.4,85.2,7400.708
2022-12-04 06:30:00,85.3,87.0,84.8,86.3,3825.384
2022-12-04 07:00:00,86.3,86.3,82.9,83.4,5698.882
2022-12-04 07:30:00,83.2,84.5,82.2,84.1,18878.333
2022-12-04 08:00:00,84.1,84.2,67.6,70.6,74741.85
2022-12-04 08:30:00,70.5,71.4,68.5,69.2,26944.898
2022-12-04 09:00:00,69.3,69.8,62.7,64.0,34765.931
2022-12-04 09:30:00,64.0,64.5,59.2,60.5,44174.48
2022-12-04 10:00:00,60.6,63.9,57.1,62.3,49824.054
2022-12-04 10:30:00,62.4,70.7,62.1,68.2,64527.465
2022-12-04 11:00:00,68.3,69.2,65.5,68.0,26124.655
2022-12-04 11:30:00,67.9,71.2,67.8,70.2,24100.696
2022-12-04 12:00:00,70.4,71.7,67.0,69.9,19479.04
2022-12-04 12:30:00,69.9,73.1,68.5,72.0,28191.001
2022-12-04 13:00:00,72.1,72.2,69.3,69.8,15190.347
2022-12-04 13:30:00,69.7,70.9,68.7,70.0,9067.237
2022-12-04 14:00:00,70.0,70.0,68.0,68.3,6890.548
2022-12-04 14:30:00,68.3,70.7,67.3,70.0,8130.389
2022-12-04 15:00:00,70.0,70.2,67.9,69.0,5090.733
2022-12-04 15:30:00,69.0,69.2,67.8,68.3,5772.186
2022-12-04 16:00:00,68.1,69.4,67.8,68.9,4867.379
2022-12-04 16:30:00,68.9,71.3,67.2,69.3,8818.428
2022-12-04 17:00:00,69.1,69.2,66.9,68.3,8013.598
2022-12-04 17:30:00,68.3,69.2,68.0,68.7,4884.343
2022-12-04 18:00:00,68.7,68.8,67.0,68.0,4002.042
2022-12-04 18:30:00,68.0,68.8,67.3,67.8,3764.993
2022-12-04 19:00:00,67.8,68.3,66.7,67.6,5070.331
2022-12-04 19:30:00,67.7,68.1,67.2,67.5,1776.421
2022-12-04 20:00:00,67.6,67.6,65.0,65.5,7777.406
2022-12-04 20:30:00,65.5,66.3,65.4,66.2,1985.747
2022-12-04 21:00:00,66.2,66.8,65.9,66.3,2411.897
2022-12-04 21:30:00,66.2,66.9,66.1,66.5,2264.926
2022-12-04 22:00:00,66.4,67.0,65.8,67.0,2352.778
2022-12-04 22:30:00,66.9,67.5,66.6,67.3,1636.169
2022-12-04 23:00:00,67.4,68.9,67.3,68.8,4727.383
2022-12-04 23:30:00,68.8,69.1,68.2,68.6,2328.475
2022-12-05 00:00:00,68.7,68.7,67.6,68.1,2855.741
2022-12-05 00:30:00,68.1,68.2,67.4,67.7,2221.433
2022-12-05 01:00:00,67.7,68.1,67.3,67.4,1329.541
2022-12-05 01:30:00,67.4,68.5,67.2,68.0,2424.278
2022-12-05 02:00:00,67.9,75.0,67.6,72.6,15512.774
2022-12-05 02:30:00,72.5,72.6,70.0,70.8,9112.836
2022-12-05 03:00:00,70.9,72.2,70.6,71.5,6884.345
2022-12-05 03:30:00,71.6,72.0,70.9,71.2,3636.107
2022-12-05 04:00:00,71.2,72.3,69.7,70.2,6552.626
2022-12-05 04:30:00,70.4,71.0,69.8,70.8,3151.469
2022-12-05 05:00:00,70.8,71.9,69.8,71.0,5927.143
2022-12-05 05:30:00,71.0,71.5,70.7,71.0,2503.94
2022-12-05 06:00:00,70.9,71.4,70.8,71.1,3777.977
2022-12-05 06:30:00,71.1,72.7,71.0,72.0,6121.609
2022-12-05 07:00:00,72.2,72.2,70.2,70.3,7901.521
2022-12-05 07:30:00,70.3,70.7,70.0,70.4,3265.156
2022-12-05 08:00:00,70.4,70.4,68.1,69.2,9262.023
2022-12-05 08:30:00,69.2,69.4,65.6,66.7,8764.891
2022-12-05 09:00:00,66.8,67.2,60.0,61.4,50147.482
2022-12-05 09:30:00,61.4,63.0,61.2,62.5,13720.809
2022-12-05 10:00:00,62.6,66.2,62.2,63.3,14025.453
2022-12-05 10:30:00,63.5,65.6,63.4,63.7,5282.111
2022-12-05 11:00:00,63.8,64.4,62.7,63.2,5713.52
2022-12-05 11:30:00,63.1,64.0,62.9,63.6,2976.445
2022-12-05 12:00:00,63.5,66.4,62.8,64.4,14848.923
2022-12-05 12:30:00,64.3,65.8,64.0,64.8,9911.523
2022-12-05 13:00:00,64.8,65.5,64.5,65.0,4692.643
2022-12-05 13:30:00,65.0,65.4,63.8,64.5,4579.653
2022-12-05 14:00:00,64.4,64.5,63.3,63.4,6174.002
2022-12-05 14:30:00,63.4,63.9,62.5,62.8,4516.26
2022-12-05 15:00:00,62.8,63.5,62.5,63.1,3954.021
2022-12-05 15:30:00,63.1,64.2,63.0,63.3,3522.168
2022-12-05 16:00:00,63.4,63.7,63.0,63.4,2023.269
2022-12-05 16:30:00,63.3,63.5,62.1,62.6,3748.35
2022-12-05 17:00:00,62.6,63.0,62.1,62.5,1631.798
2022-12-05 17:30:00,62.5,62.7,62.2,62.3,2821.706
2022-12-05 18:00:00,62.3,62.7,61.6,62.0,4053.732
2022-12-05 18:30:00,62.0,62.2,61.1,61.6,2062.438
2022-12-05 19:00:00,61.6,61.9,61.0,61.3,1972.291
2022-12-05 19:30:00,61.3,62.0,61.2,62.0,1954.305
2022-12-05 20:00:00,62.0,62.1,61.6,61.8,1089.898
2022-12-05 20:30:00,61.8,62.0,61.4,61.5,1522.73
2022-12-05 21:00:00,61.5,61.7,61.3,61.4,1042.298
2022-12-05 21:30:00,61.4,61.7,61.1,61.5,1753.919
2022-12-05 22:00:00,61.5,61.5,60.8,61.4,1918.197
2022-12-05 22:30:00,61.5,61.8,61.2,61.5,1395.313
2022-12-05 23:00:00,61.6,62.0,61.5,61.9,1102.194
2022-12-05 23:30:00,61.9,63.0,61.9,62.7,3508.709
2022-12-06 00:00:00,62.7,63.6,62.0,62.3,3013.318
2022-12-06 00:30:00,62.3,62.4,61.7,62.1,1781.493
2022-12-06 01:00:00,62.1,62.6,62.0,62.3,604.831
2022-12-06 01:30:00,62.4,62.5,62.1,62.2,547.054
2022-12-06 02:00:00,62.3,63.1,62.0,62.9,1760.798
2022-12-06 02:30:00,62.9,63.4,62.7,62.8,1110.824
2022-12-06 03:00:00,62.7,63.3,62.7,63.0,1056.696
2022-12-06 03:30:00,63.0,63.4,62.6,63.4,2084.462
2022-12-06 04:00:00,63.3,63.7,63.2,63.3,2244.13
2022-12-06 04:30:00,63.4,63.8,63.1,63.5,1037.687
2022-12-06 05:00:00,63.5,63.7,62.8,63.0,1404.978
2022-12-06 05:30:00,63.0,63.6,62.9,63.2,1720.533
2022-12-06 06:00:00,63.2,64.0,63.1,63.6,2742.511
2022-12-06 06:30:00,63.7,63.7,63.3,63.4,1022.703
2022-12-06 07:00:00,63.5,63.6,62.9,63.5,913.546
2022-12-06 07:30:00,63.5,63.6,62.7,63.1,1814.901
2022-12-06 08:00:00,63.2,63.4,62.9,63.1,1044.245
2022-12-06 08:30:00,63.1,63.5,62.8,63.3,1697.646
2022-12-06 09:00:00,63.3,63.5,63.0,63.1,1733.023
2022-12-06 09:30:00,63.1,63.1,61.8,62.2,3354.574
2022-12-06 10:00:00,62.2,62.3,61.6,62.2,1862.131
2022-12-06 10:30:00,62.2,62.3,61.6,61.6,1473.203
2022-12-06 11:00:00,61.7,62.3,61.7,62.2,1628.488
2022-12-06 11:30:00,62.2,62.5,62.1,62.3,1216.089
2022-12-06 12:00:00,62.3,62.5,61.6,61.9,1497.201
2022-12-06 12:30:00,61.9,62.3,61.6,62.0,1482.156
2022-12-06 13:00:00,61.9,62.4,60.3,61.1,4827.553
2022-12-06 13:30:00,61.0,61.0,60.1,60.9,3207.165
2022-12-06 14:00:00,61.0,61.0,60.6,60.7,725.068
2022-12-06 14:30:00,60.6,62.4,60.6,61.2,10278.044
2022-12-06 15:00:00,61.2,61.3,60.4,60.9,2099.611
2022-12-06 15:30:00,60.8,61.1,60.6,60.9,868.599
2022-12-06 16:00:00,60.9,61.2,60.8,60.9,466.732
2022-12-06 16:30:00,60.9,61.1,60.7,61.1,556.623
2022-12-06 17:00:00,61.0,61.2,60.9,61.1,688.773
2022-12-06 17:30:00,61.1,61.3,60.9,61.0,1340.119
2022-12-06 18:00:00,61.0,61.5,60.9,61.4,885.649
2022-12-06 18:30:00,61.5,61.5,61.0,61.0,920.136
2022-12-06 19:00:00,61.1,61.1,60.6,61.0,1344.627
2022-12-06 19:30:00,61.0,61.1,60.8,60.9,299.267
2022-12-06 20:00:00,60.9,61.3,60.7,60.9,820.556
2022-12-06 20:30:00,60.8,61.0,60.4,60.6,1555.348
2022-12-06 21:00:00,60.6,60.9,60.4,60.4,1290.735
2022-12-06 21:30:00,60.5,60.7,60.4,60.7,719.565
2022-12-06 22:00:00,60.6,60.6,60.4,60.4,186.041
2022-12-06 22:30:00,60.5,60.5,59.1,59.1,6215.496
2022-12-06 23:00:00,59.2,59.6,58.5,59.4,3320.539
2022-12-06 23:30:00,59.4,60.3,59.4,59.9,1557.876
2022-12-07 00:00:00,60.0,60.0,59.8,59.8,1265.199
2022-12-07 00:30:00,59.8,59.9,58.6,58.9,2838.789
2022-12-07 01:00:00,58.9,59.0,57.4,58.2,5664.058
2022-12-07 01:30:00,58.1,58.2,57.6,57.8,1963.372
2022-12-07 02:00:00,57.9,57.9,57.5,57.6,1283.983
2022-12-07 02:30:00,57.6,58.4,57.6,58.2,1737.181
2022-12-07 03:00:00,58.2,58.5,58.1,58.1,756.669
2022-12-07 03:30:00,58.1,58.4,58.0,58.4,1313.783
2022-12-07 04:00:00,58.4,58.4,57.8,57.8,1007.523
2022-12-07 04:30:00,57.8,58.7,57.6,58.5,1781.053
2022-12-07 05:00:00,58.5,58.6,57.8,58.0,1336.064
2022-12-07 05:30:00,58.0,58.4,58.0,58.4,1055.225
2022-12-07 06:00:00,58.3,59.7,58.2,59.2,4127.587
2022-12-07 06:30:00,59.1,59.3,58.8,59.2,1090.688
2022-12-07 07:00:00,59.1,59.3,57.6,57.7,3145.944
2022-12-07 07:30:00,57.7,57.7,57.2,57.4,3316.082
2022-12-07 08:00:00,57.4,58.0,56.8,57.8,2875.331
2022-12-07 08:30:00,57.9,58.0,57.0,57.3,1469.675
2022-12-07 09:00:00,57.2,57.7,57.2,57.3,883.848
2022-12-07 09:30:00,57.4,58.5,57.2,58.0,8732.572
2022-12-07 10:00:00,58.0,58.1,57.5,57.6,731.475
2022-12-07 10:30:00,57.6,57.8,56.9,57.5,3054.316
2022-12-07 11:00:00,57.5,57.6,57.3,57.4,716.511
2022-12-07 11:30:00,57.4,57.6,57.0,57.3,1067.911
2022-12-07 12:00:00,57.2,57.4,56.7,57.1,1688.731
2022-12-07 12:30:00,57.1,57.3,56.9,57.1,1533.121
2022-12-07 13:00:00,57.1,57.6,57.0,57.3,1769.299
2022-12-07 13:30:00,57.2,57.6,57.2,57.4,1086.195
2022-12-07 14:00:00,57.4,57.6,57.3,57.5,624.537
2022-12-07 14:30:00,57.5,57.7,57.4,57.5,783.772
2022-12-07 15:00:00,57.5,57.7,57.3,57.3,809.826
2022-12-07 15:30:00,57.3,57.3,55.3,56.5,6667.38
2022-12-07 16:00:00,56.6,56.6,55.2,55.5,3933.815
2022-12-07 16:30:00,55.5,55.8,55.1,55.6,1452.54
2022-12-07 17:00:00,55.6,55.9,55.1,55.5,2076.768
2022-12-07 17:30:00,55.6,57.1,55.4,56.6,5475.637
2022-12-07 18:00:00,56.5,57.0,56.2,56.2,1623.333
2022-12-07 18:30:00,56.2,56.3,55.5,55.5,2604.092
2022-12-07 19:00:00,55.6,55.8,55.5,55.6,668.011
2022-12-07 19:30:00,55.5,56.0,55.4,55.8,931.075
2022-12-07 20:00:00,55.8,56.3,55.4,56.1,1194.615
2022-12-07 20:30:00,56.1,56.8,56.1,56.5,1122.076
2022-12-07 21:00:00,56.4,57.0,56.4,56.5,1424.131
2022-12-07 21:30:00,56.5,58.0,56.4,56.8,4902.337
2022-12-07 22:00:00,56.8,58.2,56.8,57.6,5376.484
2022-12-07 22:30:00,57.6,58.0,57.4,57.4,1612.083
2022-12-07 23:00:00,57.5,57.9,57.0,57.0,1208.999
2022-12-07 23:30:00,57.0,57.1,56.5,56.7,1132.952
2022-12-08 00:00:00,56.7,57.1,56.6,56.6,851.523
2022-12-08 00:30:00,56.6,56.7,55.8,56.0,2259.595
2022-12-08 01:00:00,55.9,56.1,55.5,55.6,1671.524
2022-12-08 01:30:00,55.6,56.0,55.4,56.0,942.177
2022-12-08 02:00:00,56.0,56.0,55.1,55.5,2316.549
2022-12-08 02:30:00,55.5,55.9,55.4,55.6,433.305
2022-12-08 03:00:00,55.6,56.3,55.4,55.9,952.625
2022-12-08 03:30:00,56.1,56.5,56.1,56.4,1351.476
2022-12-08 04:00:00,56.3,56.5,56.0,56.0,602.74
2022-12-08 04:30:00,56.0,56.0,55.8,55.9,402.089
2022-12-08 05:00:00,55.9,56.2,55.8,55.9,540.877
2022-12-08 05:30:00,55.9,56.1,55.8,56.0,301.001
2022-12-08 06:00:00,56.0,56.0,55.6,55.7,610.626
2022-12-08 06:30:00,55.6,55.8,55.5,55.5,341.409
2022-12-08 07:00:00,55.5,55.5,55.3,55.3,627.565
2022-12-08 07:30:00,55.3,56.0,55.3,55.8,1217.502
2022-12-08 08:00:00,55.7,57.1,55.7,56.2,2630.719
2022-12-08 08:30:00,56.3,59.5,54.5,55.3,10364.674
2022-12-08 09:00:00,55.3,55.3,55.0,55.2,909.094
2022-12-08 09:30:00,55.2,55.3,55.0,55.1,682.496
2022-12-08 10:00:00,55.1,55.2,54.7,54.7,732.699
2022-12-08 10:30:00,54.8,55.0,54.6,54.9,1186.17
2022-12-08 11:00:00,54.9,54.9,53.3,53.7,7865.79
2022-12-08 11:30:00,53.8,53.8,53.4,53.7,1839.551
2022-12-08 12:00:00,53.7,54.0,53.6,53.9,1333.138
2022-12-08 12:30:00,53.8,54.0,53.8,53.8,695.604
2022-12-08 13:00:00,53.8,54.0,53.5,53.7,1580.404
2022-12-08 13:30:00,53.7,53.9,52.7,52.9,2728.866
2022-12-08 14:00:00,52.9,53.0,52.1,52.3,3026.991
2022-12-08 14:30:00,52.3,52.5,51.9,52.2,1191.954
2022-12-08 15:00:00,52.3,52.7,51.8,52.3,3676.77
2022-12-08 15:30:00,52.4,53.6,52.3,52.8,3095.59
2022-12-08 16:00:00,52.8,53.1,52.0,52.2,2734.159
2022-12-08 16:30:00,52.2,52.5,52.1,52.5,1030.142
2022-12-08 17:00:00,52.5,52.5,51.9,52.3,1852.503
2022-12-08 17:30:00,52.3,52.3,51.9,52.2,811.975
2022-12-08 18:00:00,52.2,52.3,51.9,52.0,514.304
2022-12-08 18:30:00,52.1,52.7,52.1,52.4,1260.802
2022-12-08 19:00:00,52.4,53.2,52.3,53.2,3426.238
2022-12-08 19:30:00,53.2,53.3,52.9,53.1,753.418
2022-12-08 20:00:00,53.0,53.4,53.0,53.0,740.845
2022-12-08 20:30:00,53.0,54.6,53.0,53.3,4911.827
2022-12-08 21:00:00,53.3,53.6,53.1,53.2,878.172
2022-12-08 21:30:00,53.2,53.3,52.9,53.0,639.289
2022-12-08 22:00:00,53.0,53.1,52.6,52.6,975.5
2022-12-08 22:30:00,52.6,52.7,52.4,52.4,702.771
2022-12-08 23:00:00,52.4,52.8,52.3,52.7,1182.722
2022-12-08 23:30:00,52.7,52.9,52.6,52.8,437.311
2022-12-09 00:00:00,52.8,53.1,52.4,52.4,1752.29
2022-12-09 00:30:00,52.4,52.4,52.1,52.2,626.167
2022-12-09 01:00:00,52.2,52.4,52.1,52.4,387.136
2022-12-09 01:30:00,52.4,52.5,51.8,52.0,1297.647
2022-12-09 02:00:00,52.0,52.4,52.0,52.2,655.978
2022-12-09 02:30:00,52.2,52.2,51.8,52.0,754.455
2022-12-09 03:00:00,52.0,53.0,51.9,52.7,3551.982
2022-12-09 03:30:00,52.8,53.1,52.7,53.1,932.993
2022-12-09 04:00:00,53.0,53.0,52.2,52.4,1721.551
2022-12-09 04:30:00,52.4,52.7,52.4,52.6,422.562
2022-12-09 05:00:00,52.6,52.8,52.5,52.7,574.89
2022-12-09 05:30:00,52.7,52.9,52.6,52.8,406.039
2022-12-09 06:00:00,52.9,53.2,52.7,53.1,979.298
2022-12-09 06:30:00,53.1,53.2,52.5,52.6,1071.342
2022-12-09 07:00:00,52.6,52.7,52.5,52.6,330.974
2022-12-09 07:30:00,52.6,53.0,52.6,52.8,728.932
2022-12-09 08:00:00,52.8,53.5,52.8,53.5,2648.22
2022-12-09 08:30:00,53.5,53.7,53.1,53.1,1214.706
2022-12-09 09:00:00,53.1,53.6,53.1,53.2,752.398
2022-12-09 09:30:00,53.2,53.6,53.0,53.5,937.96
2022-12-09 10:00:00,53.5,53.6,53.2,53.3,658.195
2022-12-09 10:30:00,53.3,53.6,53.3,53.4,359.693
2022-12-09 11:00:00,53.5,53.9,53.5,53.8,977.596
2022-12-09 11:30:00,53.8,54.8,53.7,54.5,2783.73
2022-12-09 12:00:00,54.4,59.4,54.4,58.4,25154.158
2022-12-09 12:30:00,58.5,59.6,55.0,55.9,18112.79
2022-12-09 13:00:00,55.9,56.4,55.5,56.4,5821.769
2022-12-09 13:30:00,56.4,56.6,56.0,56.2,2909.124
2022-12-09 14:00:00,56.2,57.0,56.2,56.5,3206.233
2022-12-09 14:30:00,56.6,56.7,55.5,55.7,3974.147
2022-12-09 15:00:00,55.7,55.7,54.9,55.1,2502.153
2022-12-09 15:30:00,55.1,55.2,54.5,55.0,1485.415
2022-12-09 16:00:00,55.0,55.0,54.6,54.7,1304.701
2022-12-09 16:30:00,54.7,55.1,54.5,54.7,1402.762
2022-12-09 17:00:00,54.7,54.7,54.1,54.1,1487.656
2022-12-09 17:30:00,54.1,54.5,54.1,54.3,810.038
2022-12-09 18:00:00,54.2,54.2,53.9,54.0,660.13
2022-12-09 18:30:00,54.0,54.1,53.7,53.8,865.857
2022-12-09 19:00:00,53.8,54.2,53.7,54.2,880.812
2022-12-09 19:30:00,54.2,55.2,54.1,54.2,4072.868
2022-12-09 20:00:00,54.2,54.7,54.0,54.1,6161.554
2022-12-09 20:30:00,54.2,54.2,53.8,53.8,814.112
2022-12-09 21:00:00,53.8,54.7,53.4,53.6,10543.908
2022-12-09 21:30:00,53.6,58.5,53.5,54.0,15304.772
2022-12-09 22:00:00,54.1,54.6,53.7,54.4,6461.08
2022-12-09 22:30:00,54.4,54.9,54.4,54.7,2019.874
2022-12-09 23:00:00,54.7,54.9,54.3,54.6,1238.591
2022-12-09 23:30:00,54.6,54.7,54.3,54.4,902.502
2022-12-10 00:00:00,54.5,55.4,54.3,55.2,1647.36
2022-12-10 00:30:00,55.1,55.5,54.1,54.6,3957.975
2022-12-10 01:00:00,54.7,54.7,54.1,54.2,1075.518
2022-12-10 01:30:00,54.2,54.2,53.9,53.9,731.618
2022-12-10 02:00:00,53.9,54.0,53.6,53.6,1281.621
2022-12-10 02:30:00,53.6,53.6,53.1,53.2,1510.857
2022-12-10 03:00:00,53.2,53.2,52.3,52.7,2996.304
2022-12-10 03:30:00,52.7,52.8,52.4,52.5,1089.222
2022-12-10 04:00:00,52.5,52.5,52.2,52.3,2042.96
2022-12-10 04:30:00,52.3,52.4,52.1,52.3,690.759
2022-12-10 05:00:00,52.3,52.6,52.3,52.4,632.213
2022-12-10 05:30:00,52.4,52.9,52.3,52.9,635.406
2022-12-10 06:00:00,52.8,53.1,52.7,53.0,870.09
2022-12-10 06:30:00,53.0,54.3,53.0,53.7,2713.21
2022-12-10 07:00:00,53.7,53.8,53.6,53.8,600.144
2022-12-10 07:30:00,53.7,54.1,53.5,53.5,3707.956
2022-12-10 08:00:00,53.5,54.1,53.5,53.7,2249.769
2022-12-10 08:30:00,53.7,53.8,53.1,53.1,3182.829
2022-12-10 09:00:00,53.2,53.3,52.8,52.9,1116.68
2022-12-10 09:30:00,53.0,53.0,52.6,52.6,2361.465
2022-12-10 10:00:00,52.7,52.7,52.5,52.5,2015.031
2022-12-10 10:30:00,52.5,52.8,52.4,52.7,759.434
2022-12-10 11:00:00,52.7,52.8,52.6,52.7,578.673
2022-12-10 11:30:00,52.7,53.6,52.7,53.1,4326.439
2022-12-10 12:00:00,53.1,53.2,52.6,52.8,846.539
2022-12-10 12:30:00,52.7,52.9,52.6,52.7,716.212
2022-12-10 13:00:00,52.7,52.8,52.5,52.5,497.655
2022-12-10 13:30:00,52.6,52.7,52.5,52.6,384.989
2022-12-10 14:00:00,52.6,52.9,52.5,52.7,1174.547
2022-12-10 14:30:00,52.7,53.0,52.7,52.8,268.695
2022-12-10 15:00:00,52.8,52.9,52.7,52.7,248.408
2022-12-10 15:30:00,52.7,52.9,52.7,52.8,387.118
2022-12-10 16:00:00,52.8,53.1,52.6,52.7,764.966
2022-12-10 16:30:00,52.7,52.8,52.6,52.8,390.476
2022-12-10 17:00:00,52.8,52.8,52.7,52.7,361.632
2022-12-10 17:30:00,52.7,52.8,52.6,52.7,1121.829
2022-12-10 18:00:00,52.6,52.9,52.5,52.7,1128.072
2022-12-10 18:30:00,52.7,53.1,52.5,52.6,2886.292
2022-12-10 19:00:00,52.6,54.0,52.2,52.3,6783.823
2022-12-10 19:30:00,52.3,52.7,52.2,52.3,2195.569
2022-12-10 20:00:00,52.4,52.7,52.4,52.5,799.072
2022-12-10 20:30:00,52.5,52.6,52.3,52.3,345.018
2022-12-10 21:00:00,52.3,52.4,52.2,52.2,297.054
2022-12-10 21:30:00,52.3,52.4,52.2,52.2,574.858
2022-12-10 22:00:00,52.2,52.2,51.3,52.0,3988.325
2022-12-10 22:30:00,52.0,52.1,51.5,51.6,1430.676
2022-12-10 23:00:00,51.7,51.7,51.5,51.6,688.384
2022-12-10 23:30:00,51.6,52.0,51.4,51.8,1358.998
2022-12-11 00:00:00,51.8,51.9,51.6,51.6,895.91
2022-12-11 00:30:00,51.6,51.6,50.2,50.9,5457.687
2022-12-11 01:00:00,50.9,50.9,49.2,49.6,6615.674
2022-12-11 01:30:00,49.7,50.4,48.8,50.1,4661.891
2022-12-11 02:00:00,50.1,50.1,49.5,49.8,1381.134
2022-12-11 02:30:00,49.8,50.2,49.4,49.4,1508.947
2022-12-11 03:00:00,49.4,49.9,49.4,49.5,425.086
2022-12-11 03:30:00,49.5,50.1,49.5,49.8,670.944
2022-12-11 04:00:00,49.7,49.8,49.5,49.6,529.008
2022-12-11 04:30:00,49.5,49.7,48.9,49.0,1969.538
2022-12-11 05:00:00,49.1,49.7,49.1,49.5,1181.4
2022-12-11 05:30:00,49.5,49.7,49.5,49.7,223.854
2022-12-11 06:00:00,49.8,49.8,49.5,49.6,1282.421
2022-12-11 06:30:00,49.6,50.0,49.4,49.5,1082.568
2022-12-11 07:00:00,49.4,49.4,48.4,49.0,3065.16
2022-12-11 07:30:00,48.9,49.7,48.9,49.6,2693.089
2022-12-11 08:00:00,49.6,49.8,49.6,49.7,859.503
2022-12-11 08:30:00,49.7,49.9,49.6,49.8,366.187
2022-12-11 09:00:00,49.8,49.9,49.7,49.7,638.192
2022-12-11 09:30:00,49.7,49.9,49.6,49.7,863.493
2022-12-11 10:00:00,49.7,52.3,49.7,50.7,8009.134
2022-12-11 10:30:00,50.8,51.6,50.6,50.6,2203.074
2022-12-11 11:00:00,50.6,51.3,50.6,50.9,1707.059
2022-12-11 11:30:00,50.9,51.2,50.9,50.9,596.255
2022-12-11 12:00:00,50.9,51.3,50.7,50.8,783.763
2022-12-11 12:30:00,50.8,52.0,50.7,51.2,3074.315
2022-12-11 13:00:00,51.2,51.6,50.9,51.0,1071.044
2022-12-11 13:30:00,50.9,51.1,50.7,50.8,1120.59
2022-12-11 14:00:00,50.8,50.9,50.5,50.5,616.092
2022-12-11 14:30:00,50.5,50.7,50.1,50.1,1800.634
2022-12-11 15:00:00,50.2,50.4,50.1,50.4,612.46
2022-12-11 15:30:00,50.5,51.1,50.0,50.8,4651.739
2022-12-11 16:00:00,50.8,50.8,50.3,50.4,865.474
2022-12-11 16:30:00,50.4,50.8,50.4,50.7,567.608
2022-12-11 17:00:00,50.6,50.8,50.6,50.7,278.197
2022-12-11 17:30:00,50.7,50.8,50.6,50.7,320.594
2022-12-11 18:00:00,50.7,50.7,50.4,50.5,418.147
2022-12-11 18:30:00,50.4,50.5,50.2,50.4,954.958
2022-12-11 19:00:00,50.5,50.6,50.2,50.2,607.433
2022-12-11 19:30:00,50.2,50.3,50.0,50.0,1109.619
2022-12-11 20:00:00,50.1,50.3,49.9,50.1,1669.661
2022-12-11 20:30:00,50.1,50.1,49.8,50.0,603.038
2022-12-11 21:00:00,50.0,50.3,50.0,50.2,329.296
2022-12-11 21:30:00,50.2,50.3,49.8,50.0,327.528
2022-12-11 22:00:00,50.0,50.3,50.0,50.0,567.697
2022-12-11 22:30:00,50.1,50.4,49.6,50.1,1780.76
2022-12-11 23:00:00,50.1,50.6,50.0,50.1,909.312
2022-12-11 23:30:00,50.1,51.0,50.1,50.8,1629.133
2022-12-12 00:00:00,50.9,51.5,50.9,51.2,2238.515
2022-12-12 00:30:00,51.2,51.6,51.0,51.2,1196.875
2022-12-12 01:00:00,51.3,51.8,51.3,51.7,1488.603
2022-12-12 01:30:00,51.8,52.0,51.1,51.1,1173.51
2022-12-12 02:00:00,51.1,51.8,50.8,51.6,2502.423
2022-12-12 02:30:00,51.7,51.9,51.1,51.4,1821.721
2022-12-12 03:00:00,51.4,51.4,51.0,51.3,936.246
2022-12-12 03:30:00,51.3,51.4,50.9,51.1,986.686
2022-12-12 04:00:00,51.0,51.8,51.0,51.8,1338.778
2022-12-12 04:30:00,51.8,52.7,51.6,52.6,3767.826
2022-12-12 05:00:00,52.6,53.4,52.1,52.3,3662.949
2022-12-12 05:30:00,52.3,52.4,51.9,52.1,865.033
2022-12-12 06:00:00,52.1,52.3,51.8,52.1,957.396
2022-12-12 06:30:00,52.1,52.6,52.1,52.5,1480.745
2022-12-12 07:00:00,52.4,52.7,51.8,51.8,3157.21
2022-12-12 07:30:00,51.8,52.3,51.8,52.2,1714.951
2022-12-12 08:00:00,52.1,52.6,52.1,52.1,3817.705
2022-12-12 08:30:00,52.2,52.6,52.2,52.5,1938.707
2022-12-12 09:00:00,52.5,53.2,52.4,53.2,3445.488
2022-12-12 09:30:00,53.2,53.7,53.1,53.2,3108.057
2022-12-12 10:00:00,53.3,53.3,52.7,52.8,1913.024
2022-12-12 10:30:00,52.8,52.8,52.0,52.2,1471.315
2022-12-12 11:00:00,52.2,52.2,51.9,52.2,1378.948
2022-12-12 11:30:00,52.1,52.1,52.0,52.0,298.077
2022-12-12 12:00:00,52.0,52.5,52.0,52.4,1097.493
2022-12-12 12:30:00,52.5,52.7,52.0,52.2,1627.544
2022-12-12 13:00:00,52.2,52.6,52.2,52.5,1236.809
2022-12-12 13:30:00,52.5,53.6,52.5,53.5,4966.698
2022-12-12 14:00:00,53.6,55.2,53.5,53.9,12558.081
2022-12-12 14:30:00,53.8,54.5,53.8,53.8,3439.708
2022-12-12 15:00:00,53.8,55.0,53.8,54.8,4658.471
2022-12-12 15:30:00,54.8,55.5,54.4,54.8,4287.469
2022-12-12 16:00:00,54.7,55.9,54.7,55.0,8651.562
2022-12-12 16:30:00,55.0,55.2,54.4,54.4,1882.226
2022-12-12 17:00:00,54.4,54.5,54.1,54.1,1024.904
2022-12-12 17:30:00,54.1,54.2,53.7,54.1,1657.395
2022-12-12 18:00:00,54.1,54.5,54.0,54.5,1505.303
2022-12-12 18:30:00,54.5,54.6,54.0,54.1,1321.912
2022-12-12 19:00:00,54.2,54.3,53.9,53.9,998.787
2022-12-12 19:30:00,53.9,54.1,53.7,54.1,627.696
2022-12-12 20:00:00,54.2,54.2,53.7,53.8,615.129
2022-12-12 20:30:00,53.9,54.9,53.8,54.8,1596.6
2022-12-12 21:00:00,54.9,57.8,54.8,55.9,13875.314
2022-12-12 21:30:00,55.9,56.8,55.7,56.1,4790.388
2022-12-12 22:00:00,56.2,56.6,55.9,56.2,2065.986
2022-12-12 22:30:00,56.3,56.4,55.8,55.8,1105.133
2022-12-12 23:00:00,55.9,56.0,55.5,55.6,1538.998
2022-12-12 23:30:00,55.5,55.7,55.3,55.5,1389.229
2022-12-13 00:00:00,55.5,56.3,55.3,55.6,1821.067
2022-12-13 00:30:00,55.6,56.4,55.6,56.4,3601.276
2022-12-13 01:00:00,56.4,56.6,55.9,56.4,1255.457
2022-12-13 01:30:00,56.4,56.5,56.0,56.1,1250.305
2022-12-13 02:00:00,56.2,56.4,55.6,55.7,1716.307
2022-12-13 02:30:00,55.6,55.6,54.6,55.0,3251.237
2022-12-13 03:00:00,55.0,55.0,54.3,54.5,2433.397
2022-12-13 03:30:00,54.6,54.6,54.3,54.3,552.38
2022-12-13 04:00:00,54.4,54.8,53.7,54.6,3089.042
2022-12-13 04:30:00,54.6,54.6,54.3,54.6,786.829
2022-12-13 05:00:00,54.6,54.8,54.1,54.4,858.108
2022-12-13 05:30:00,54.3,54.8,54.0,54.6,1291.139
2022-12-13 06:00:00,54.5,55.0,54.4,54.7,910.355
2022-12-13 06:30:00,54.8,55.6,54.7,55.3,2370.11
2022-12-13 07:00:00,55.2,55.5,53.9,54.1,2987.197
2022-12-13 07:30:00,54.0,54.1,52.8,53.8,6152.022
2022-12-13 08:00:00,53.9,54.2,53.5,53.8,1488.996
2022-12-13 08:30:00,53.8,54.1,53.3,53.3,2849.897
2022-12-13 09:00:00,53.3,53.8,53.3,53.8,1937.01
2022-12-13 09:30:00,53.8,54.4,53.5,54.2,1632.552
2022-12-13 10:00:00,54.2,54.6,54.1,54.3,1375.201
2022-12-13 10:30:00,54.2,54.5,53.9,53.9,2909.82
2022-12-13 11:00:00,53.9,54.6,53.8,54.3,2164.333
2022-12-13 11:30:00,54.4,54.8,54.3,54.6,666.669
2022-12-13 12:00:00,54.7,55.0,54.4,54.4,715.13
2022-12-13 12:30:00,54.4,54.5,54.0,54.0,2689.941
2022-12-13 13:00:00,54.1,54.8,54.0,54.5,2464.846
2022-12-13 13:30:00,54.6,55.3,53.9,54.5,7693.642
2022-12-13 14:00:00,54.6,55.3,54.5,54.7,3857.722
2022-12-13 14:30:00,54.8,55.3,54.8,55.2,2439.504
2022-12-13 15:00:00,55.2,56.0,55.2,55.3,2977.26
2022-12-13 15:30:00,55.3,55.9,55.3,55.6,1413.831
2022-12-13 16:00:00,55.6,57.0,55.6,56.3,3496.166
2022-12-13 16:30:00,56.4,56.9,56.3,56.6,1793.532
2022-12-13 17:00:00,56.6,57.0,56.0,56.2,1747.234
2022-12-13 17:30:00,56.2,56.2,55.6,55.7,939.037
2022-12-13 18:00:00,55.7,56.5,55.6,56.2,1569.008
2022-12-13 18:30:00,56.2,56.4,55.9,56.1,677.149
2022-12-13 19:00:00,56.1,56.5,56.0,56.4,384.986
2022-12-13 19:30:00,56.3,56.5,56.3,56.4,139.739
2022-12-13 20:00:00,56.3,56.4,56.0,56.0,448.093
2022-12-13 20:30:00,56.0,56.8,56.0,56.5,1541.282
2022-12-13 21:00:00,56.5,57.0,56.5,56.8,1005.568
2022-12-13 21:30:00,56.8,57.3,56.8,57.0,1005.065
2022-12-13 22:00:00,57.1,57.2,56.9,57.0,135.743
2022-12-13 22:30:00,57.0,57.4,56.9,57.1,1129.826
2022-12-13 23:00:00,57.1,57.4,57.0,57.2,549.143
2022-12-13 23:30:00,57.1,57.3,56.9,57.3,1547.007
2022-12-14 00:00:00,57.2,58.1,57.1,58.1,2086.846
2022-12-14 00:30:00,58.0,61.2,57.9,58.2,10105.309
2022-12-14 01:00:00,58.2,58.3,57.3,58.0,4422.109
2022-12-14 01:30:00,58.0,58.1,57.8,58.0,661.925
2022-12-14 02:00:00,58.0,58.0,57.7,57.7,467.518
2022-12-14 02:30:00,57.7,57.7,57.3,57.4,1091.741
2022-12-14 03:00:00,57.4,57.4,57.0,57.1,1435.543
2022-12-14 03:30:00,57.0,57.2,56.9,57.2,606.03
2022-12-14 04:00:00,57.2,57.8,57.1,57.8,1821.333
2022-12-14 04:30:00,57.7,58.8,57.7,58.6,2097.855
2022-12-14 05:00:00,58.4,59.5,58.4,59.3,5760.111
2022-12-14 05:30:00,59.3,59.5,58.7,58.9,1294.116
2022-12-14 06:00:00,59.0,59.7,59.0,59.3,1829.222
2022-12-14 06:30:00,59.3,60.9,59.2,60.8,3518.439
2022-12-14 07:00:00,60.9,62.6,60.3,61.5,13049.885
2022-12-14 07:30:00,61.5,61.9,60.1,60.7,4521.455
2022-12-14 08:00:00,60.8,62.3,60.4,61.6,8413.645
2022-12-14 08:30:00,61.7,62.5,61.3,61.5,4135.338
2022-12-14 09:00:00,61.6,61.7,60.8,61.6,2430.2
2022-12-14 09:30:00,61.6,61.7,61.1,61.1,1150.579
2022-12-14 10:00:00,61.2,61.5,61.1,61.4,409.868
2022-12-14 10:30:00,61.3,61.3,60.0,60.3,3792.091
2022-12-14 11:00:00,60.3,60.6,60.2,60.3,899.652
2022-12-14 11:30:00,60.3,60.3,59.9,60.3,1049.818
2022-12-14 12:00:00,60.3,61.8,60.2,61.0,3139.6
2022-12-14 12:30:00,61.0,61.3,60.8,61.1,1207.068
2022-12-14 13:00:00,61.3,61.3,60.0,60.0,1753.255
2022-12-14 13:30:00,60.1,60.3,59.5,60.1,2432.611
2022-12-14 14:00:00,60.2,60.2,59.5,59.9,1505.499
2022-12-14 14:30:00,59.9,60.2,59.6,60.1,2249.968
2022-12-14 15:00:00,60.0,60.0,59.3,59.8,1493.166
2022-12-14 15:30:00,59.7,60.2,59.7,60.0,994.328
2022-12-14 16:00:00,60.0,60.1,59.7,60.0,1014.292
2022-12-14 16:30:00,60.0,60.0,59.7,59.8,354.59
2022-12-14 17:00:00,59.8,61.0,59.8,60.8,1576.749
2022-12-14 17:30:00,60.8,61.0,60.4,60.9,842.036
2022-12-14 18:00:00,60.9,60.9,60.3,60.6,1148.167
2022-12-14 18:30:00,60.7,62.3,60.3,61.6,6290.351
2022-12-14 19:00:00,61.6,62.0,59.6,59.9,5818.117
2022-12-14 19:30:00,59.9,60.7,59.7,60.4,1694.492
2022-12-14 20:00:00,60.5,61.8,60.5,61.3,2005.399
2022-12-14 20:30:00,61.3,61.7,61.0,61.4,1549.71
2022-12-14 21:00:00,61.3,61.7,61.0,61.4,1351.491
2022-12-14 21:30:00,61.5,61.7,61.2,61.7,924.962
2022-12-14 22:00:00,61.7,61.9,61.4,61.5,858.317
2022-12-14 22:30:00,61.5,61.8,61.5,61.8,460.278
2022-12-14 23:00:00,61.8,62.0,61.5,61.8,678.098
2022-12-14 23:30:00,61.7,62.1,61.6,61.6,582.46
2022-12-15 00:00:00,61.6,61.6,60.6,60.6,1829.857
2022-12-15 00:30:00,60.6,61.2,60.3,61.2,1123.338
2022-12-15 01:00:00,61.2,61.3,60.0,60.0,1802.499
2022-12-15 01:30:00,60.0,60.1,59.5,59.7,1234.858
2022-12-15 02:00:00,59.8,60.0,59.7,59.7,1162.077
2022-12-15 02:30:00,59.6,59.6,59.3,59.4,722.543
2022-12-15 03:00:00,59.4,59.6,59.2,59.2,617.47
2022-12-15 03:30:00,59.2,59.3,58.7,58.8,1638.345
2022-12-15 04:00:00,58.8,58.8,58.2,58.4,1342.948
2022-12-15 04:30:00,58.3,58.5,58.2,58.5,336.623
2022-12-15 05:00:00,58.5,58.9,58.4,58.8,718.818
2022-12-15 05:30:00,58.9,59.4,58.8,59.3,966.438
2022-12-15 06:00:00,59.4,60.4,59.4,59.7,2444.079
2022-12-15 06:30:00,59.8,59.8,59.6,59.7,544.573
2022-12-15 07:00:00,59.7,60.1,59.7,60.0,718.611
2022-12-15 07:30:00,60.1,60.7,60.1,60.3,807.115
2022-12-15 08:00:00,60.4,61.1,60.4,60.7,1496.611
2022-12-15 08:30:00,60.8,61.3,60.8,61.0,1403.981
2022-12-15 09:00:00,61.0,61.2,60.8,60.8,650.662
2022-12-15 09:30:00,60.8,61.3,60.8,61.3,1026.317
2022-12-15 10:00:00,61.3,61.6,60.8,60.9,1501.594
2022-12-15 10:30:00,61.0,61.4,60.4,60.5,1494.806
2022-12-15 11:00:00,60.5,60.6,60.2,60.3,1025.648
2022-12-15 11:30:00,60.3,60.5,59.9,60.0,856.031
2022-12-15 12:00:00,60.0,60.6,59.9,60.1,1455.312
2022-12-15 12:30:00,60.0,60.1,59.8,59.8,478.221
2022-12-15 13:00:00,59.8,60.0,59.5,59.8,604.068
2022-12-15 13:30:00,59.8,60.0,59.5,59.8,546.89
2022-12-15 14:00:00,59.9,60.6,59.9,60.2,910.649
2022-12-15 14:30:00,60.2,61.0,60.2,60.6,682.214
2022-12-15 15:00:00,60.6,61.0,60.4,60.6,1442.315
2022-12-15 15:30:00,60.6,60.6,60.4,60.5,299.58
2022-12-15 16:00:00,60.5,61.0,60.5,60.9,1091.684
2022-12-15 16:30:00,61.0,61.2,60.6,60.6,389.546
2022-12-15 17:00:00,60.6,60.8,60.4,60.6,213.483
2022-12-15 17:30:00,60.6,61.0,60.6,61.0,426.9
2022-12-15 18:00:00,61.1,61.4,61.0,61.1,984.028
2022-12-15 18:30:00,61.1,61.1,60.5,60.7,589.885
2022-12-15 19:00:00,60.7,60.8,60.3,60.4,1139.07
2022-12-15 19:30:00,60.3,60.9,60.3,60.9,347.471
2022-12-15 20:00:00,60.9,61.3,60.9,61.0,837.485
2022-12-15 20:30:00,61.1,61.7,61.1,61.3,459.109
2022-12-15 21:00:00,61.3,61.6,60.9,61.2,317.51
2022-12-15 21:30:00,61.2,61.2,59.9,60.3,1222.156
2022-12-15 22:00:00,60.1,60.5,59.9,60.3,1371.137
2022-12-15 22:30:00,60.2,60.4,60.0,60.2,345.598
2022-12-15 23:00:00,60.3,60.6,60.2,60.4,361.32
2022-12-15 23:30:00,60.3,60.4,59.7,59.8,365.173
2022-12-16 00:00:00,59.8,61.2,59.8,61.0,893.494
2022-12-16 00:30:00,61.0,61.3,60.7,60.8,710.927
2022-12-16 01:00:00,60.8,60.8,60.4,60.4,572.425
2022-12-16 01:30:00,60.4,60.5,60.2,60.3,496.548
2022-12-16 02:00:00,60.3,60.3,59.8,60.1,939.626
2022-12-16 02:30:00,60.2,60.3,60.0,60.2,54.946
2022-12-16 03:00:00,60.1,60.5,60.0,60.5,492.698
2022-12-16 03:30:00,60.5,60.7,60.4,60.5,334.637
2022-12-16 04:00:00,60.5,60.5,60.0,60.0,664.461
2022-12-16 04:30:00,60.0,60.2,60.0,60.2,384.34
2022-12-16 05:00:00,60.2,60.3,60.1,60.3,107.012
2022-12-16 05:30:00,60.3,60.5,60.2,60.5,340.541
2022-12-16 06:00:00,60.5,60.9,60.4,60.6,463.176
2022-12-16 06:30:00,60.5,60.5,60.3,60.3,423.973
2022-12-16 07:00:00,60.3,60.5,60.2,60.4,255.452
2022-12-16 07:30:00,60.5,60.5,60.1,60.2,349.821
2022-12-16 08:00:00,60.2,61.4,60.1,61.1,1139.055
2022-12-16 08:30:00,61.1,64.8,61.1,62.1,10480.156
2022-12-16 09:00:00,62.1,62.2,59.8,61.4,5436.075
2022-12-16 09:30:00,61.4,62.2,61.3,61.5,2740.119
2022-12-16 10:00:00,61.5,62.4,61.0,61.3,1898.738
2022-12-16 10:30:00,61.2,61.6,61.2,61.2,438.433
2022-12-16 11:00:00,61.3,61.9,61.2,61.7,458.951
2022-12-16 11:30:00,61.7,62.8,61.7,62.5,2066.27
2022-12-16 12:00:00,62.5,63.7,62.5,63.4,3511.646
2022-12-16 12:30:00,63.3,64.0,62.9,63.6,2910.727
2022-12-16 13:00:00,63.6,64.1,63.5,63.8,2103.533
2022-12-16 13:30:00,63.8,63.8,62.2,62.7,2825.625
2022-12-16 14:00:00,62.8,63.2,62.0,62.3,2529.351
2022-12-16 14:30:00,62.3,63.1,62.0,62.8,2368.168
2022-12-16 15:00:00,62.9,63.3,62.5,63.1,1152.391
2022-12-16 15:30:00,63.1,63.6,62.8,63.3,1060.575
2022-12-16 16:00:00,63.3,63.3,62.4,63.0,1344.443
2022-12-16 16:30:00,62.9,63.3,62.3,62.7,1011.304
2022-12-16 17:00:00,62.6,62.7,62.2,62.6,823.889
2022-12-16 17:30:00,62.5,63.0,62.4,62.5,444.438
2022-12-16 18:00:00,62.5,63.2,62.4,63.1,1159.124
2022-12-16 18:30:00,63.1,63.2,62.6,62.8,1076.933
2022-12-16 19:00:00,62.8,62.9,62.4,62.8,573.34
2022-12-16 19:30:00,62.7,63.1,62.7,62.7,360.733
2022-12-16 20:00:00,62.6,62.7,62.2,62.3,841.511
2022-12-16 20:30:00,62.3,62.3,62.0,62.2,855.132
2022-12-16 21:00:00,62.1,62.6,61.9,62.0,1974.521
2022-12-16 21:30:00,61.9,62.5,61.9,62.5,757.329
2022-12-16 22:00:00,62.5,62.6,62.1,62.3,320.665
2022-12-16 22:30:00,62.2,62.2,61.0,61.0,2155.475
2022-12-16 23:00:00,61.0,61.0,58.5,59.3,8701.945
2022-12-16 23:30:00,59.4,60.7,58.5,60.4,3621.556
2022-12-17 00:00:00,60.4,60.4,59.3,60.1,2304.911
2022-12-17 00:30:00,60.0,60.0,58.6,59.0,1831.386
2022-12-17 01:00:00,58.9,59.1,58.6,58.9,832.649
2022-12-17 01:30:00,58.9,59.4,58.7,59.3,1226.108
2022-12-17 02:00:00,59.4,59.5,57.3,57.7,4457.792
2022-12-17 02:30:00,57.7,58.5,57.6,58.5,1259.627
2022-12-17 03:00:00,58.6,58.6,58.1,58.1,1008.146
2022-12-17 03:30:00,58.0,58.7,58.0,58.3,579.821
2022-12-17 04:00:00,58.3,60.0,58.3,59.8,2619.663
2022-12-17 04:30:00,59.9,60.6,59.7,59.8,1146.706
2022-12-17 05:00:00,59.9,60.8,59.9,60.3,906.145
2022-12-17 05:30:00,60.3,60.8,59.8,60.1,954.628
2022-12-17 06:00:00,60.1,61.0,60.1,61.0,1079.722
2022-12-17 06:30:00,60.9,61.5,60.7,60.7,1155.199
2022-12-17 07:00:00,60.7,61.4,60.6,60.9,757.06
2022-12-17 07:30:00,61.1,61.5,60.9,61.2,462.279
2022-12-17 08:00:00,61.3,61.5,61.0,61.1,802.348
2022-12-17 08:30:00,61.1,61.1,60.5,60.6,1159.826
2022-12-17 09:00:00,60.6,61.4,60.6,61.2,582.816
2022-12-17 09:30:00,61.2,61.8,61.2,61.5,1855.771
2022-12-17 10:00:00,61.7,62.1,61.5,61.8,913.395
2022-12-17 10:30:00,61.7,62.0,61.6,61.8,1076.813
2022-12-17 11:00:00,61.8,62.0,61.6,61.9,670.035
2022-12-17 11:30:00,61.8,61.8,61.4,61.4,495.335
2022-12-17 12:00:00,61.4,61.8,61.3,61.5,401.053
2022-12-17 12:30:00,61.4,61.7,61.1,61.5,542.768
2022-12-17 13:00:00,61.5,62.0,61.5,61.6,620.355
2022-12-17 13:30:00,61.8,62.0,61.4,61.5,315.236
2022-12-17 14:00:00,61.5,61.7,61.1,61.1,748.036
2022-12-17 14:30:00,61.0,61.1,60.7,60.7,953.812
2022-12-17 15:00:00,60.7,61.4,60.4,61.1,1386.397
2022-12-17 15:30:00,61.1,61.2,60.8,61.1,674.538
2022-12-17 16:00:00,61.0,61.0,60.4,60.6,653.422
2022-12-17 16:30:00,60.5,60.7,60.2,60.7,427.129
2022-12-17 17:00:00,60.7,60.7,60.2,60.4,663.704
2022-12-17 17:30:00,60.4,61.1,60.3,60.9,1926.283
2022-12-17 18:00:00,60.8,61.5,60.5,61.4,1312.898
2022-12-17 18:30:00,61.3,61.6,61.2,61.3,334.826
2022-12-17 19:00:00,61.3,61.9,61.3,61.4,784.227
2022-12-17 19:30:00,61.4,61.6,61.3,61.3,99.227
2022-12-17 20:00:00,61.2,61.2,61.1,61.2,279.454
2022-12-17 20:30:00,61.2,61.2,60.7,60.8,491.773
2022-12-17 21:00:00,60.7,60.8,60.6,60.7,89.076
2022-12-17 21:30:00,60.7,60.7,60.5,60.6,197.304
2022-12-17 22:00:00,60.5,60.9,60.4,60.8,703.39
2022-12-17 22:30:00,60.7,60.9,60.7,60.9,263.029
2022-12-17 23:00:00,60.9,61.1,60.8,60.8,155.403
2022-12-17 23:30:00,60.7,60.8,60.3,60.5,600.403
2022-12-18 00:00:00,60.6,61.0,60.2,60.9,1058.647
2022-12-18 00:30:00,60.9,61.1,60.8,61.0,316.467
2022-12-18 01:00:00,61.0,61.0,60.7,60.7,229.08
2022-12-18 01:30:00,60.7,60.8,59.5,59.5,1831.507
2022-12-18 02:00:00,59.5,59.5,58.5,59.3,3325.664
2022-12-18 02:30:00,59.2,59.4,59.1,59.2,323.184
2022-12-18 03:00:00,59.2,59.2,58.8,59.1,883.172
2022-12-18 03:30:00,59.0,59.0,58.7,58.9,526.093
2022-12-18 04:00:00,58.9,60.9,58.8,60.5,3423.554
2022-12-18 04:30:00,60.6,61.0,60.5,60.7,644.366
2022-12-18 05:00:00,60.8,60.9,60.2,60.3,577.035
2022-12-18 05:30:00,60.2,60.2,59.7,59.7,799.254
2022-12-18 06:00:00,59.8,59.8,59.3,59.3,1000.086
2022-12-18 06:30:00,59.3,59.5,59.1,59.4,518.368
2022-12-18 07:00:00,59.4,61.0,59.4,60.9,3637.569
2022-12-18 07:30:00,60.9,61.1,60.6,60.7,1851.275
2022-12-18 08:00:00,60.8,61.3,60.7,61.0,2186.774
2022-12-18 08:30:00,60.9,61.0,60.6,60.7,298.527
2022-12-18 09:00:00,60.7,62.2,60.7,61.6,4318.958
2022-12-18 09:30:00,61.6,61.9,61.2,61.4,897.84
2022-12-18 10:00:00,61.5,61.9,61.5,61.8,538.957
2022-12-18 10:30:00,61.8,62.5,61.7,61.7,2907.011
2022-12-18 11:00:00,61.7,62.1,61.7,61.8,218.656
2022-12-18 11:30:00,61.7,62.4,61.7,62.1,1586.069
2022-12-18 12:00:00,62.1,62.5,62.0,62.3,759.894
2022-12-18 12:30:00,62.4,63.4,62.4,63.2,2111.964
2022-12-18 13:00:00,63.2,63.8,62.6,63.0,4216.427
2022-12-18 13:30:00,62.9,63.4,62.9,63.4,821.404
2022-12-18 14:00:00,63.4,63.8,63.3,63.4,1351.78
2022-12-18 14:30:00,63.4,63.5,62.9,63.0,2076.01
2022-12-18 15:00:00,63.0,63.2,62.5,62.5,1227.54
2022-12-18 15:30:00,62.5,62.6,62.2,62.6,1465.749
2022-12-18 16:00:00,62.6,63.1,62.3,62.8,1327.402
2022-12-18 16:30:00,62.6,62.9,62.6,62.8,337.162
2022-12-18 17:00:00,62.7,63.0,62.7,62.9,162.94
2022-12-18 17:30:00,62.9,63.1,62.9,63.0,322.613
2022-12-18 18:00:00,63.0,63.5,62.8,63.2,891.66
2022-12-18 18:30:00,63.2,63.2,62.8,63.0,244.128
2022-12-18 19:00:00,63.0,63.2,62.8,62.9,277.714
2022-12-18 19:30:00,62.9,63.0,62.4,62.5,1207.493
2022-12-18 20:00:00,62.5,62.8,62.3,62.3,190.248
2022-12-18 20:30:00,62.4,62.9,62.3,62.8,145.052
2022-12-18 21:00:00,62.8,63.4,62.6,63.0,826.283
2022-12-18 21:30:00,63.1,63.1,62.7,62.9,101.684
2022-12-18 22:00:00,62.9,62.9,62.7,62.9,132.235
2022-12-18 22:30:00,62.9,62.9,62.6,62.9,326.767
2022-12-18 23:00:00,62.8,62.8,62.5,62.6,226.614
2022-12-18 23:30:00,62.6,62.6,62.3,62.4,252.338
2022-12-19 00:00:00,62.4,62.9,62.3,62.8,873.274
2022-12-19 00:30:00,62.8,63.3,62.8,63.0,1235.462
2022-12-19 01:00:00,63.0,63.1,62.9,63.0,236.384
2022-12-19 01:30:00,63.0,63.0,62.6,62.6,59.511
2022-12-19 02:00:00,62.6,63.0,62.5,62.9,333.978
2022-12-19 02:30:00,62.8,62.8,62.0,62.0,602.704
2022-12-19 03:00:00,62.0,62.4,61.9,62.1,391.607
2022-12-19 03:30:00,62.0,62.4,61.8,62.0,596.758
2022-12-19 04:00:00,62.0,62.4,61.7,62.2,368.116
2022-12-19 04:30:00,62.2,62.3,62.0,62.1,318.88
2022-12-19 05:00:00,62.0,62.3,62.0,62.2,507.286
2022-12-19 05:30:00,62.3,62.9,62.3,62.7,910.605
2022-12-19 06:00:00,62.8,63.3,62.7,62.8,570.507
2022-12-19 06:30:00,62.8,63.2,62.5,62.5,350.797
2022-12-19 07:00:00,62.5,62.8,62.3,62.3,323.208
2022-12-19 07:30:00,62.3,63.5,62.2,63.3,9511.894
2022-12-19 08:00:00,63.3,65.0,63.2,64.4,5611.296
2022-12-19 08:30:00,64.4,65.2,64.1,64.7,4631.738
2022-12-19 09:00:00,64.7,65.9,64.3,64.8,7428.72
2022-12-19 09:30:00,64.8,65.0,63.4,63.8,3366.908
2022-12-19 10:00:00,63.9,64.6,63.9,64.5,1305.111
2022-12-19 10:30:00,64.5,64.5,64.2,64.3,528.717
2022-12-19 11:00:00,64.3,64.5,64.2,64.2,269.882
2022-12-19 11:30:00,64.3,66.5,64.0,65.3,4572.452
2022-12-19 12:00:00,65.4,66.0,65.0,65.9,3465.523
2022-12-19 12:30:00,65.9,68.7,65.7,68.3,6632.962
2022-12-19 13:00:00,68.2,68.8,67.1,68.3,2106.482
2022-12-19 13:30:00,68.1,68.7,66.7,67.3,2165.932
2022-12-19 14:00:00,67.4,67.7,66.5,67.0,1655.5
2022-12-19 14:30:00,67.1,67.9,66.8,67.7,1908.231
2022-12-19 15:00:00,67.7,71.2,67.5,69.9,8978.897
2022-12-19 15:30:00,70.0,71.5,69.4,69.8,6011.566
2022-12-19 16:00:00,69.8,69.8,67.9,68.4,3561.55
2022-12-19 16:30:00,68.4,68.7,67.6,67.8,1694.363
2022-12-19 17:00:00,67.8,68.2,67.5,67.7,622.587
2022-12-19 17:30:00,67.7,69.6,67.4,69.0,2218.296
2022-12-19 18:00:00,69.1,70.0,68.9,69.5,2037.177
2022-12-19 18:30:00,69.4,79.0,68.7,73.3,16488.912
2022-12-19 19:00:00,73.3,75.1,71.2,73.3,8826.022
2022-12-19 19:30:00,73.4,74.8,72.5,74.0,3315.452
2022-12-19 20:00:00,74.1,77.0,73.7,74.2,5970.078
2022-12-19 20:30:00,74.1,74.8,72.5,72.9,3032.628
2022-12-19 21:00:00,73.0,74.2,72.8,73.2,1548.097
2022-12-19 21:30:00,73.3,76.0,73.3,75.6,3114.83
2022-12-19 22:00:00,75.5,77.0,75.0,76.0,4128.625
2022-12-19 22:30:00,75.9,76.3,73.6,75.6,4431.55
2022-12-19 23:00:00,75.6,78.4,75.5,77.0,6450.043
2022-12-19 23:30:00,77.0,77.9,75.9,77.9,4093.939
2022-12-20 00:00:00,77.8,77.8,74.9,74.9,5943.938
2022-12-20 00:30:00,74.9,75.0,72.9,73.9,4242.07
2022-12-20 01:00:00,73.9,74.0,72.1,72.9,2982.517
2022-12-20 01:30:00,72.9,76.0,72.8,75.1,2555.961
2022-12-20 02:00:00,75.0,75.4,73.8,74.8,1345.999
2022-12-20 02:30:00,74.7,75.4,74.6,75.1,1176.565
2022-12-20 03:00:00,75.1,76.3,74.2,75.5,2602.545
2022-12-20 03:30:00,75.5,77.0,74.7,75.6,2371.022
2022-12-20 04:00:00,75.6,76.4,75.0,75.6,2042.225
2022-12-20 04:30:00,75.7,77.5,75.0,76.6,5663.973
2022-12-20 05:00:00,76.7,76.7,74.4,74.8,2684.326
2022-12-20 05:30:00,74.8,76.1,74.5,75.2,919.337
2022-12-20 06:00:00,75.1,75.8,74.2,74.9,1997.33
2022-12-20 06:30:00,74.9,75.1,74.1,74.6,2722.352
2022-12-20 07:00:00,74.5,75.7,74.0,75.5,2688.796
2022-12-20 07:30:00,75.5,75.6,74.5,74.8,2217.915
2022-12-20 08:00:00,74.7,74.7,73.0,73.2,2661.613
2022-12-20 08:30:00,73.2,73.6,73.1,73.1,657.059
2022-12-20 09:00:00,73.1,73.2,71.7,71.8,2206.441
2022-12-20 09:30:00,71.7,73.6,71.1,72.2,2164.974
2022-12-20 10:00:00,72.2,72.3,71.0,71.7,1717.43
2022-12-20 10:30:00,71.7,72.4,71.4,71.4,975.255
2022-12-20 11:00:00,71.5,71.7,71.2,71.5,291.535
2022-12-20 11:30:00,71.6,72.4,71.4,71.8,977.233
2022-12-20 12:00:00,71.8,72.1,71.5,72.0,597.319
2022-12-20 12:30:00,71.9,71.9,71.0,71.5,1215.861
2022-12-20 13:00:00,71.5,71.6,70.3,70.5,1165.457
2022-12-20 13:30:00,70.5,70.7,68.1,69.4,5137.817
2022-12-20 14:00:00,69.4,69.8,67.5,69.2,5820.413
2022-12-20 14:30:00,69.2,71.0,69.2,70.7,3424.028
2022-12-20 15:00:00,70.6,70.7,69.9,70.4,1089.043
2022-12-20 15:30:00,70.5,70.8,70.0,70.2,1204.899
2022-12-20 16:00:00,70.1,70.6,70.0,70.2,1012.673
2022-12-20 16:30:00,70.2,70.7,70.2,70.6,763.771
2022-12-20 17:00:00,70.6,70.6,70.3,70.3,368.234
2022-12-20 17:30:00,70.3,70.3,70.1,70.1,160.639
2022-12-20 18:00:00,70.1,70.2,70.1,70.1,419.201
2022-12-20 18:30:00,70.1,70.1,70.0,70.0,346.114
2022-12-20 19:00:00,70.1,70.1,70.0,70.0,715.913
2022-12-20 19:30:00,70.0,70.1,69.4,69.5,1016.039
2022-12-20 20:00:00,69.4,69.7,69.4,69.4,381.977
2022-12-20 20:30:00,69.5,69.6,69.4,69.5,156.522
2022-12-20 21:00:00,69.5,69.8,69.5,69.6,252.353
2022-12-20 21:30:00,69.6,70.0,69.6,69.9,352.211
2022-12-20 22:00:00,69.9,70.2,69.9,70.0,423.045
2022-12-20 22:30:00,69.9,70.0,69.8,69.8,177.205
2022-12-20 23:00:00,69.9,70.3,69.4,70.3,947.026
2022-12-20 23:30:00,70.1,70.2,69.7,70.1,531.804
2022-12-21 00:00:00,70.0,71.7,69.7,71.6,1463.749
2022-12-21 00:30:00,71.5,72.4,70.9,72.4,1998.669
2022-12-21 01:00:00,72.3,72.7,71.7,72.1,1011.483
2022-12-21 01:30:00,72.3,72.4,71.4,72.2,844.998
2022-12-21 02:00:00,72.3,73.2,72.1,73.2,750.866
2022-12-21 02:30:00,73.2,74.3,71.3,71.9,4451.722
2022-12-21 03:00:00,71.8,71.8,70.7,71.0,1400.601
2022-12-21 03:30:00,70.9,71.7,70.9,71.5,505.473
2022-12-21 04:00:00,71.5,71.5,70.5,71.0,919.273
2022-12-21 04:30:00,71.0,71.3,70.5,70.9,408.757
2022-12-21 05:00:00,70.9,71.5,70.6,71.0,624.113
2022-12-21 05:30:00,71.0,71.0,70.6,70.7,259.54
2022-12-21 06:00:00,70.7,71.1,70.2,70.8,1005.936
2022-12-21 06:30:00,70.9,76.4,70.8,73.9,13533.902
2022-12-21 07:00:00,73.8,76.6,73.4,75.0,6811.016
2022-12-21 07:30:00,74.9,75.2,74.5,74.9,1741.506
2022-12-21 08:00:00,74.8,74.9,73.8,73.9,2205.816
2022-12-21 08:30:00,74.0,74.6,73.8,74.1,853.929
2022-12-21 09:00:00,74.2,74.9,73.8,74.0,1029.42
2022-12-21 09:30:00,74.1,74.9,74.0,74.3,721.815
2022-12-21 10:00:00,74.3,74.6,73.9,74.2,788.491
2022-12-21 10:30:00,74.0,74.1,73.0,73.1,1340.339
2022-12-21 11:00:00,73.1,73.6,72.8,73.3,1232.992
2022-12-21 11:30:00,73.4,73.9,73.3,73.4,1598.989
2022-12-21 12:00:00,73.4,73.6,73.0,73.4,1132.297
2022-12-21 12:30:00,73.3,73.9,73.3,73.8,523.302
2022-12-21 13:00:00,73.8,74.3,73.8,74.2,914.793
2022-12-21 13:30:00,74.2,74.4,73.1,73.3,899.655
2022-12-21 14:00:00,73.3,73.3,72.5,72.7,974.524
2022-12-21 14:30:00,72.7,73.5,71.6,72.8,1853.452
2022-12-21 15:00:00,72.8,73.7,72.7,73.1,1526.976
2022-12-21 15:30:00,73.2,73.8,73.0,73.6,520.851
2022-12-21 16:00:00,73.6,75.0,73.1,74.8,3056.695
2022-12-21 16:30:00,74.8,74.8,74.2,74.7,645.862
2022-12-21 17:00:00,74.7,75.0,74.3,74.8,461.062
2022-12-21 17:30:00,74.9,75.1,74.3,74.5,484.608
2022-12-21 18:00:00,74.5,74.6,73.7,73.8,945.911
2022-12-21 18:30:00,73.9,74.2,73.8,74.2,272.61
2022-12-21 19:00:00,74.2,74.2,73.8,73.9,167.708
2022-12-21 19:30:00,73.9,74.7,73.7,74.5,870.673
2022-12-21 20:00:00,74.6,74.6,73.9,74.3,735.172
2022-12-21 20:30:00,74.4,75.2,74.3,74.5,859.229
2022-12-21 21:00:00,74.5,74.5,74.0,74.2,282.071
2022-12-21 21:30:00,74.1,74.4,73.8,74.4,399.211
2022-12-21 22:00:00,74.3,74.6,73.4,73.6,761.42
2022-12-21 22:30:00,73.7,73.8,73.5,73.8,125.778
2022-12-21 23:00:00,73.9,74.3,73.8,74.1,276.241
2022-12-21 23:30:00,74.0,74.3,73.7,74.2,344.972
2022-12-22 00:00:00,74.3,75.0,73.8,74.6,1603.096
2022-12-22 00:30:00,74.5,75.2,74.4,74.8,839.426
2022-12-22 01:00:00,74.8,74.9,74.4,74.6,736.893
2022-12-22 01:30:00,74.7,74.9,74.3,74.7,1205.1
2022-12-22 02:00:00,74.8,74.8,74.3,74.7,261.957
2022-12-22 02:30:00,74.6,74.9,74.4,74.7,567.316
2022-12-22 03:00:00,74.7,74.7,73.7,73.7,1414.065
2022-12-22 03:30:00,73.7,73.9,73.5,73.8,357.764
2022-12-22 04:00:00,73.8,73.8,73.4,73.5,127.904
2022-12-22 04:30:00,73.5,73.5,73.1,73.1,620.121
2022-12-22 05:00:00,73.1,73.7,73.1,73.2,431.554
2022-12-22 05:30:00,73.2,73.6,73.1,73.1,297.368
2022-12-22 06:00:00,73.0,73.2,72.9,73.2,494.039
2022-12-22 06:30:00,73.2,73.4,73.2,73.2,164.095
2022-12-22 07:00:00,73.2,73.7,73.0,73.5,273.858
2022-12-22 07:30:00,73.5,74.0,73.3,73.8,277.559
2022-12-22 08:00:00,73.7,73.9,73.3,73.6,380.51
2022-12-22 08:30:00,73.5,73.5,73.3,73.4,183.048
2022-12-22 09:00:00,73.4,73.5,73.2,73.4,548.14
2022-12-22 09:30:00,73.4,73.6,73.3,73.5,281.831
2022-12-22 10:00:00,73.5,74.2,73.2,73.9,947.925
2022-12-22 10:30:00,73.9,73.9,73.5,73.5,125.62
2022-12-22 11:00:00,73.6,73.6,73.3,73.4,237.915
2022-12-22 11:30:00,73.4,73.5,73.3,73.5,130.098
2022-12-22 12:00:00,73.4,73.5,73.3,73.4,274.031
2022-12-22 12:30:00,73.3,73.3,72.6,72.7,1268.625
2022-12-22 13:00:00,72.7,73.1,72.7,73.0,297.628
2022-12-22 13:30:00,73.0,73.4,72.8,73.2,476.929
2022-12-22 14:00:00,73.2,73.6,73.2,73.4,416.752
2022-12-22 14:30:00,73.4,73.8,72.7,72.7,1165.1
2022-12-22 15:00:00,72.9,73.4,72.8,73.0,506.981
2022-12-22 15:30:00,72.9,73.3,72.7,73.1,482.42
2022-12-22 16:00:00,72.9,73.4,72.9,73.2,583.228
2022-12-22 16:30:00,73.0,73.1,72.7,72.9,246.767
2022-12-22 17:00:00,73.0,73.3,72.9,73.1,120.929
2022-12-22 17:30:00,73.1,73.1,71.4,71.8,1787.138
2022-12-22 18:00:00,71.7,72.2,71.7,72.0,319.97
2022-12-22 18:30:00,72.0,72.3,71.8,72.0,315.306
2022-12-22 19:00:00,72.0,72.0,71.7,71.8,161.825
2022-12-22 19:30:00,71.9,72.1,71.9,72.1,101.801
2022-12-22 20:00:00,72.2,72.9,72.1,72.5,454.321
2022-12-22 20:30:00,72.7,72.7,72.2,72.3,84.061
2022-12-22 21:00:00,72.3,72.3,72.0,72.1,425.742
2022-12-22 21:30:00,72.1,72.3,72.0,72.2,189.576
2022-12-22 22:00:00,72.2,72.4,72.1,72.3,155.314
2022-12-22 22:30:00,72.3,72.5,72.3,72.5,99.671
2022-12-22 23:00:00,72.5,72.7,72.4,72.5,143.302
2022-12-22 23:30:00,72.5,72.6,72.3,72.5,112.034
2022-12-23 00:00:00,72.5,72.5,72.1,72.4,177.389
2022-12-23 00:30:00,72.4,72.5,72.4,72.5,28.114
2022-12-23 01:00:00,72.5,73.4,72.5,73.4,577.993
2022-12-23 01:30:00,73.4,73.7,73.4,73.6,510.565
2022-12-23 02:00:00,73.7,73.7,73.3,73.4,273.428
2022-12-23 02:30:00,73.4,73.5,73.1,73.5,112.731
2022-12-23 03:00:00,73.5,73.8,73.5,73.5,241.457
2022-12-23 03:30:00,73.5,73.9,73.5,73.7,133.224
2022-12-23 04:00:00,73.7,74.0,73.6,73.8,238.464
2022-12-23 04:30:00,73.8,73.8,73.2,73.3,231.759
2022-12-23 05:00:00,73.3,73.6,73.1,73.1,303.409
2022-12-23 05:30:00,73.1,73.2,73.1,73.2,118.208
2022-12-23 06:00:00,73.1,73.6,73.1,73.5,182.034
2022-12-23 06:30:00,73.4,73.5,73.3,73.4,71.853
2022-12-23 07:00:00,73.3,73.4,73.1,73.3,108.08
2022-12-23 07:30:00,73.3,73.5,73.2,73.5,141.37
2022-12-23 08:00:00,73.4,73.5,73.1,73.1,264.61
2022-12-23 08:30:00,73.0,73.0,72.9,72.9,78.013
2022-12-23 09:00:00,72.9,73.0,72.8,72.8,85.405
2022-12-23 09:30:00,72.9,73.2,72.9,73.1,159.351
2022-12-23 10:00:00,73.0,73.1,73.0,73.0,75.116
2022-12-23 10:30:00,73.0,73.0,72.7,72.7,83.214
2022-12-23 11:00:00,72.8,73.2,72.8,73.2,541.732
2022-12-23 11:30:00,73.2,73.2,73.0,73.1,308.846
2022-12-23 12:00:00,73.2,73.2,72.9,73.0,111.651
2022-12-23 12:30:00,72.9,72.9,71.8,72.3,1284.098
2022-12-23 13:00:00,72.3,72.4,71.9,72.1,407.23
2022-12-23 13:30:00,72.0,72.3,71.6,72.3,752.778
2022-12-23 14:00:00,72.2,73.6,72.1,72.3,2191.313
2022-12-23 14:30:00,72.4,72.7,72.3,72.4,570.474
2022-12-23 15:00:00,72.4,72.6,72.2,72.6,234.306
2022-12-23 15:30:00,72.6,72.6,72.1,72.2,398.998
2022-12-23 16:00:00,72.1,72.2,71.9,71.9,438.581
2022-12-23 16:30:00,71.9,72.5,71.9,72.3,355.062
2022-12-23 17:00:00,72.2,72.3,72.0,72.1,37.482
2022-12-23 17:30:00,72.0,72.2,71.9,72.1,91.104
2022-12-23 18:00:00,72.1,72.1,71.6,71.7,409.314
2022-12-23 18:30:00,71.8,71.8,71.7,71.8,47.162
2022-12-23 19:00:00,71.8,72.0,71.1,72.0,353.223
2022-12-23 19:30:00,72.0,72.2,72.0,72.0,43.064
2022-12-23 20:00:00,72.0,72.0,71.5,71.7,391.884
2022-12-23 20:30:00,71.8,71.9,71.6,71.7,64.209
2022-12-23 21:00:00,71.6,71.8,71.6,71.8,94.058
2022-12-23 21:30:00,71.6,71.7,71.6,71.7,57.651
2022-12-23 22:00:00,71.8,71.8,71.7,71.7,146.693
2022-12-23 22:30:00,71.7,71.7,71.6,71.6,48.939
2022-12-23 23:00:00,71.7,71.7,70.7,71.0,1069.118
2022-12-23 23:30:00,71.0,71.1,70.6,71.0,602.012
2022-12-24 00:00:00,71.0,71.0,70.7,70.9,178.856
2022-12-24 00:30:00,71.0,71.0,70.5,70.6,318.119
2022-12-24 01:00:00,70.6,70.9,70.5,70.9,222.293
2022-12-24 01:30:00,70.9,70.9,70.5,70.8,89.414
2022-12-24 02:00:00,70.8,71.1,70.8,71.0,229.764
2022-12-24 02:30:00,70.9,70.9,70.5,70.6,254.452
2022-12-24 03:00:00,70.6,70.6,69.9,70.0,823.801
2022-12-24 03:30:00,70.1,70.1,69.8,70.1,309.252
2022-12-24 04:00:00,70.2,70.2,70.0,70.0,191.432
2022-12-24 04:30:00,70.0,70.0,69.8,69.9,249.343
2022-12-24 05:00:00,69.9,70.0,69.5,69.6,369.643
2022-12-24 05:30:00,69.6,69.8,69.4,69.6,376.096
2022-12-24 06:00:00,69.6,69.6,69.3,69.3,479.458
2022-12-24 06:30:00,69.3,69.3,68.7,68.9,702.208
2022-12-24 07:00:00,68.8,68.9,68.6,68.7,324.341
2022-12-24 07:30:00,68.6,68.9,68.5,68.9,508.456
2022-12-24 08:00:00,68.8,68.9,67.6,67.8,1286.066
2022-12-24 08:30:00,67.8,68.3,67.5,68.2,1327.062
2022-12-24 09:00:00,68.1,68.7,68.0,68.7,786.209
2022-12-24 09:30:00,68.8,69.1,68.3,68.7,926.448
2022-12-24 10:00:00,68.6,68.7,68.2,68.2,234.33
2022-12-24 10:30:00,68.4,68.4,67.8,67.8,481.534
2022-12-24 11:00:00,67.9,68.2,67.8,67.9,312.073
2022-12-24 11:30:00,67.8,67.9,67.6,67.8,168.998
2022-12-24 12:00:00,67.8,68.2,67.8,68.1,180.601
2022-12-24 12:30:00,68.1,68.7,68.1,68.6,297.827
2022-12-24 13:00:00,68.6,68.8,68.2,68.3,786.828
2022-12-24 13:30:00,68.4,68.8,68.3,68.5,268.391
2022-12-24 14:00:00,68.5,68.6,68.5,68.6,69.293
2022-12-24 14:30:00,68.6,68.9,68.5,68.9,409.115
2022-12-24 15:00:00,68.8,69.2,68.6,69.0,378.804
2022-12-24 15:30:00,69.1,69.7,69.0,69.6,659.426
2022-12-24 16:00:00,69.5,70.3,69.2,70.1,985.619
2022-12-24 16:30:00,70.2,70.5,69.9,70.2,439.832
2022-12-24 17:00:00,70.2,70.3,69.7,69.9,214.963
2022-12-24 17:30:00,69.9,69.9,69.5,69.6,286.445
2022-12-24 18:00:00,69.7,69.7,69.4,69.7,186.018
2022-12-24 18:30:00,69.7,70.1,69.7,69.9,203.779
2022-12-24 19:00:00,69.8,69.9,69.6,69.7,70.711
2022-12-24 19:30:00,69.7,69.9,69.5,69.5,77.379
2022-12-24 20:00:00,69.5,69.8,69.5,69.8,41.444
2022-12-24 20:30:00,69.8,70.0,69.7,69.8,74.522
2022-12-24 21:00:00,69.8,70.0,69.4,69.5,320.576
2022-12-24 21:30:00,69.5,69.6,69.5,69.5,53.099
2022-12-24 22:00:00,69.5,69.6,69.5,69.6,12.321
2022-12-24 22:30:00,69.6,69.7,69.4,69.4,167.785
2022-12-24 23:00:00,69.4,69.4,69.0,69.2,337.935
2022-12-24 23:30:00,69.2,69.3,69.0,69.2,86.965
2022-12-25 00:00:00,69.2,69.6,69.1,69.5,122.717
2022-12-25 00:30:00,69.6,70.1,69.6,70.0,360.879
2022-12-25 01:00:00,70.0,70.2,69.8,70.1,209.243
2022-12-25 01:30:00,70.1,71.7,69.7,70.2,10149.0
2022-12-25 02:00:00,70.2,70.4,69.9,69.9,394.929
2022-12-25 02:30:00,69.9,70.0,69.8,69.8,203.247
2022-12-25 03:00:00,69.7,69.8,69.6,69.6,56.502
2022-12-25 03:30:00,69.6,69.7,69.6,69.7,153.013
2022-12-25 04:00:00,69.7,69.9,69.7,69.9,28.761
2022-12-25 04:30:00,69.8,70.1,69.7,70.1,57.317
2022-12-25 05:00:00,70.2,70.2,69.7,70.1,112.79
2022-12-25 05:30:00,70.1,70.4,70.1,70.4,222.384
2022-12-25 06:00:00,70.4,70.5,70.2,70.3,106.601
2022-12-25 06:30:00,70.2,70.3,70.1,70.1,26.037
2022-12-25 07:00:00,70.1,70.2,69.9,70.1,80.049
2022-12-25 07:30:00,70.1,70.1,69.9,69.9,79.226
2022-12-25 08:00:00,70.0,70.3,69.9,70.2,129.911
2022-12-25 08:30:00,70.2,70.4,70.1,70.2,67.248
2022-12-25 09:00:00,70.3,70.3,70.0,70.2,35.588
2022-12-25 09:30:00,70.1,70.2,69.8,70.0,241.761
2022-12-25 10:00:00,70.0,70.0,69.7,69.7,221.883
2022-12-25 10:30:00,69.6,69.7,69.6,69.6,126.407
2022-12-25 11:00:00,69.6,69.8,69.6,69.7,147.098
2022-12-25 11:30:00,69.6,69.7,69.6,69.6,94.918
2022-12-25 12:00:00,69.7,69.7,69.3,69.3,510.919
2022-12-25 12:30:00,69.3,69.4,69.3,69.3,149.256
2022-12-25 13:00:00,69.4,69.6,69.3,69.6,166.227
2022-12-25 13:30:00,69.5,69.7,69.4,69.7,139.18
2022-12-25 14:00:00,69.8,69.9,69.6,69.6,68.026
2022-12-25 14:30:00,69.7,70.0,69.1,69.9,835.96
2022-12-25 15:00:00,69.8,70.1,69.6,69.9,237.325
2022-12-25 15:30:00,69.7,69.9,69.5,69.9,106.666
2022-12-25 16:00:00,69.9,69.9,69.5,69.8,37.939
2022-12-25 16:30:00,69.7,70.0,69.6,69.7,275.038
2022-12-25 17:00:00,69.6,69.7,69.5,69.5,20.952
2022-12-25 17:30:00,69.5,69.6,69.4,69.4,21.469
2022-12-25 18:00:00,69.5,70.4,69.4,69.7,994.439
2022-12-25 18:30:00,69.7,70.7,69.4,69.4,5208.203
2022-12-25 19:00:00,69.4,69.4,68.8,69.3,698.9
2022-12-25 19:30:00,69.2,69.2,69.1,69.2,62.854
2022-12-25 20:00:00,69.1,69.1,68.7,68.9,291.698
2022-12-25 20:30:00,68.8,68.9,68.7,68.7,41.796
2022-12-25 21:00:00,68.7,68.7,68.3,68.5,299.703
2022-12-25 21:30:00,68.4,69.0,68.4,68.9,211.33
2022-12-25 22:00:00,68.9,69.0,68.8,68.8,24.606
2022-12-25 22:30:00,68.8,73.5,68.8,73.1,17603.759
2022-12-25 23:00:00,73.0,74.1,69.0,69.2,10343.078
2022-12-25 23:30:00,69.3,69.8,69.0,69.3,633.659
2022-12-26 00:00:00,69.4,69.4,69.1,69.4,391.035
2022-12-26 00:30:00,69.3,69.8,69.3,69.5,229.836
2022-12-26 01:00:00,69.6,69.6,68.9,69.0,363.977
2022-12-26 01:30:00,69.1,69.1,68.4,68.6,610.895
2022-12-26 02:00:00,68.5,69.1,68.5,68.9,203.597
2022-12-26 02:30:00,69.0,69.6,68.9,69.3,3586.738
2022-12-26 03:00:00,69.2,69.6,69.1,69.6,271.602
2022-12-26 03:30:00,69.6,69.9,69.3,69.4,964.341
2022-12-26 04:00:00,69.5,69.5,68.7,69.0,1165.587
2022-12-26 04:30:00,68.9,69.0,68.7,68.8,209.048
2022-12-26 05:00:00,68.8,68.8,68.7,68.7,74.575
2022-12-26 05:30:00,68.7,68.8,68.6,68.6,169.553
2022-12-26 06:00:00,68.6,68.7,68.4,68.4,157.487
2022-12-26 06:30:00,68.4,68.4,67.7,67.8,981.508
2022-12-26 07:00:00,67.8,68.2,67.5,68.1,954.754
2022-12-26 07:30:00,68.1,68.2,68.0,68.2,262.891
2022-12-26 08:00:00,68.1,68.1,67.7,67.8,218.903
2022-12-26 08:30:00,67.8,68.2,67.8,68.0,192.474
2022-12-26 09:00:00,68.0,68.0,67.6,67.8,651.951
2022-12-26 09:30:00,67.8,68.5,67.8,67.8,709.551
2022-12-26 10:00:00,67.8,68.3,67.8,68.1,540.037
2022-12-26 10:30:00,68.1,68.3,68.0,68.1,269.829
2022-12-26 11:00:00,68.0,68.8,68.0,68.5,442.484
2022-12-26 11:30:00,68.5,68.6,68.3,68.6,254.361
2022-12-26 12:00:00,68.6,68.6,68.1,68.1,235.535
2022-12-26 12:30:00,68.1,68.1,68.0,68.1,47.427
2022-12-26 13:00:00,68.0,68.0,67.8,68.0,115.792
2022-12-26 13:30:00,68.0,68.1,68.0,68.0,39.472
2022-12-26 14:00:00,68.1,68.3,68.0,68.1,239.225
2022-12-26 14:30:00,68.0,68.2,68.0,68.0,184.594
2022-12-26 15:00:00,67.9,68.1,67.7,67.8,178.824
2022-12-26 15:30:00,67.8,68.1,67.8,68.1,195.092
2022-12-26 16:00:00,68.1,68.3,68.1,68.2,110.941
2022-12-26 16:30:00,68.2,68.3,68.1,68.3,53.774
2022-12-26 17:00:00,68.3,68.6,68.2,68.5,429.872
2022-12-26 17:30:00,68.5,68.5,68.4,68.4,23.755
2022-12-26 18:00:00,68.5,68.5,68.4,68.4,18.715
2022-12-26 18:30:00,68.4,68.5,68.2,68.2,214.438
2022-12-26 19:00:00,68.2,68.3,68.0,68.2,132.638
2022-12-26 19:30:00,68.2,68.4,68.1,68.2,73.789
2022-12-26 20:00:00,68.3,68.3,68.1,68.2,68.285
2022-12-26 20:30:00,68.2,68.2,67.9,68.0,232.957
2022-12-26 21:00:00,68.0,68.1,67.9,68.0,192.546
2022-12-26 21:30:00,68.0,68.0,67.8,67.9,51.432
2022-12-26 22:00:00,67.9,68.0,67.8,68.0,167.216
2022-12-26 22:30:00,67.9,68.1,67.9,68.1,11.233
2022-12-26 23:00:00,68.1,68.2,68.0,68.2,124.678
2022-12-26 23:30:00,68.3,68.5,68.1,68.4,168.646
2022-12-27 00:00:00,68.3,69.5,68.3,68.9,1544.895
2022-12-27 00:30:00,69.0,69.3,69.0,69.1,330.653
2022-12-27 01:00:00,69.2,69.7,69.2,69.6,962.694
2022-12-27 01:30:00,69.6,70.0,69.5,69.7,384.182
2022-12-27 02:00:00,69.8,69.8,69.2,69.4,232.669
2022-12-27 02:30:00,69.3,69.3,69.0,69.1,181.192
2022-12-27 03:00:00,69.1,69.3,69.0,69.2,97.068
2022-12-27 03:30:00,69.1,69.4,69.1,69.3,72.007
2022-12-27 04:00:00,69.5,69.5,69.2,69.3,37.538
2022-12-27 04:30:00,69.3,69.5,69.3,69.4,51.676
2022-12-27 05:00:00,69.5,69.6,69.3,69.3,116.467
2022-12-27 05:30:00,69.3,69.5,69.2,69.3,163.133
2022-12-27 06:00:00,69.5,69.7,69.3,69.6,215.098
2022-12-27 06:30:00,69.7,69.8,69.5,69.5,228.205
2022-12-27 07:00:00,69.5,69.6,69.3,69.6,173.138
2022-12-27 07:30:00,69.7,69.7,69.4,69.5,368.167
2022-12-27 08:00:00,69.5,69.8,69.4,69.6,253.146
2022-12-27 08:30:00,69.6,69.9,69.4,69.4,318.816
2022-12-27 09:00:00,69.3,69.4,69.2,69.3,114.856
2022-12-27 09:30:00,69.4,69.7,69.3,69.6,66.224
2022-12-27 10:00:00,69.5,69.7,69.5,69.7,17.39
2022-12-27 10:30:00,69.7,69.7,69.4,69.5,91.713
2022-12-27 11:00:00,69.4,69.5,69.4,69.4,38.803
2022-12-27 11:30:00,69.3,69.4,69.2,69.2,57.824
2022-12-27 12:00:00,69.2,69.2,68.9,69.0,307.295
2022-12-27 12:30:00,69.0,69.5,68.6,68.6,3868.551
2022-12-27 13:00:00,68.6,68.8,68.6,68.8,97.609
2022-12-27 13:30:00,68.8,68.8,68.6,68.6,28.026
2022-12-27 14:00:00,68.6,68.9,68.4,68.7,219.633
2022-12-27 14:30:00,68.8,68.8,68.4,68.7,229.091
2022-12-27 15:00:00,68.6,69.0,68.6,68.8,107.961
2022-12-27 15:30:00,68.9,69.0,68.9,68.9,31.486
2022-12-27 16:00:00,68.9,69.0,68.7,69.0,105.173
2022-12-27 16:30:00,68.9,68.9,68.7,68.7,39.669
2022-12-27 17:00:00,68.7,68.8,68.2,68.3,311.887
2022-12-27 17:30:00,68.3,75.0,68.0,70.1,20341.564
2022-12-27 18:00:00,70.9,70.9,67.5,68.4,21554.172
2022-12-27 18:30:00,68.4,68.6,68.2,68.3,494.037
2022-12-27 19:00:00,68.4,68.4,68.0,68.1,414.927
2022-12-27 19:30:00,68.2,68.6,68.1,68.5,374.461
2022-12-27 20:00:00,68.4,68.6,68.2,68.4,322.37
2022-12-27 20:30:00,68.3,68.4,68.2,68.4,147.283
2022-12-27 21:00:00,68.4,68.7,68.1,68.6,316.79
2022-12-27 21:30:00,68.5,68.6,68.3,68.3,108.947
2022-12-27 22:00:00,68.4,68.5,68.3,68.4,84.376
2022-12-27 22:30:00,68.4,68.7,68.3,68.4,158.215
2022-12-27 23:00:00,68.5,69.0,68.4,68.9,354.547
2022-12-27 23:30:00,68.9,69.2,68.8,69.1,426.975
2022-12-28 00:00:00,69.1,69.8,69.1,69.4,1187.895
2022-12-28 00:30:00,69.4,69.4,69.1,69.1,235.214
2022-12-28 01:00:00,69.0,69.0,68.8,68.8,270.381
2022-12-28 01:30:00,68.8,68.8,68.5,68.6,477.891
2022-12-28 02:00:00,68.7,69.1,68.6,68.8,290.584
2022-12-28 02:30:00,68.9,69.0,68.8,68.8,92.215
2022-12-28 03:00:00,68.9,69.1,68.6,69.0,115.977
2022-12-28 03:30:00,69.1,69.2,68.6,68.7,803.012
2022-12-28 04:00:00,68.6,69.0,68.4,68.9,227.797
2022-12-28 04:30:00,68.8,68.8,68.5,68.6,129.623
2022-12-28 05:00:00,68.5,68.8,68.4,68.5,183.199
2022-12-28 05:30:00,68.4,68.4,67.7,67.9,1952.836
2022-12-28 06:00:00,67.8,68.1,67.8,68.1,179.14
2022-12-28 06:30:00,68.0,68.1,68.0,68.1,60.991
2022-12-28 07:00:00,68.1,68.6,68.1,68.5,516.163
2022-12-28 07:30:00,68.4,68.4,68.2,68.4,101.336
2022-12-28 08:00:00,68.3,68.5,68.2,68.5,93.865
2022-12-28 08:30:00,68.4,68.4,68.3,68.4,45.415
2022-12-28 09:00:00,68.4,68.5,68.4,68.5,72.332
2022-12-28 09:30:00,68.5,68.7,68.5,68.6,242.697
2022-12-28 10:00:00,68.5,68.5,68.2,68.3,116.307
2022-12-28 10:30:00,68.3,68.3,68.0,68.3,274.354
2022-12-28 11:00:00,68.3,68.3,67.9,68.2,222.923
2022-12-28 11:30:00,68.2,68.3,68.0,68.1,81.657
2022-12-28 12:00:00,68.1,68.3,68.0,68.2,194.256
2022-12-28 12:30:00,68.2,68.3,68.2,68.2,22.442
2022-12-28 13:00:00,68.2,68.6,68.2,68.4,301.645
2022-12-28 13:30:00,68.6,68.6,68.2,68.2,267.153
2022-12-28 14:00:00,68.3,68.4,68.2,68.3,44.868
2022-12-28 14:30:00,68.4,70.3,68.2,68.3,6129.498
2022-12-28 15:00:00,68.4,68.6,68.2,68.2,439.792
2022-12-28 15:30:00,68.2,68.3,68.1,68.1,117.943
2022-12-28 16:00:00,68.1,68.3,68.1,68.2,75.266
2022-12-28 16:30:00,68.3,68.3,68.0,68.0,82.308
2022-12-28 17:00:00,68.0,68.5,68.0,68.4,239.754
2022-12-28 17:30:00,68.3,68.4,68.2,68.2,163.219
2022-12-28 18:00:00,68.2,68.4,68.2,68.3,42.368
2022-12-28 18:30:00,68.3,68.4,68.3,68.3,12.375
2022-12-28 19:00:00,68.3,68.6,68.3,68.4,126.048
2022-12-28 19:30:00,68.4,68.6,68.1,68.1,107.225
2022-12-28 20:00:00,68.1,68.2,68.0,68.1,63.32
2022-12-28 20:30:00,68.0,68.0,67.8,67.9,269.914
2022-12-28 21:00:00,67.9,67.9,67.7,67.7,156.956
2022-12-28 21:30:00,67.7,69.2,67.1,68.2,6862.302
2022-12-28 22:00:00,68.1,68.7,68.0,68.5,596.819
2022-12-28 22:30:00,68.5,68.5,68.2,68.2,49.757
2022-12-28 23:00:00,68.2,68.5,68.2,68.4,261.11
2022-12-28 23:30:00,68.4,68.5,68.3,68.3,59.195
2022-12-29 00:00:00,68.3,68.6,68.3,68.5,417.628
2022-12-29 00:30:00,68.5,68.8,68.5,68.7,152.385
2022-12-29 01:00:00,68.8,68.9,68.4,68.6,495.406
2022-12-29 01:30:00,68.6,68.9,68.6,68.8,157.776
2022-12-29 02:00:00,68.7,69.3,68.5,69.3,891.221
2022-12-29 02:30:00,69.2,69.2,68.9,69.1,182.54
2022-12-29 03:00:00,69.1,69.4,69.0,69.3,293.297
2022-12-29 03:30:00,69.3,69.4,68.9,69.4,266.449
2022-12-29 04:00:00,69.3,69.5,69.2,69.4,93.697
2022-12-29 04:30:00,69.4,69.6,69.3,69.4,137.909
2022-12-29 05:00:00,69.5,69.6,69.4,69.5,83.789
2022-12-29 05:30:00,69.5,69.8,69.5,69.7,557.179
2022-12-29 06:00:00,69.7,69.8,69.3,69.6,742.047
2022-12-29 06:30:00,69.7,69.8,69.6,69.7,233.312
2022-12-29 07:00:00,69.7,69.9,69.4,69.4,175.339
2022-12-29 07:30:00,69.5,69.8,69.3,69.7,310.723
2022-12-29 08:00:00,69.8,70.1,69.8,69.9,709.019
2022-12-29 08:30:00,70.0,70.3,69.8,69.8,543.723
2022-12-29 09:00:00,69.9,69.9,69.7,69.7,61.647
2022-12-29 09:30:00,69.9,70.0,69.7,69.9,204.925
2022-12-29 10:00:00,69.8,69.9,69.6,69.6,94.152
2022-12-29 10:30:00,69.6,69.9,69.6,69.8,40.834
2022-12-29 11:00:00,69.8,70.4,69.7,70.3,481.423
2022-12-29 11:30:00,70.3,70.5,70.0,70.0,800.684
2022-12-29 12:00:00,70.1,70.4,70.0,70.0,183.846
2022-12-29 12:30:00,70.0,70.2,69.9,70.1,58.542
2022-12-29 13:00:00,70.1,70.4,70.1,70.3,100.808
2022-12-29 13:30:00,70.3,70.3,70.1,70.1,123.186
2022-12-29 14:00:00,70.1,70.2,70.0,70.2,56.644
2022-12-29 14:30:00,70.2,70.4,70.0,70.2,253.227
2022-12-29 15:00:00,70.3,70.5,70.3,70.4,244.656
2022-12-29 15:30:00,70.5,71.5,70.5,71.2,1680.572
2022-12-29 16:00:00,71.1,71.9,71.1,71.6,725.794
2022-12-29 16:30:00,71.7,71.8,71.2,71.4,291.918
2022-12-29 17:00:00,71.4,71.6,71.3,71.3,152.735
2022-12-29 17:30:00,71.2,72.0,71.2,71.7,767.598
2022-12-29 18:00:00,71.7,71.8,71.5,71.6,259.209
2022-12-29 18:30:00,71.7,71.7,71.5,71.5,100.463
2022-12-29 19:00:00,71.5,71.6,71.4,71.4,114.064
2022-12-29 19:30:00,71.4,71.4,70.9,71.0,375.75
2022-12-29 20:00:00,71.0,71.1,70.6,70.7,346.315
2022-12-29 20:30:00,70.7,70.7,70.4,70.6,454.634
2022-12-29 21:00:00,70.5,70.5,70.2,70.2,255.756
2022-12-29 21:30:00,70.1,70.2,69.6,70.0,412.829
2022-12-29 22:00:00,69.9,70.5,69.7,70.3,491.332
2022-12-29 22:30:00,70.3,70.7,70.1,70.6,398.727
2022-12-29 23:00:00,70.5,70.8,70.4,70.8,185.815
2022-12-29 23:30:00,70.8,71.2,70.8,70.9,669.112
2022-12-30 00:00:00,70.9,71.1,70.5,71.0,353.569
2022-12-30 00:30:00,71.0,71.0,70.8,70.8,220.861
2022-12-30 01:00:00,70.8,71.0,70.6,71.0,141.602
2022-12-30 01:30:00,71.0,71.0,70.5,70.6,334.873
2022-12-30 02:00:00,70.5,70.8,70.5,70.7,80.133
2022-12-30 02:30:00,70.6,70.9,70.6,70.7,111.088
2022-12-30 03:00:00,70.8,71.6,70.8,71.4,1264.087
2022-12-30 03:30:00,71.4,71.7,71.4,71.5,482.015
2022-12-30 04:00:00,71.6,71.7,70.9,71.3,535.507
2022-12-30 04:30:00,71.3,71.3,71.1,71.3,36.052
2022-12-30 05:00:00,71.2,71.6,71.2,71.5,160.184
2022-12-30 05:30:00,71.4,71.6,71.3,71.4,258.879
2022-12-30 06:00:00,71.3,71.4,71.0,71.3,247.867
2022-12-30 06:30:00,71.2,71.4,71.1,71.2,315.01
2022-12-30 07:00:00,71.2,71.2,70.9,70.9,133.414
2022-12-30 07:30:00,70.9,71.2,70.8,70.8,134.601
2022-12-30 08:00:00,70.8,70.8,70.5,70.6,292.256
2022-12-30 08:30:00,70.7,70.9,70.6,70.8,180.668
2022-12-30 09:00:00,70.8,71.0,70.7,70.8,113.936
2022-12-30 09:30:00,70.7,70.8,70.6,70.8,37.861
2022-12-30 10:00:00,70.8,71.0,70.8,70.9,388.24
2022-12-30 10:30:00,71.0,71.1,70.9,71.0,254.106
2022-12-30 11:00:00,71.0,71.1,71.0,71.0,23.346
2022-12-30 11:30:00,71.1,71.1,70.9,71.0,123.499
2022-12-30 12:00:00,71.0,71.2,70.8,71.2,438.697
2022-12-30 12:30:00,71.3,71.7,71.1,71.3,960.329
2022-12-30 13:00:00,71.3,71.6,71.1,71.4,617.539
2022-12-30 13:30:00,71.3,71.5,71.2,71.2,108.349
2022-12-30 14:00:00,71.2,71.2,71.1,71.1,102.8
2022-12-30 14:30:00,71.1,71.5,70.9,71.2,533.356
2022-12-30 15:00:00,71.3,71.5,71.3,71.5,200.554
2022-12-30 15:30:00,71.5,71.7,71.3,71.4,511.93
2022-12-30 16:00:00,71.3,71.8,71.2,71.7,628.679
2022-12-30 16:30:00,71.7,71.8,71.7,71.8,92.323
2022-12-30 17:00:00,71.8,72.0,71.6,71.7,191.59
2022-12-30 17:30:00,71.6,71.7,71.5,71.5,130.174
2022-12-30 18:00:00,71.6,71.8,71.4,71.4,132.708
2022-12-30 18:30:00,71.5,74.0,71.4,72.4,2819.481
2022-12-30 19:00:00,72.4,72.4,71.9,72.3,509.915
2022-12-30 19:30:00,72.3,72.4,72.2,72.2,86.238
2022-12-30 20:00:00,72.3,72.4,72.1,72.1,46.2
2022-12-30 20:30:00,72.0,72.2,72.0,72.0,78.986
2022-12-30 21:00:00,72.1,72.2,71.9,72.1,108.562
2022-12-30 21:30:00,72.0,72.0,71.8,71.8,140.53
2022-12-30 22:00:00,71.8,72.1,71.7,72.1,136.87
2022-12-30 22:30:00,72.1,72.2,72.1,72.2,52.714
2022-12-30 23:00:00,72.2,72.4,72.1,72.2,218.609
2022-12-30 23:30:00,72.2,72.3,72.0,72.3,102.308
2022-12-31 00:00:00,72.2,72.6,72.0,72.6,327.6
2022-12-31 00:30:00,72.5,73.2,72.5,72.9,1161.523
2022-12-31 01:00:00,73.0,73.3,72.8,72.9,555.458
2022-12-31 01:30:00,72.9,73.0,72.7,72.8,113.397
2022-12-31 02:00:00,72.9,73.0,72.6,72.7,221.704
2022-12-31 02:30:00,72.6,72.9,72.5,72.8,209.884
2022-12-31 03:00:00,72.9,72.9,72.7,72.8,16.346
2022-12-31 03:30:00,72.8,73.2,72.7,72.8,206.363
2022-12-31 04:00:00,72.8,72.8,72.6,72.6,62.714
2022-12-31 04:30:00,72.6,72.6,72.5,72.6,31.379
2022-12-31 05:00:00,72.6,73.1,72.5,72.8,101.516
2022-12-31 05:30:00,72.8,73.0,72.8,72.8,61.427
2022-12-31 06:00:00,72.8,73.1,72.8,72.8,333.995
2022-12-31 06:30:00,72.8,73.1,72.8,72.9,38.238
2022-12-31 07:00:00,72.9,73.0,72.8,72.9,37.173
2022-12-31 07:30:00,73.0,73.1,73.0,73.0,175.13
2022-12-31 08:00:00,73.0,73.4,73.0,73.4,383.369
2022-12-31 08:30:00,73.4,73.5,73.0,73.2,110.235
2022-12-31 09:00:00,73.2,73.2,72.8,72.8,248.891
2022-12-31 09:30:00,72.8,72.9,72.6,72.6,241.644
2022-12-31 10:00:00,72.6,72.7,72.4,72.6,500.817
2022-12-31 10:30:00,72.6,72.7,72.5,72.6,162.67
2022-12-31 11:00:00,72.5,72.7,72.5,72.5,47.456
2022-12-31 11:30:00,72.5,72.7,72.5,72.5,43.445
2022-12-31 12:00:00,72.5,72.5,72.1,72.1,387.489
2022-12-31 12:30:00,72.1,72.3,71.9,71.9,425.554
2022-12-31 13:00:00,71.9,72.4,71.8,72.3,263.71
2022-12-31 13:30:00,72.3,72.4,72.1,72.3,343.596
2022-12-31 14:00:00,72.2,72.2,71.9,72.0,329.97
2022-12-31 14:30:00,72.0,72.1,71.9,72.0,162.597
2022-12-31 15:00:00,71.9,72.1,71.8,72.0,87.38
2022-12-31 15:30:00,71.9,72.0,71.8,72.0,80.457
2022-12-31 16:00:00,71.9,71.9,71.8,71.9,80.491
2022-12-31 16:30:00,71.8,71.9,71.7,71.9,153.838
2022-12-31 17:00:00,71.9,72.0,71.4,71.5,290.761
2022-12-31 17:30:00,71.5,71.7,71.4,71.7,204.928
2022-12-31 18:00:00,71.7,71.7,71.5,71.5,53.257
2022-12-31 18:30:00,71.5,71.6,71.3,71.3,438.689
2022-12-31 19:00:00,71.3,71.4,71.2,71.2,91.208
2022-12-31 19:30:00,71.3,71.4,71.3,71.3,8.388
2022-12-31 20:00:00,71.3,71.4,71.2,71.2,56.192
2022-12-31 20:30:00,71.2,71.4,71.1,71.1,100.361
2022-12-31 21:00:00,71.2,71.2,71.1,71.1,122.391
2022-12-31 21:30:00,71.2,71.2,71.0,71.0,38.984
2022-12-31 22:00:00,71.1,71.1,71.0,71.0,38.352
2022-12-31 22:30:00,71.0,71.0,70.8,70.9,282.476
2022-12-31 23:00:00,71.0,71.5,70.9,71.3,368.208
2022-12-31 23:30:00,71.3,71.3,71.0,71.2,70.648
2023-01-01 00:00:00,71.2,71.2,71.0,71.0,56.475
2023-01-01 00:30:00,71.0,71.0,70.9,70.9,35.231
2023-01-01 01:00:00,71.0,71.1,70.9,70.9,111.012
2023-01-01 01:30:00,70.9,71.0,70.8,71.0,157.581
2023-01-01 02:00:00,70.9,70.9,70.9,70.9,7.175
2023-01-01 02:30:00,70.9,71.0,70.9,70.9,24.46
2023-01-01 03:00:00,71.0,71.0,70.9,70.9,79.526
2023-01-01 03:30:00,70.9,70.9,70.7,70.9,41.873
2023-01-01 04:00:00,70.8,70.8,70.5,70.5,45.276
2023-01-01 04:30:00,70.5,70.5,70.4,70.5,132.464
2023-01-01 05:00:00,70.5,70.5,70.3,70.3,155.128
2023-01-01 05:30:00,70.3,70.4,70.3,70.3,126.446
2023-01-01 06:00:00,70.4,70.4,70.0,70.0,339.017
2023-01-01 06:30:00,70.0,70.1,69.9,69.9,177.43
2023-01-01 07:00:00,69.9,70.0,69.4,69.4,541.003
2023-01-01 07:30:00,69.4,69.5,69.3,69.5,167.064
2023-01-01 08:00:00,69.4,69.5,69.2,69.3,294.959
2023-01-01 08:30:00,69.4,69.5,69.3,69.4,115.452
2023-01-01 09:00:00,69.4,69.7,69.3,69.7,168.226
2023-01-01 09:30:00,69.8,69.8,69.7,69.7,14.24
2023-01-01 10:00:00,69.7,69.7,69.6,69.7,87.544
2023-01-01 10:30:00,69.7,69.8,69.7,69.8,113.162
2023-01-01 11:00:00,69.8,70.3,69.8,70.3,365.339
2023-01-01 11:30:00,70.3,70.3,69.8,69.8,219.134
2023-01-01 12:00:00,69.9,70.0,69.8,69.9,78.289
2023-01-01 12:30:00,69.8,69.9,69.6,69.9,92.557
2023-01-01 13:00:00,69.9,70.1,69.7,69.9,90.953
2023-01-01 13:30:00,69.8,70.0,69.8,69.9,94.524
2023-01-01 14:00:00,69.9,70.0,69.9,70.0,20.077
2023-01-01 14:30:00,69.9,70.1,69.9,70.1,141.206
2023-01-01 15:00:00,70.1,70.3,70.0,70.1,127.58
2023-01-01 15:30:00,70.1,70.2,70.0,70.2,43.677
2023-01-01 16:00:00,70.2,70.3,70.1,70.1,70.488
2023-01-01 16:30:00,70.1,70.3,68.5,69.5,1802.319
2023-01-01 17:00:00,69.7,69.7,69.3,69.6,466.716
2023-01-01 17:30:00,69.5,69.5,69.4,69.4,70.136
2023-01-01 18:00:00,69.4,69.4,69.2,69.3,208.059
2023-01-01 18:30:00,69.3,69.4,69.2,69.4,150.893
2023-01-01 19:00:00,69.4,69.4,69.3,69.4,22.297
2023-01-01 19:30:00,69.4,69.4,69.2,69.2,119.635
2023-01-01 20:00:00,69.3,69.6,69.3,69.5,106.565
2023-01-01 20:30:00,69.6,69.9,69.5,69.8,209.878
2023-01-01 21:00:00,69.7,69.8,69.6,69.8,55.184
2023-01-01 21:30:00,69.6,69.7,69.5,69.6,48.406
2023-01-01 22:00:00,69.6,69.7,69.3,69.4,128.674
2023-01-01 22:30:00,69.3,69.4,69.2,69.3,74.614
2023-01-01 23:00:00,69.3,69.4,69.2,69.4,55.499
2023-01-01 23:30:00,69.4,69.4,69.2,69.2,6.821
2023-01-02 00:00:00,69.4,69.4,68.8,68.9,436.434
2023-01-02 00:30:00,68.8,68.9,68.8,68.8,60.446
2023-01-02 01:00:00,68.8,68.8,68.4,68.8,302.99
2023-01-02 01:30:00,68.8,68.9,68.7,68.7,67.837
2023-01-02 02:00:00,68.7,69.1,68.7,69.1,442.339
2023-01-02 02:30:00,69.0,69.2,69.0,69.2,108.381
2023-01-02 03:00:00,69.1,69.8,69.1,69.4,470.978
2023-01-02 03:30:00,69.4,69.4,69.2,69.4,74.653
2023-01-02 04:00:00,69.4,69.5,69.4,69.4,56.553
2023-01-02 04:30:00,69.5,69.6,69.4,69.4,218.666
2023-01-02 05:00:00,69.4,69.8,69.4,69.7,105.034
2023-01-02 05:30:00,69.7,69.8,69.5,69.6,117.546
2023-01-02 06:00:00,69.7,69.8,69.6,69.7,71.204
2023-01-02 06:30:00,69.6,69.9,69.6,69.7,268.478
2023-01-02 07:00:00,69.8,70.6,69.7,70.5,844.437
2023-01-02 07:30:00,70.4,71.1,70.4,70.7,582.648
2023-01-02 08:00:00,70.8,71.2,70.8,71.1,216.409
2023-01-02 08:30:00,71.1,71.5,71.1,71.2,581.426
2023-01-02 09:00:00,71.1,71.8,71.1,71.7,580.942
2023-01-02 09:30:00,71.7,72.0,71.6,71.6,555.514
2023-01-02 10:00:00,71.7,72.7,71.7,72.2,1750.682
2023-01-02 10:30:00,72.2,72.4,71.7,71.7,1024.669
2023-01-02 11:00:00,71.7,71.8,71.1,71.2,892.549
2023-01-02 11:30:00,71.1,71.3,71.0,71.1,324.176
2023-01-02 12:00:00,71.1,71.3,71.0,71.3,50.256
2023-01-02 12:30:00,71.3,71.3,70.9,70.9,66.194
2023-01-02 13:00:00,71.0,71.2,71.0,71.2,33.485
2023-01-02 13:30:00,71.2,71.2,70.9,70.9,33.155
2023-01-02 14:00:00,71.0,71.1,70.8,70.9,189.988
2023-01-02 14:30:00,70.9,70.9,70.7,70.9,67.238
2023-01-02 15:00:00,70.9,71.2,70.8,71.2,181.954
2023-01-02 15:30:00,71.2,71.3,71.0,71.0,209.528
2023-01-02 16:00:00,71.0,71.0,70.9,71.0,26.334
2023-01-02 16:30:00,71.1,71.2,71.1,71.1,22.29
2023-01-02 17:00:00,71.0,71.1,71.0,71.1,18.732
2023-01-02 17:30:00,71.1,71.2,71.1,71.1,99.094
2023-01-02 18:00:00,71.1,71.2,71.1,71.1,10.392
2023-01-02 18:30:00,71.1,71.1,71.0,71.1,16.793
2023-01-02 19:00:00,71.2,71.2,71.1,71.1,83.303
2023-01-02 19:30:00,71.1,71.4,71.1,71.4,133.414
2023-01-02 20:00:00,71.4,71.5,71.2,71.4,178.731
2023-01-02 20:30:00,71.4,71.4,71.3,71.3,22.474
2023-01-02 21:00:00,71.3,71.5,71.2,71.3,32.577
2023-01-02 21:30:00,71.3,71.4,71.2,71.4,21.565
2023-01-02 22:00:00,71.4,71.4,71.3,71.3,6.265
2023-01-02 22:30:00,71.3,71.3,71.0,71.1,60.633
2023-01-02 23:00:00,71.2,71.2,70.9,71.1,50.968
2023-01-02 23:30:00,71.1,71.1,70.9,70.9,62.209
2023-01-03 00:00:00,70.9,71.1,70.7,70.7,141.013
2023-01-03 00:30:00,70.7,71.1,70.7,71.1,53.569
2023-01-03 01:00:00,71.1,71.2,70.9,70.9,140.075
2023-01-03 01:30:00,71.0,71.1,70.9,71.1,20.835
2023-01-03 02:00:00,71.1,71.2,70.7,70.9,185.448
2023-01-03 02:30:00,70.9,70.9,70.8,70.8,81.605
2023-01-03 03:00:00,70.8,70.9,70.6,70.7,252.882
2023-01-03 03:30:00,70.7,70.7,70.7,70.7,25.936
2023-01-03 04:00:00,70.6,70.7,70.5,70.6,301.098
2023-01-03 04:30:00,70.6,70.6,70.4,70.5,176.596
2023-01-03 05:00:00,70.5,70.6,70.4,70.4,81.097
2023-01-03 05:30:00,70.4,70.5,70.2,70.4,781.386
2023-01-03 06:00:00,70.3,70.5,70.1,70.4,209.697
2023-01-03 06:30:00,70.4,70.5,70.2,70.2,55.699
2023-01-03 07:00:00,70.3,70.3,70.2,70.3,61.429
2023-01-03 07:30:00,70.3,70.6,70.3,70.5,119.702
2023-01-03 08:00:00,70.6,70.6,70.4,70.5,108.165
2023-01-03 08:30:00,70.5,70.5,70.3,70.3,43.554
2023-01-03 09:00:00,70.4,70.4,70.2,70.4,36.878
2023-01-03 09:30:00,70.4,70.5,70.3,70.3,101.042
2023-01-03 10:00:00,70.4,70.4,70.2,70.2,70.378
2023-01-03 10:30:00,70.2,70.3,70.2,70.2,48.563
2023-01-03 11:00:00,70.3,70.3,70.0,70.0,159.352
2023-01-03 11:30:00,70.0,70.1,69.8,69.8,266.215
2023-01-03 12:00:00,69.8,69.8,69.4,69.6,695.1
2023-01-03 12:30:00,69.6,69.8,69.6,69.8,168.896
2023-01-03 13:00:00,69.8,69.9,69.7,69.9,39.518
2023-01-03 13:30:00,69.9,70.1,69.9,70.0,116.565
2023-01-03 14:00:00,70.0,70.1,70.0,70.0,62.017
2023-01-03 14:30:00,70.1,70.1,69.6,69.6,341.992
2023-01-03 15:00:00,69.6,69.7,69.4,69.5,121.136
2023-01-03 15:30:00,69.4,70.0,69.4,69.8,288.271
2023-01-03 16:00:00,69.8,70.5,69.8,70.1,364.267
2023-01-03 16:30:00,70.1,70.1,69.7,69.7,60.378
2023-01-03 17:00:00,69.7,69.7,69.6,69.6,153.706
2023-01-03 17:30:00,69.7,69.8,69.7,69.7,14.432
2023-01-03 18:00:00,69.8,69.8,69.7,69.8,23.953
2023-01-03 18:30:00,69.8,69.9,69.8,69.8,27.17
2023-01-03 19:00:00,69.8,69.8,69.7,69.7,12.125
2023-01-03 19:30:00,69.7,69.7,69.6,69.6,155.702
2023-01-03 20:00:00,69.6,69.6,69.5,69.6,73.858
2023-01-03 20:30:00,69.5,69.6,69.5,69.6,137.597
2023-01-03 21:00:00,69.5,69.6,69.4,69.5,346.875
2023-01-03 21:30:00,69.5,69.6,69.5,69.5,22.76
2023-01-03 22:00:00,69.5,69.6,69.4,69.4,22.903
2023-01-03 22:30:00,69.4,69.5,69.3,69.4,28.651
2023-01-03 23:00:00,69.5,69.5,69.5,69.5,14.701
2023-01-03 23:30:00,69.5,69.5,69.2,69.4,394.482
2023-01-04 00:00:00,69.3,69.5,69.1,69.5,241.337
2023-01-04 00:30:00,69.4,69.4,69.3,69.4,27.562
2023-01-04 01:00:00,69.3,69.9,69.3,69.8,362.676
2023-01-04 01:30:00,69.8,70.0,69.8,69.8,280.434
2023-01-04 02:00:00,69.8,69.9,69.8,69.9,34.428
2023-01-04 02:30:00,69.9,70.3,69.9,70.2,261.153
2023-01-04 03:00:00,70.2,70.6,70.1,70.5,504.507
2023-01-04 03:30:00,70.5,71.0,70.5,70.9,258.974
2023-01-04 04:00:00,71.0,71.2,70.7,70.7,252.006
2023-01-04 04:30:00,70.8,71.0,70.7,70.9,282.327
2023-01-04 05:00:00,70.9,70.9,70.7,70.8,830.248
2023-01-04 05:30:00,70.7,70.8,70.5,70.5,295.891
2023-01-04 06:00:00,70.6,71.0,70.5,71.0,290.964
2023-01-04 06:30:00,71.0,71.0,70.8,70.9,47.238
2023-01-04 07:00:00,70.9,71.0,70.8,70.9,73.851
2023-01-04 07:30:00,70.9,70.9,70.8,70.8,26.964
2023-01-04 08:00:00,70.9,70.9,70.8,70.8,61.155
2023-01-04 08:30:00,70.8,70.8,70.7,70.7,32.153
2023-01-04 09:00:00,70.7,70.8,70.7,70.7,36.679
2023-01-04 09:30:00,70.8,70.8,70.7,70.8,67.354
2023-01-04 10:00:00,70.8,70.9,70.7,70.7,37.53
2023-01-04 10:30:00,70.8,70.8,70.7,70.7,33.213
2023-01-04 11:00:00,70.8,70.8,70.6,70.8,119.974
2023-01-04 11:30:00,70.7,70.9,70.7,70.9,274.393
2023-01-04 12:00:00,70.9,71.2,70.9,71.2,465.771
2023-01-04 12:30:00,71.1,71.1,70.8,70.8,113.56
2023-01-04 13:00:00,70.8,70.9,70.8,70.9,37.677
2023-01-04 13:30:00,70.8,71.0,70.8,71.0,48.172
2023-01-04 14:00:00,71.0,71.2,70.9,71.1,164.336
2023-01-04 14:30:00,71.1,71.5,71.1,71.4,763.427
2023-01-04 15:00:00,71.3,71.3,70.6,71.1,695.495
2023-01-04 15:30:00,71.2,71.2,70.9,70.9,116.938
2023-01-04 16:00:00,70.9,71.0,70.7,70.7,277.502
2023-01-04 16:30:00,70.8,70.8,70.7,70.7,193.844
2023-01-04 17:00:00,70.8,70.8,70.4,70.6,179.387
2023-01-04 17:30:00,70.6,70.7,70.1,70.3,405.337
2023-01-04 18:00:00,70.3,70.3,69.7,69.7,907.244
2023-01-04 18:30:00,69.8,69.8,69.5,69.6,436.002
2023-01-04 19:00:00,69.5,69.6,69.1,69.3,873.069
2023-01-04 19:30:00,69.4,69.5,69.3,69.5,140.342
2023-01-04 20:00:00,69.5,69.7,69.4,69.5,117.162
2023-01-04 20:30:00,69.5,69.6,69.4,69.6,288.135
2023-01-04 21:00:00,69.6,69.8,69.6,69.7,137.652
2023-01-04 21:30:00,69.8,69.8,69.7,69.8,45.436
2023-01-04 22:00:00,69.8,69.8,69.7,69.7,27.55
2023-01-04 22:30:00,69.7,70.0,69.6,69.6,240.289
2023-01-04 23:00:00,69.8,69.8,69.7,69.8,78.72
2023-01-04 23:30:00,69.8,70.2,69.8,70.0,146.766
2023-01-05 00:00:00,70.0,70.5,69.9,70.4,544.687
2023-01-05 00:30:00,70.4,70.4,70.1,70.2,565.963
2023-01-05 01:00:00,70.2,70.2,70.1,70.1,95.292
2023-01-05 01:30:00,70.2,70.8,70.2,70.7,258.601
2023-01-05 02:00:00,70.6,70.7,70.5,70.5,62.513
2023-01-05 02:30:00,70.5,70.5,70.4,70.4,71.091
2023-01-05 03:00:00,70.4,70.6,70.4,70.5,53.801
2023-01-05 03:30:00,70.5,70.7,70.5,70.5,156.194
2023-01-05 04:00:00,70.5,70.6,70.4,70.6,34.721
2023-01-05 04:30:00,70.6,70.6,70.5,70.5,43.004
2023-01-05 05:00:00,70.5,70.8,70.5,70.7,48.879
2023-01-05 05:30:00,70.6,70.7,70.5,70.5,8.869
2023-01-05 06:00:00,70.5,70.6,70.3,70.4,245.263
2023-01-05 06:30:00,70.3,70.4,70.2,70.2,61.512
2023-01-05 07:00:00,70.3,70.3,69.3,69.3,758.497
2023-01-05 07:30:00,69.4,69.7,69.4,69.6,615.426
2023-01-05 08:00:00,69.7,69.7,69.5,69.7,248.59
2023-01-05 08:30:00,69.7,69.8,69.5,69.7,220.958
2023-01-05 09:00:00,69.8,69.9,69.4,69.6,870.752
2023-01-05 09:30:00,69.6,69.7,69.5,69.5,117.379
2023-01-05 10:00:00,69.5,69.8,69.5,69.8,275.272
2023-01-05 10:30:00,69.8,69.9,69.5,69.5,604.313
2023-01-05 11:00:00,69.5,69.6,69.5,69.6,105.154
2023-01-05 11:30:00,69.7,69.8,69.6,69.7,191.725
2023-01-05 12:00:00,69.7,69.8,69.4,69.5,214.142
2023-01-05 12:30:00,69.4,69.7,69.3,69.7,165.502
2023-01-05 13:00:00,69.6,69.7,69.5,69.6,120.307
2023-01-05 13:30:00,69.6,69.8,69.4,69.6,187.019
2023-01-05 14:00:00,69.7,69.7,69.5,69.6,170.382
2023-01-05 14:30:00,69.7,69.7,69.4,69.6,162.858
2023-01-05 15:00:00,69.7,69.7,69.2,69.3,312.446
2023-01-05 15:30:00,69.2,69.5,68.8,68.9,1700.382
2023-01-05 16:00:00,69.0,69.0,68.8,69.0,123.466
2023-01-05 16:30:00,69.0,69.2,69.0,69.1,103.222
2023-01-05 17:00:00,69.1,69.1,69.0,69.0,25.705
2023-01-05 17:30:00,69.1,69.1,69.0,69.0,20.314
2023-01-05 18:00:00,69.0,69.1,68.1,68.6,989.191
2023-01-05 18:30:00,68.6,68.7,68.0,68.5,1194.54
2023-01-05 19:00:00,68.5,68.6,68.4,68.6,233.225
2023-01-05 19:30:00,68.6,68.6,68.5,68.6,46.612
2023-01-05 20:00:00,68.5,68.7,68.4,68.7,261.056
2023-01-05 20:30:00,68.7,68.7,68.6,68.6,45.601
2023-01-05 21:00:00,68.7,69.2,68.7,68.9,334.886
2023-01-05 21:30:00,68.9,69.2,68.8,69.0,338.956
2023-01-05 22:00:00,69.0,69.0,68.8,68.9,85.72
2023-01-05 22:30:00,69.0,69.0,68.9,68.9,26.844
2023-01-05 23:00:00,68.8,69.0,68.8,68.9,25.07
2023-01-05 23:30:00,68.8,69.2,68.8,69.0,546.954
2023-01-06 00:00:00,69.2,69.2,68.8,69.0,143.403
2023-01-06 00:30:00,69.1,69.1,69.0,69.1,40.846
2023-01-06 01:00:00,69.2,69.3,69.1,69.3,314.067
2023-01-06 01:30:00,69.3,69.3,69.1,69.1,25.064
2023-01-06 02:00:00,69.1,69.1,69.1,69.1,10.438
2023-01-06 02:30:00,69.1,69.1,69.0,69.1,12.257
2023-01-06 03:00:00,69.0,69.0,68.5,68.6,859.919
2023-01-06 03:30:00,68.6,68.7,68.4,68.4,371.987
2023-01-06 04:00:00,68.4,68.4,67.8,67.9,1787.61
2023-01-06 04:30:00,67.8,67.8,67.4,67.5,521.982
2023-01-06 05:00:00,67.6,67.9,67.5,67.8,292.86
2023-01-06 05:30:00,67.7,67.7,67.2,67.4,556.389
2023-01-06 06:00:00,67.3,67.5,67.2,67.3,219.216
2023-01-06 06:30:00,67.2,67.2,65.6,65.7,3129.69
2023-01-06 07:00:00,65.8,65.9,65.4,65.7,983.19
2023-01-06 07:30:00,65.8,65.8,65.3,65.8,1707.852
2023-01-06 08:00:00,65.7,69.4,65.7,66.7,5706.818
2023-01-06 08:30:00,66.7,66.7,66.3,66.4,1064.955
2023-01-06 09:00:00,66.4,66.4,66.0,66.3,587.604
2023-01-06 09:30:00,66.3,66.3,65.8,65.9,385.806
2023-01-06 10:00:00,66.0,66.1,65.7,65.7,313.964
2023-01-06 10:30:00,65.7,65.8,65.4,65.4,399.117
2023-01-06 11:00:00,65.4,65.6,64.5,64.5,4171.552
2023-01-06 11:30:00,64.7,64.7,63.6,63.8,2980.783
2023-01-06 12:00:00,63.8,64.0,63.4,63.6,952.133
2023-01-06 12:30:00,63.6,63.6,62.1,62.5,3970.175
2023-01-06 13:00:00,62.5,62.9,60.2,60.9,4559.704
2023-01-06 13:30:00,60.9,61.4,57.3,58.5,35945.806
2023-01-06 14:00:00,58.5,59.4,58.5,58.8,4100.053
2023-01-06 14:30:00,58.8,59.1,57.7,58.0,5334.557
2023-01-06 15:00:00,58.0,59.0,58.0,58.6,4036.184
2023-01-06 15:30:00,58.5,59.8,58.5,59.2,3290.006
2023-01-06 16:00:00,59.3,59.3,57.8,58.0,4466.332
2023-01-06 16:30:00,57.9,59.0,57.5,59.0,3081.998
2023-01-06 17:00:00,59.0,59.0,58.8,58.9,570.918
2023-01-06 17:30:00,58.9,59.0,58.9,58.9,270.651
2023-01-06 18:00:00,58.9,59.0,58.0,58.6,1157.523
2023-01-06 18:30:00,58.6,59.1,58.4,59.1,1406.355
2023-01-06 19:00:00,59.1,59.1,58.5,58.7,1068.807
2023-01-06 19:30:00,58.6,59.0,58.5,58.9,746.202
2023-01-06 20:00:00,58.9,59.0,58.5,58.5,2006.929
2023-01-06 20:30:00,58.6,58.8,58.5,58.8,458.128
2023-01-06 21:00:00,58.8,58.8,58.4,58.6,657.03
2023-01-06 21:30:00,58.6,59.0,58.5,58.9,716.897
2023-01-06 22:00:00,58.8,58.9,58.7,58.7,1071.219
2023-01-06 22:30:00,58.7,58.9,58.4,58.6,1219.633
2023-01-06 23:00:00,58.5,59.9,58.5,59.6,2466.588
2023-01-06 23:30:00,59.5,59.6,59.2,59.2,541.858
2023-01-07 00:00:00,59.2,59.7,58.9,59.7,3306.87
2023-01-07 00:30:00,59.7,61.3,59.7,61.0,4343.782
2023-01-07 01:00:00,61.0,61.1,60.4,60.4,1354.886
2023-01-07 01:30:00,60.4,60.8,60.2,60.5,829.32
2023-01-07 02:00:00,60.5,60.9,60.5,60.5,717.596
2023-01-07 02:30:00,60.5,61.1,60.5,60.9,556.396
2023-01-07 03:00:00,61.0,62.0,60.9,61.5,1996.197
2023-01-07 03:30:00,61.5,61.8,61.3,61.7,620.172
2023-01-07 04:00:00,61.7,61.7,61.1,61.2,507.619
2023-01-07 04:30:00,61.1,61.2,60.9,60.9,579.794
2023-01-07 05:00:00,60.9,60.9,60.3,60.5,2034.582
2023-01-07 05:30:00,60.5,60.7,60.5,60.6,257.994
2023-01-07 06:00:00,60.6,60.6,60.4,60.4,254.51
2023-01-07 06:30:00,60.5,60.6,60.5,60.6,357.663
2023-01-07 07:00:00,60.6,60.6,60.5,60.6,278.05
2023-01-07 07:30:00,60.5,60.7,60.5,60.6,496.498
2023-01-07 08:00:00,60.5,60.6,59.2,59.5,2360.696
2023-01-07 08:30:00,59.5,59.7,59.5,59.6,622.506
2023-01-07 09:00:00,59.5,59.8,59.5,59.8,461.733
2023-01-07 09:30:00,59.8,59.8,59.7,59.7,735.709
2023-01-07 10:00:00,59.6,59.6,59.0,59.6,2006.658
2023-01-07 10:30:00,59.6,60.2,59.5,60.2,1632.6
2023-01-07 11:00:00,60.3,60.4,60.0,60.2,1671.008
2023-01-07 11:30:00,60.1,60.2,60.0,60.0,923.556
2023-01-07 12:00:00,60.0,60.0,59.7,59.9,1226.489
2023-01-07 12:30:00,59.9,59.9,59.7,59.8,569.307
2023-01-07 13:00:00,59.8,60.0,59.7,59.8,630.345
2023-01-07 13:30:00,59.7,59.8,59.5,59.6,346.994
2023-01-07 14:00:00,59.5,59.6,59.3,59.5,605.447
2023-01-07 14:30:00,59.5,59.7,59.4,59.4,447.459
2023-01-07 15:00:00,59.4,59.8,59.4,59.8,824.04
2023-01-07 15:30:00,59.7,60.1,59.7,59.9,813.241
2023-01-07 16:00:00,59.9,60.3,59.7,60.1,898.955
2023-01-07 16:30:00,60.1,60.1,59.7,59.8,351.324
2023-01-07 17:00:00,59.8,59.8,59.5,59.5,271.731
2023-01-07 17:30:00,59.5,59.6,59.5,59.5,486.549
2023-01-07 18:00:00,59.5,59.7,59.5,59.7,137.998
2023-01-07 18:30:00,59.6,59.8,59.5,59.5,320.793
2023-01-07 19:00:00,59.5,59.7,59.5,59.7,188.808
2023-01-07 19:30:00,59.7,59.8,59.6,59.7,188.582
2023-01-07 20:00:00,59.7,59.7,59.6,59.7,79.858
2023-01-07 20:30:00,59.7,59.7,59.4,59.5,466.975
2023-01-07 21:00:00,59.5,59.5,59.2,59.2,369.046
2023-01-07 21:30:00,59.3,59.4,59.2,59.3,136.246
2023-01-07 22:00:00,59.3,59.4,59.0,59.1,322.45
2023-01-07 22:30:00,59.0,59.0,58.4,58.6,1481.457
2023-01-07 23:00:00,58.6,58.8,58.6,58.8,199.768
2023-01-07 23:30:00,58.8,59.1,58.7,58.9,208.252
2023-01-08 00:00:00,59.0,59.2,59.0,59.1,293.423
2023-01-08 00:30:00,59.0,59.0,58.5,58.7,371.62
2023-01-08 01:00:00,58.7,58.9,58.6,58.8,264.289
2023-01-08 01:30:00,58.8,58.8,58.7,58.7,57.549
2023-01-08 02:00:00,58.7,58.8,58.6,58.6,130.07
2023-01-08 02:30:00,58.6,58.7,58.6,58.7,79.742
2023-01-08 03:00:00,58.7,58.8,58.5,58.6,113.304
2023-01-08 03:30:00,58.6,58.6,58.2,58.4,908.176
2023-01-08 04:00:00,58.4,58.6,58.4,58.6,208.297
2023-01-08 04:30:00,58.6,58.8,58.6,58.8,200.976
2023-01-08 05:00:00,58.8,59.6,58.8,59.6,1643.594
2023-01-08 05:30:00,59.7,60.0,59.6,59.7,885.191
2023-01-08 06:00:00,59.8,60.2,59.7,59.9,1677.395
2023-01-08 06:30:00,59.9,60.1,59.7,59.8,1064.042
2023-01-08 07:00:00,59.8,59.9,59.6,59.7,349.27
2023-01-08 07:30:00,59.8,59.8,59.6,59.7,261.864
2023-01-08 08:00:00,59.6,60.2,59.6,60.1,749.267
2023-01-08 08:30:00,60.1,60.2,59.7,60.0,360.961
2023-01-08 09:00:00,60.1,60.1,59.8,60.1,356.009
2023-01-08 09:30:00,60.2,60.5,60.0,60.1,970.053
2023-01-08 10:00:00,60.1,60.2,60.0,60.0,94.702
2023-01-08 10:30:00,60.1,60.2,59.9,59.9,336.594
2023-01-08 11:00:00,59.9,60.1,59.9,60.0,372.867
2023-01-08 11:30:00,60.0,60.4,60.0,60.1,431.842
2023-01-08 12:00:00,60.1,60.1,59.5,59.7,802.127
2023-01-08 12:30:00,59.7,59.8,59.6,59.6,281.749
2023-01-08 13:00:00,59.6,59.7,59.5,59.7,211.181
2023-01-08 13:30:00,59.6,59.8,59.5,59.8,567.339
2023-01-08 14:00:00,59.8,60.1,59.7,59.9,525.167
2023-01-08 14:30:00,59.9,60.3,59.8,60.2,1109.091
2023-01-08 15:00:00,60.3,60.4,60.0,60.2,885.991
2023-01-08 15:30:00,60.2,60.3,60.1,60.2,894.314
2023-01-08 16:00:00,60.3,60.4,59.8,59.8,311.939
2023-01-08 16:30:00,59.8,60.0,59.8,59.9,132.297
2023-01-08 17:00:00,59.9,60.2,59.9,60.2,110.368
2023-01-08 17:30:00,60.2,60.3,59.9,59.9,275.74
2023-01-08 18:00:00,59.9,60.0,59.8,60.0,171.906
2023-01-08 18:30:00,59.9,60.0,59.8,59.9,502.126
2023-01-08 19:00:00,59.9,60.3,59.9,60.3,1180.845
2023-01-08 19:30:00,60.3,60.4,60.1,60.3,1177.756
2023-01-08 20:00:00,60.2,61.1,60.2,60.5,1899.849
2023-01-08 20:30:00,60.5,60.9,60.4,60.7,545.195
2023-01-08 21:00:00,60.7,61.1,60.7,61.0,663.968
2023-01-08 21:30:00,60.9,61.4,60.8,61.0,1215.987
2023-01-08 22:00:00,60.9,61.1,60.8,60.8,365.089
2023-01-08 22:30:00,60.9,60.9,60.5,60.6,379.325
2023-01-08 23:00:00,60.7,61.2,60.4,60.8,675.986
2023-01-08 23:30:00,60.8,61.1,60.6,60.9,375.785
2023-01-09 00:00:00,61.0,61.4,61.0,61.2,1316.293
2023-01-09 00:30:00,61.2,61.5,61.2,61.4,321.57
2023-01-09 01:00:00,61.4,61.5,61.3,61.4,146.451
2023-01-09 01:30:00,61.5,62.0,61.4,61.8,1328.584
2023-01-09 02:00:00,61.8,62.5,61.4,62.3,2117.14
2023-01-09 02:30:00,62.4,62.6,61.9,61.9,1326.268
2023-01-09 03:00:00,62.0,62.2,61.7,62.0,1120.942
2023-01-09 03:30:00,62.1,62.6,62.1,62.6,759.549
2023-01-09 04:00:00,62.6,62.8,62.3,62.4,868.41
2023-01-09 04:30:00,62.4,66.3,62.2,64.5,9486.73
2023-01-09 05:00:00,64.5,65.1,64.2,64.7,1319.821
2023-01-09 05:30:00,64.7,64.7,63.8,63.9,948.727
2023-01-09 06:00:00,63.9,64.0,63.5,63.9,874.662
2023-01-09 06:30:00,64.0,64.0,63.5,63.5,541.387
2023-01-09 07:00:00,63.5,63.5,63.0,63.4,794.816
2023-01-09 07:30:00,63.5,63.9,63.5,63.7,473.2
2023-01-09 08:00:00,63.8,64.0,63.1,63.2,789.308
2023-01-09 08:30:00,63.2,63.3,63.1,63.1,216.519
2023-01-09 09:00:00,63.1,63.7,63.1,63.7,487.595
2023-01-09 09:30:00,63.7,63.9,63.4,63.4,446.83
2023-01-09 10:00:00,63.4,66.8,63.4,66.5,8626.533
2023-01-09 10:30:00,66.4,72.8,66.4,69.1,34389.922
2023-01-09 11:00:00,69.1,71.8,68.6,71.4,14040.352
2023-01-09 11:30:00,71.3,73.3,69.7,70.5,11449.227
2023-01-09 12:00:00,70.5,71.7,70.0,71.1,4777.652
2023-01-09 12:30:00,71.1,72.1,71.0,71.4,3183.32
2023-01-09 13:00:00,71.4,71.6,70.2,70.5,2184.19
2023-01-09 13:30:00,70.6,72.0,70.3,71.0,4623.086
2023-01-09 14:00:00,71.0,72.9,70.6,72.5,4183.408
2023-01-09 14:30:00,72.7,73.3,70.9,72.1,5346.307
2023-01-09 15:00:00,72.2,73.0,72.0,72.2,2926.137
2023-01-09 15:30:00,72.1,72.5,71.3,71.6,2460.366
2023-01-09 16:00:00,71.6,71.9,70.5,71.3,3210.125
2023-01-09 16:30:00,71.3,72.0,70.5,71.0,6319.553
2023-01-09 17:00:00,70.9,71.3,70.5,70.8,3454.746
2023-01-09 17:30:00,70.9,71.4,70.8,71.3,865.244
2023-01-09 18:00:00,71.3,72.4,71.1,71.5,3035.767
2023-01-09 18:30:00,71.5,71.7,71.0,71.4,700.678
2023-01-09 19:00:00,71.5,72.5,71.5,72.2,1631.75
2023-01-09 19:30:00,72.3,73.6,71.0,71.2,4105.534
2023-01-09 20:00:00,71.0,71.7,70.6,70.9,1700.023
2023-01-09 20:30:00,70.8,71.1,69.2,69.9,4186.748
2023-01-09 21:00:00,70.1,70.5,70.1,70.4,529.71
2023-01-09 21:30:00,70.3,70.4,69.6,69.7,1008.928
2023-01-09 22:00:00,69.8,70.1,69.6,69.9,189.42
2023-01-09 22:30:00,69.9,70.0,69.5,69.7,430.201
2023-01-09 23:00:00,69.7,69.8,68.9,69.1,1454.896
2023-01-09 23:30:00,69.0,69.2,68.7,69.0,1164.065
2023-01-10 00:00:00,69.1,70.2,69.0,70.0,1462.915
2023-01-10 00:30:00,70.0,70.0,69.0,69.5,1142.583
2023-01-10 01:00:00,69.5,69.5,67.9,68.5,3287.095
2023-01-10 01:30:00,68.4,68.6,68.0,68.1,930.132
2023-01-10 02:00:00,68.1,68.9,68.1,68.3,2244.29
2023-01-10 02:30:00,68.3,68.3,66.5,67.0,4637.803
2023-01-10 03:00:00,67.0,67.6,66.9,67.4,711.987
2023-01-10 03:30:00,67.3,68.3,67.3,68.3,1037.888
2023-01-10 04:00:00,68.3,68.4,67.6,67.7,559.021
2023-01-10 04:30:00,67.6,69.4,67.6,68.9,2944.666
2023-01-10 05:00:00,69.0,69.0,68.4,68.5,1252.983
2023-01-10 05:30:00,68.5,69.4,68.5,69.4,716.383
2023-01-10 06:00:00,69.4,70.7,69.3,69.5,2207.763
2023-01-10 06:30:00,69.5,69.8,69.2,69.3,1337.465
2023-01-10 07:00:00,69.4,69.4,68.9,69.0,919.822
2023-01-10 07:30:00,69.0,69.3,68.9,69.0,229.761
2023-01-10 08:00:00,69.0,69.7,68.7,69.5,934.477
2023-01-10 08:30:00,69.4,69.4,69.0,69.1,568.301
2023-01-10 09:00:00,69.2,70.0,69.0,69.7,2259.947
2023-01-10 09:30:00,69.8,69.8,69.0,69.5,1423.787
2023-01-10 10:00:00,69.5,69.7,69.4,69.5,200.779
2023-01-10 10:30:00,69.6,69.9,69.5,69.8,559.806
2023-01-10 11:00:00,69.9,70.2,69.6,70.0,1256.372
2023-01-10 11:30:00,69.9,70.0,69.3,69.6,771.438
2023-01-10 12:00:00,69.7,69.9,69.3,69.4,304.765
2023-01-10 12:30:00,69.4,69.7,69.3,69.4,274.182
2023-01-10 13:00:00,69.5,69.9,69.4,69.9,509.085
2023-01-10 13:30:00,69.9,69.9,69.4,69.8,515.508
2023-01-10 14:00:00,69.9,70.3,69.6,69.8,1176.991
2023-01-10 14:30:00,70.0,70.0,69.2,69.6,738.419
2023-01-10 15:00:00,69.7,70.1,69.7,70.0,973.566
2023-01-10 15:30:00,69.9,70.3,69.8,70.1,797.671
2023-01-10 16:00:00,70.2,70.8,70.1,70.5,1640.002
2023-01-10 16:30:00,70.6,70.6,70.0,70.3,940.258
2023-01-10 17:00:00,70.4,70.6,70.1,70.2,685.692
2023-01-10 17:30:00,70.2,70.6,70.1,70.4,168.416
2023-01-10 18:00:00,70.4,70.4,70.0,70.1,209.89
2023-01-10 18:30:00,70.2,70.5,70.1,70.4,232.225
2023-01-10 19:00:00,70.4,70.8,70.4,70.6,309.923
2023-01-10 19:30:00,70.6,71.5,70.4,71.5,696.389
2023-01-10 20:00:00,71.5,71.9,71.1,71.3,774.601
2023-01-10 20:30:00,71.3,72.0,71.1,71.7,564.824
2023-01-10 21:00:00,71.8,72.2,71.2,71.5,1041.356
2023-01-10 21:30:00,71.5,72.2,71.5,72.0,457.702
2023-01-10 22:00:00,72.0,72.0,70.8,71.1,1061.718
2023-01-10 22:30:00,71.1,71.4,70.2,70.8,878.756
2023-01-10 23:00:00,70.9,71.6,70.9,71.5,2007.425
2023-01-10 23:30:00,71.5,71.7,71.0,71.1,269.681
2023-01-11 00:00:00,71.2,71.5,70.8,71.4,514.392
2023-01-11 00:30:00,71.5,71.6,71.2,71.4,486.848
2023-01-11 01:00:00,71.5,71.8,71.2,71.3,807.193
2023-01-11 01:30:00,71.4,71.6,70.8,71.4,754.076
2023-01-11 02:00:00,71.4,71.4,70.7,71.0,407.076
2023-01-11 02:30:00,71.1,71.3,70.4,70.5,1409.457
2023-01-11 03:00:00,70.5,70.7,69.4,70.1,2670.311
2023-01-11 03:30:00,70.1,70.5,70.1,70.3,459.808
2023-01-11 04:00:00,70.3,70.5,70.2,70.3,1133.185
2023-01-11 04:30:00,70.3,70.3,69.8,70.2,466.776
2023-01-11 05:00:00,70.3,70.9,70.2,70.9,1107.996
2023-01-11 05:30:00,70.8,71.3,70.8,71.1,817.621
2023-01-11 06:00:00,71.1,71.7,71.1,71.4,763.16
2023-01-11 06:30:00,71.4,72.1,71.3,72.0,678.67
2023-01-11 07:00:00,72.0,74.6,71.6,74.1,6024.646
2023-01-11 07:30:00,74.0,75.6,73.4,74.8,8034.558
2023-01-11 08:00:00,74.8,76.0,74.3,74.9,5122.354
2023-01-11 08:30:00,74.8,76.0,74.3,75.3,5026.548
2023-01-11 09:00:00,75.2,75.2,74.3,74.7,1405.084
2023-01-11 09:30:00,74.8,77.1,74.6,75.7,4958.504
2023-01-11 10:00:00,75.9,77.4,75.4,77.0,4009.918
2023-01-11 10:30:00,77.0,77.2,76.3,76.6,2619.449
2023-01-11 11:00:00,76.5,77.5,76.3,77.3,3502.198
2023-01-11 11:30:00,77.3,77.5,76.2,76.2,4571.411
2023-01-11 12:00:00,76.3,76.3,74.8,75.3,6385.328
2023-01-11 12:30:00,75.2,75.3,74.2,74.9,3295.291
2023-01-11 13:00:00,75.0,75.9,74.7,74.7,3727.253
2023-01-11 13:30:00,74.8,75.0,72.8,74.1,8387.937
2023-01-11 14:00:00,74.1,74.1,72.8,73.2,3334.284
2023-01-11 14:30:00,73.3,73.6,72.7,73.3,1522.967
2023-01-11 15:00:00,73.2,73.8,72.8,72.8,1609.511
2023-01-11 15:30:00,72.8,72.9,71.1,71.2,3782.093
2023-01-11 16:00:00,71.2,71.6,70.8,70.9,1662.044
2023-01-11 16:30:00,70.8,71.1,70.3,70.3,1333.179
2023-01-11 17:00:00,70.4,71.1,70.3,70.9,1279.617
2023-01-11 17:30:00,70.9,71.0,70.5,71.0,425.766
2023-01-11 18:00:00,70.9,72.0,70.7,71.4,1912.882
2023-01-11 18:30:00,71.3,71.6,71.1,71.2,682.343
2023-01-11 19:00:00,71.1,71.7,71.1,71.5,668.937
2023-01-11 19:30:00,71.6,71.6,71.2,71.6,384.427
2023-01-11 20:00:00,71.7,71.9,71.4,71.5,550.314
2023-01-11 20:30:00,71.5,71.7,71.2,71.3,344.306
2023-01-11 21:00:00,71.4,71.4,71.0,71.2,215.954
2023-01-11 21:30:00,71.1,71.2,71.0,71.1,365.817
2023-01-11 22:00:00,71.0,71.2,70.7,71.0,660.365
2023-01-11 22:30:00,71.1,71.7,71.1,71.6,625.523
2023-01-11 23:00:00,71.6,72.4,71.6,72.2,860.559
2023-01-11 23:30:00,72.2,72.8,72.2,72.7,1030.026
2023-01-12 00:00:00,72.8,73.0,72.3,72.5,1214.283
2023-01-12 00:30:00,72.7,73.2,72.5,73.2,592.154
2023-01-12 01:00:00,73.2,73.4,72.9,73.3,679.869
2023-01-12 01:30:00,73.2,73.3,72.6,73.2,850.859
2023-01-12 02:00:00,73.1,73.8,73.0,73.7,980.457
2023-01-12 02:30:00,73.7,74.2,73.3,73.7,1237.407
2023-01-12 03:00:00,73.7,74.5,73.6,73.9,975.521
2023-01-12 03:30:00,73.9,74.4,73.7,73.9,623.029
2023-01-12 04:00:00,74.0,74.0,73.4,73.4,398.085
2023-01-12 04:30:00,73.4,73.6,73.3,73.3,323.99
2023-01-12 05:00:00,73.3,73.5,72.8,72.8,404.075
2023-01-12 05:30:00,72.9,73.0,71.7,71.9,2544.65
2023-01-12 06:00:00,72.0,72.4,71.8,72.4,346.375
2023-01-12 06:30:00,72.4,72.8,72.4,72.5,590.776
2023-01-12 07:00:00,72.6,73.2,72.5,73.2,787.023
2023-01-12 07:30:00,73.1,73.2,72.6,72.9,1286.44
2023-01-12 08:00:00,72.9,73.0,72.4,72.4,1465.361
2023-01-12 08:30:00,72.4,72.5,71.4,71.9,2709.421
2023-01-12 09:00:00,71.9,72.1,71.6,71.6,164.171
2023-01-12 09:30:00,71.6,72.1,71.6,71.9,670.076
2023-01-12 10:00:00,71.8,71.8,71.0,71.7,957.117
2023-01-12 10:30:00,71.6,71.8,71.1,71.4,922.621
2023-01-12 11:00:00,71.4,71.6,71.1,71.2,415.968
2023-01-12 11:30:00,71.1,71.9,71.1,71.7,752.555
2023-01-12 12:00:00,71.7,72.1,71.6,71.7,247.524
2023-01-12 12:30:00,71.7,71.9,71.2,71.7,354.698
2023-01-12 13:00:00,71.8,71.8,70.5,71.1,1616.415
2023-01-12 13:30:00,71.0,72.8,70.4,72.6,3247.069
2023-01-12 14:00:00,72.6,72.9,71.4,71.5,1562.555
2023-01-12 14:30:00,71.6,71.6,70.6,70.9,991.829
2023-01-12 15:00:00,71.0,71.2,70.9,71.0,483.954
2023-01-12 15:30:00,70.9,71.4,70.9,71.4,245.339
2023-01-12 16:00:00,71.4,72.1,71.4,72.0,726.242
2023-01-12 16:30:00,72.0,72.2,71.6,72.0,268.703
2023-01-12 17:00:00,72.0,72.5,71.8,72.4,634.642
2023-01-12 17:30:00,72.4,72.7,72.0,72.4,1099.092
2023-01-12 18:00:00,72.5,72.8,72.2,72.4,1013.691
2023-01-12 18:30:00,72.3,73.2,72.3,73.0,887.844
2023-01-12 19:00:00,73.1,73.4,72.6,73.3,685.656
2023-01-12 19:30:00,73.3,73.4,72.5,73.0,950.802
2023-01-12 20:00:00,73.0,73.7,72.8,73.6,1011.019
2023-01-12 20:30:00,73.5,73.7,73.4,73.6,534.115
2023-01-12 21:00:00,73.7,73.7,72.4,73.0,1741.535
2023-01-12 21:30:00,73.0,73.3,72.9,73.0,225.227
2023-01-12 22:00:00,73.0,73.1,72.2,72.6,711.488
2023-01-12 22:30:00,72.7,73.1,72.6,72.9,197.691
2023-01-12 23:00:00,73.0,73.2,72.8,72.8,242.5
2023-01-12 23:30:00,72.9,72.9,72.5,72.6,215.719
2023-01-13 00:00:00,72.7,72.9,72.5,72.9,397.052
2023-01-13 00:30:00,72.9,73.0,72.4,72.5,98.905
2023-01-13 01:00:00,72.6,72.6,71.9,72.0,914.517
2023-01-13 01:30:00,71.9,72.3,71.9,72.0,1407.222
2023-01-13 02:00:00,72.0,72.4,72.0,72.1,224.693
2023-01-13 02:30:00,72.1,72.5,72.0,72.5,168.111
2023-01-13 03:00:00,72.5,72.7,72.4,72.5,201.425
2023-01-13 03:30:00,72.5,72.7,72.3,72.7,377.158
2023-01-13 04:00:00,72.6,73.1,72.6,72.9,607.761
2023-01-13 04:30:00,72.9,73.0,72.9,72.9,45.362
2023-01-13 05:00:00,72.8,73.0,72.6,72.8,316.357
2023-01-13 05:30:00,72.8,72.8,72.3,72.3,663.898
2023-01-13 06:00:00,72.4,72.7,72.2,72.6,513.996
2023-01-13 06:30:00,72.7,72.9,72.5,72.6,337.544
2023-01-13 07:00:00,72.7,72.7,72.2,72.2,134.602
2023-01-13 07:30:00,72.3,72.5,72.0,72.4,274.376
2023-01-13 08:00:00,72.5,73.2,72.3,73.0,847.946
2023-01-13 08:30:00,73.0,73.0,72.5,72.8,275.864
2023-01-13 09:00:00,72.9,73.6,72.8,73.5,843.933
2023-01-13 09:30:00,73.4,73.8,73.1,73.4,702.95
2023-01-13 10:00:00,73.4,73.4,72.6,72.6,571.873
2023-01-13 10:30:00,72.7,72.9,72.3,72.9,755.407
2023-01-13 11:00:00,72.8,72.9,72.4,72.4,463.159
2023-01-13 11:30:00,72.4,72.4,72.1,72.3,464.75
2023-01-13 12:00:00,72.4,72.4,71.9,72.0,763.591
2023-01-13 12:30:00,72.0,72.1,71.4,71.4,1142.465
2023-01-13 13:00:00,71.5,71.8,71.1,71.6,1041.583
2023-01-13 13:30:00,71.6,71.8,71.2,71.3,449.356
2023-01-13 14:00:00,71.2,71.7,71.2,71.7,198.086
2023-01-13 14:30:00,71.6,71.9,71.5,71.9,245.848
2023-01-13 15:00:00,71.8,72.1,71.5,71.9,727.566
2023-01-13 15:30:00,71.8,72.0,71.5,71.8,484.91
2023-01-13 16:00:00,71.7,71.8,71.2,71.8,460.567
2023-01-13 16:30:00,71.8,72.2,71.7,71.9,666.741
2023-01-13 17:00:00,72.0,72.1,71.8,72.0,366.419
2023-01-13 17:30:00,72.0,72.0,71.6,72.0,176.268
2023-01-13 18:00:00,72.0,72.6,72.0,72.4,392.9
2023-01-13 18:30:00,72.3,72.7,72.3,72.3,262.181
2023-01-13 19:00:00,72.3,72.7,72.3,72.7,145.219
2023-01-13 19:30:00,72.7,72.9,72.5,72.5,538.911
2023-01-13 20:00:00,72.6,72.7,72.2,72.3,510.983
2023-01-13 20:30:00,72.3,72.8,72.2,72.6,288.614
2023-01-13 21:00:00,72.7,73.0,72.2,72.8,689.109
2023-01-13 21:30:00,72.8,73.9,72.6,73.5,1701.048
2023-01-13 22:00:00,73.6,74.3,73.6,74.0,570.515
2023-01-13 22:30:00,74.0,74.0,73.1,73.4,1159.599
2023-01-13 23:00:00,73.5,73.8,73.3,73.7,548.134
2023-01-13 23:30:00,73.8,75.4,73.7,75.0,3047.175
2023-01-14 00:00:00,75.0,75.4,74.3,75.0,1619.326
2023-01-14 00:30:00,74.9,76.6,73.8,74.7,4165.074
2023-01-14 01:00:00,74.8,75.9,74.5,75.1,3542.634
2023-01-14 01:30:00,75.1,76.4,75.1,76.1,2171.8
2023-01-14 02:00:00,76.1,77.3,75.4,76.1,3598.568
2023-01-14 02:30:00,76.1,76.5,75.6,75.8,1715.827
2023-01-14 03:00:00,75.8,76.4,75.5,75.7,924.032
2023-01-14 03:30:00,75.7,75.8,75.1,75.6,840.524
2023-01-14 04:00:00,75.6,75.9,75.2,75.4,744.033
2023-01-14 04:30:00,75.4,75.8,75.0,75.3,596.604
2023-01-14 05:00:00,75.4,75.7,75.0,75.1,748.241
2023-01-14 05:30:00,75.2,76.5,75.2,76.4,2862.94
2023-01-14 06:00:00,76.5,77.0,76.1,76.9,1420.421
2023-01-14 06:30:00,76.9,81.4,76.8,79.8,6727.349
2023-01-14 07:00:00,79.8,81.0,78.9,79.0,3128.681
2023-01-14 07:30:00,79.1,79.4,78.0,79.0,2634.496
2023-01-14 08:00:00,79.0,81.8,78.5,81.6,4023.257
2023-01-14 08:30:00,81.6,82.2,80.3,81.2,4105.936
2023-01-14 09:00:00,81.1,81.1,75.2,77.2,11383.824
2023-01-14 09:30:00,77.1,77.5,75.9,77.4,3327.61
2023-01-14 10:00:00,77.4,77.5,75.2,75.3,3040.927
2023-01-14 10:30:00,75.4,76.9,75.4,76.8,974.458
2023-01-14 11:00:00,76.8,77.4,76.5,77.3,1175.682
2023-01-14 11:30:00,77.2,77.9,76.8,77.7,1170.454
2023-01-14 12:00:00,77.7,78.3,77.4,77.7,1322.167
2023-01-14 12:30:00,77.8,78.3,77.6,78.0,573.922
2023-01-14 13:00:00,77.9,78.1,76.7,77.0,1029.178
2023-01-14 13:30:00,77.0,77.6,77.0,77.4,632.713
2023-01-14 14:00:00,77.5,78.0,77.4,77.8,1512.479
2023-01-14 14:30:00,77.9,79.0,76.5,77.1,2761.993
2023-01-14 15:00:00,77.2,77.8,76.9,77.1,823.056
2023-01-14 15:30:00,77.1,77.4,76.5,77.0,634.01
2023-01-14 16:00:00,77.1,77.2,76.6,76.7,410.924
2023-01-14 16:30:00,76.6,76.9,76.4,76.7,244.602
2023-01-14 17:00:00,76.7,77.0,76.4,76.5,565.135
2023-01-14 17:30:00,76.4,76.5,75.6,75.9,1051.061
2023-01-14 18:00:00,75.8,76.8,75.8,76.3,610.662
2023-01-14 18:30:00,76.3,77.0,76.3,76.5,338.407
2023-01-14 19:00:00,76.5,76.9,76.4,76.9,62.228
2023-01-14 19:30:00,76.9,77.0,76.3,76.6,380.142
2023-01-14 20:00:00,76.5,76.7,76.1,76.6,313.868
2023-01-14 20:30:00,76.6,76.9,76.5,76.8,370.213
2023-01-14 21:00:00,76.9,76.9,76.3,76.6,123.225
2023-01-14 21:30:00,76.5,76.7,76.3,76.4,249.1
2023-01-14 22:00:00,76.4,76.6,76.4,76.4,65.792
2023-01-14 22:30:00,76.4,76.7,76.3,76.7,143.708
2023-01-14 23:00:00,76.7,77.3,76.7,77.2,706.143
2023-01-14 23:30:00,77.2,77.4,76.8,77.3,200.19
2023-01-15 00:00:00,77.1,78.0,77.1,77.2,1744.111
2023-01-15 00:30:00,77.1,77.2,75.8,76.7,2168.879
2023-01-15 01:00:00,76.8,76.9,75.5,75.7,1373.551
2023-01-15 01:30:00,75.7,76.3,75.6,76.3,819.541
2023-01-15 02:00:00,76.3,76.5,75.7,75.8,739.794
2023-01-15 02:30:00,76.0,76.2,75.3,75.3,736.113
2023-01-15 03:00:00,75.3,75.7,74.9,75.1,1558.549
2023-01-15 03:30:00,75.2,75.8,75.0,75.7,647.342
2023-01-15 04:00:00,75.7,75.7,75.5,75.6,86.435
2023-01-15 04:30:00,75.5,75.6,75.2,75.5,840.712
2023-01-15 05:00:00,75.4,75.7,75.1,75.7,653.697
2023-01-15 05:30:00,75.8,75.9,75.5,75.9,576.37
2023-01-15 06:00:00,75.9,75.9,75.7,75.8,99.495
2023-01-15 06:30:00,75.9,76.0,75.6,75.6,211.282
2023-01-15 07:00:00,75.5,75.6,75.0,75.3,679.851
2023-01-15 07:30:00,75.2,75.6,75.1,75.5,1204.003
2023-01-15 08:00:00,75.4,75.4,73.9,74.2,1634.528
2023-01-15 08:30:00,74.2,74.6,73.7,73.8,1068.212
2023-01-15 09:00:00,73.9,74.0,73.3,74.0,1085.593
2023-01-15 09:30:00,73.9,74.2,73.8,74.2,623.292
2023-01-15 10:00:00,74.1,74.3,73.9,74.1,611.428
2023-01-15 10:30:00,74.2,74.4,74.1,74.4,306.266
2023-01-15 11:00:00,74.3,74.4,74.0,74.4,253.768
2023-01-15 11:30:00,74.4,74.8,74.2,74.7,721.819
2023-01-15 12:00:00,74.6,74.7,74.4,74.5,765.227
2023-01-15 12:30:00,74.5,74.5,74.1,74.3,423.978
2023-01-15 13:00:00,74.3,75.1,74.3,75.1,774.711
2023-01-15 13:30:00,74.9,75.2,74.7,75.1,405.654
2023-01-15 14:00:00,75.0,75.2,74.9,75.1,388.766
2023-01-15 14:30:00,75.2,76.4,75.2,76.3,2268.117
2023-01-15 15:00:00,76.3,76.6,76.0,76.4,716.352
2023-01-15 15:30:00,76.5,77.0,76.3,76.6,1089.393
2023-01-15 16:00:00,76.7,77.3,76.6,77.3,1122.105
2023-01-15 16:30:00,77.3,78.5,76.9,77.5,1781.491
2023-01-15 17:00:00,77.6,78.7,77.6,78.1,877.413
2023-01-15 17:30:00,78.1,78.2,77.5,77.9,671.757
2023-01-15 18:00:00,77.9,79.5,77.8,78.5,2004.097
2023-01-15 18:30:00,78.6,79.6,78.5,78.9,1109.692
2023-01-15 19:00:00,79.0,79.5,78.9,79.0,552.624
2023-01-15 19:30:00,79.0,79.0,78.4,78.7,522.958
2023-01-15 20:00:00,78.6,78.9,78.2,78.9,306.15
2023-01-15 20:30:00,78.8,79.2,78.6,79.2,328.566
2023-01-15 21:00:00,79.2,79.3,79.0,79.0,110.068
2023-01-15 21:30:00,79.0,79.4,78.9,79.2,225.759
2023-01-15 22:00:00,79.1,79.1,77.1,78.1,1401.173
2023-01-15 22:30:00,78.2,78.9,77.8,78.7,924.879
2023-01-15 23:00:00,78.8,78.9,78.3,78.7,477.804
2023-01-15 23:30:00,78.5,78.7,77.6,77.8,681.494
2023-01-16 00:00:00,77.8,78.8,77.7,77.8,1233.048
2023-01-16 00:30:00,77.9,78.8,77.9,78.7,511.12
2023-01-16 01:00:00,78.7,79.4,78.3,78.6,2283.412
2023-01-16 01:30:00,78.7,79.4,78.7,79.3,688.5
2023-01-16 02:00:00,79.2,79.7,79.0,79.5,457.361
2023-01-16 02:30:00,79.4,79.5,79.1,79.4,743.683
2023-01-16 03:00:00,79.4,79.4,78.1,79.0,1607.37
2023-01-16 03:30:00,79.0,79.1,78.6,79.1,663.358
2023-01-16 04:00:00,79.0,79.5,78.8,78.9,1410.876
2023-01-16 04:30:00,78.9,79.7,78.8,79.7,1859.955
2023-01-16 05:00:00,79.7,80.3,79.5,79.9,1066.843
2023-01-16 05:30:00,80.0,80.6,79.9,80.6,2059.638
2023-01-16 06:00:00,80.6,82.3,80.6,81.9,3161.798
2023-01-16 06:30:00,81.9,84.4,81.5,82.7,5518.006
2023-01-16 07:00:00,82.6,83.5,81.2,82.4,2520.465
2023-01-16 07:30:00,82.4,83.5,82.0,83.1,2295.444
2023-01-16 08:00:00,83.3,83.3,79.5,81.6,5121.032
2023-01-16 08:30:00,81.5,81.7,80.5,80.9,2307.315
2023-01-16 09:00:00,80.9,81.0,78.8,80.5,2424.421
2023-01-16 09:30:00,80.6,80.8,79.5,80.3,1496.932
2023-01-16 10:00:00,80.3,81.2,80.2,81.1,1593.08
2023-01-16 10:30:00,81.2,81.3,80.4,80.6,646.493
2023-01-16 11:00:00,80.8,80.8,80.1,80.3,245.798
2023-01-16 11:30:00,80.3,80.5,79.8,80.1,1172.126
2023-01-16 12:00:00,80.0,80.5,79.5,79.7,843.0
2023-01-16 12:30:00,79.6,79.9,79.2,79.4,507.862
2023-01-16 13:00:00,79.4,80.3,79.4,79.8,571.212
2023-01-16 13:30:00,79.9,80.3,79.5,79.8,466.272
2023-01-16 14:00:00,79.8,80.3,79.4,80.0,605.432
2023-01-16 14:30:00,80.1,80.4,79.6,79.7,511.261
2023-01-16 15:00:00,79.7,80.3,78.7,80.0,1759.721
2023-01-16 15:30:00,80.0,80.2,79.5,79.6,503.138
2023-01-16 16:00:00,79.6,79.8,79.3,79.4,414.466
2023-01-16 16:30:00,79.4,79.4,79.1,79.3,290.425
2023-01-16 17:00:00,79.3,79.4,79.1,79.3,134.351
2023-01-16 17:30:00,79.2,79.6,79.1,79.3,185.941
2023-01-16 18:00:00,79.4,79.4,78.9,79.0,350.228
2023-01-16 18:30:00,79.0,79.7,79.0,79.7,484.724
2023-01-16 19:00:00,79.6,80.0,79.2,79.4,474.738
2023-01-16 19:30:00,79.5,79.7,79.3,79.4,264.479
2023-01-16 20:00:00,79.5,79.7,79.2,79.6,155.336
2023-01-16 20:30:00,79.6,80.0,79.4,79.4,427.31
2023-01-16 21:00:00,79.4,79.6,79.1,79.3,444.288
2023-01-16 21:30:00,79.3,79.8,79.3,79.8,213.622
2023-01-16 22:00:00,79.8,79.9,79.5,79.9,122.249
2023-01-16 22:30:00,79.8,79.8,79.5,79.6,38.55
2023-01-16 23:00:00,79.7,79.9,79.3,79.8,303.85
2023-01-16 23:30:00,79.8,80.0,79.7,80.0,209.274
2023-01-17 00:00:00,79.9,80.0,79.2,79.8,352.075
2023-01-17 00:30:00,79.7,79.8,79.0,79.8,780.12
2023-01-17 01:00:00,79.8,80.3,79.0,79.3,1198.356
2023-01-17 01:30:00,79.4,79.8,79.4,79.5,180.152
2023-01-17 02:00:00,79.6,79.6,77.7,78.4,1861.033
2023-01-17 02:30:00,78.4,78.9,78.4,78.8,460.715
2023-01-17 03:00:00,78.9,79.0,78.7,78.7,151.101
2023-01-17 03:30:00,78.8,79.2,78.7,79.1,311.107
2023-01-17 04:00:00,79.2,79.9,79.0,79.8,780.553
2023-01-17 04:30:00,79.8,79.9,79.3,79.4,267.769
2023-01-17 05:00:00,79.5,79.7,79.5,79.5,68.881
2023-01-17 05:30:00,79.6,79.8,79.6,79.6,292.974
2023-01-17 06:00:00,79.7,79.8,79.6,79.6,72.315
2023-01-17 06:30:00,79.6,80.0,79.5,79.5,160.711
2023-01-17 07:00:00,79.5,79.8,79.3,79.6,182.318
2023-01-17 07:30:00,79.6,79.6,79.0,79.5,1391.537
2023-01-17 08:00:00,79.3,79.7,79.3,79.6,152.306
2023-01-17 08:30:00,79.6,79.9,79.3,79.9,385.342
2023-01-17 09:00:00,79.9,80.0,79.7,79.9,251.666
2023-01-17 09:30:00,79.9,80.7,79.6,79.9,1063.107
2023-01-17 10:00:00,79.9,79.9,79.3,79.3,756.29
2023-01-17 10:30:00,79.3,79.8,79.3,79.7,222.855
2023-01-17 11:00:00,79.6,80.1,79.6,80.0,243.142
2023-01-17 11:30:00,80.0,80.0,79.9,79.9,211.832
2023-01-17 12:00:00,79.9,80.3,79.9,80.0,569.715
2023-01-17 12:30:00,80.1,80.3,80.1,80.3,406.175
2023-01-17 13:00:00,80.2,80.2,79.7,80.1,136.08
2023-01-17 13:30:00,80.2,80.2,79.8,80.1,69.683
2023-01-17 14:00:00,80.0,80.6,79.4,79.4,2702.915
2023-01-17 14:30:00,79.4,80.3,78.8,80.0,2750.351
2023-01-17 15:00:00,80.1,80.1,79.6,79.8,282.637
2023-01-17 15:30:00,79.7,79.9,79.4,79.6,396.222
2023-01-17 16:00:00,79.5,79.8,79.1,79.3,843.915
2023-01-17 16:30:00,79.3,79.7,79.1,79.5,571.411
2023-01-17 17:00:00,79.5,79.6,78.9,79.2,301.815
2023-01-17 17:30:00,79.2,79.8,79.2,79.7,415.634
2023-01-17 18:00:00,79.7,80.1,79.5,79.9,313.991
2023-01-17 18:30:00,79.9,80.7,79.9,80.6,1490.388
2023-01-17 19:00:00,80.7,81.1,80.4,80.7,1240.888
2023-01-17 19:30:00,80.7,80.7,80.4,80.6,121.31
2023-01-17 20:00:00,80.5,80.9,80.5,80.8,41.883
2023-01-17 20:30:00,80.8,80.9,80.2,80.4,278.15
2023-01-17 21:00:00,80.5,80.7,80.4,80.7,141.992
2023-01-17 21:30:00,80.7,80.7,80.3,80.4,433.351
2023-01-17 22:00:00,80.4,80.5,80.2,80.3,119.952
2023-01-17 22:30:00,80.2,80.2,79.9,79.9,261.543
2023-01-17 23:00:00,79.8,80.2,79.7,80.2,174.719
2023-01-17 23:30:00,80.2,80.2,79.6,79.8,335.87
2023-01-18 00:00:00,80.0,80.3,79.8,80.1,428.796
2023-01-18 00:30:00,80.2,80.9,80.2,80.6,694.101
2023-01-18 01:00:00,80.6,80.9,80.3,80.3,432.836
2023-01-18 01:30:00,80.2,81.2,80.1,81.1,680.75
2023-01-18 02:00:00,81.1,81.1,80.7,80.7,158.283
2023-01-18 02:30:00,80.7,81.3,80.5,81.2,392.051
2023-01-18 03:00:00,81.2,81.3,81.0,81.1,182.83
2023-01-18 03:30:00,81.0,81.4,80.7,81.0,409.307
2023-01-18 04:00:00,81.0,81.8,81.0,81.6,779.825
2023-01-18 04:30:00,81.5,81.5,81.0,81.1,460.631
2023-01-18 05:00:00,81.2,81.7,81.1,81.5,698.672
2023-01-18 05:30:00,81.5,81.8,81.4,81.6,278.816
2023-01-18 06:00:00,81.6,82.0,81.3,81.9,901.109
2023-01-18 06:30:00,82.0,82.1,81.5,81.7,307.806
2023-01-18 07:00:00,81.7,82.0,81.3,81.6,278.899
2023-01-18 07:30:00,81.6,82.1,81.6,81.9,428.29
2023-01-18 08:00:00,82.0,82.0,80.8,81.2,698.772
2023-01-18 08:30:00,81.1,82.9,80.7,81.5,3257.049
2023-01-18 09:00:00,81.5,81.5,80.6,81.0,642.444
2023-01-18 09:30:00,81.0,81.3,80.6,80.9,409.691
2023-01-18 10:00:00,80.8,81.0,80.7,81.0,89.457
2023-01-18 10:30:00,80.9,80.9,80.6,80.7,177.587
2023-01-18 11:00:00,80.6,81.3,80.6,81.1,275.186
2023-01-18 11:30:00,81.2,81.2,81.0,81.1,94.118
2023-01-18 12:00:00,81.1,81.6,81.1,81.4,378.453
2023-01-18 12:30:00,81.4,81.7,81.2,81.5,322.536
2023-01-18 13:00:00,81.5,81.5,80.9,80.9,197.039
2023-01-18 13:30:00,81.0,81.6,80.8,81.5,748.105
2023-01-18 14:00:00,81.5,81.8,81.2,81.2,260.51
2023-01-18 14:30:00,81.3,81.5,81.2,81.5,135.563
2023-01-18 15:00:00,81.4,81.5,80.8,81.1,654.682
2023-01-18 15:30:00,81.0,81.0,78.5,79.3,3921.076
2023-01-18 16:00:00,79.3,79.3,75.0,76.5,6526.56
2023-01-18 16:30:00,76.5,77.4,75.7,77.1,3325.61
2023-01-18 17:00:00,77.2,78.8,77.2,77.9,3510.726
2023-01-18 17:30:00,77.9,78.4,77.8,78.1,268.487
2023-01-18 18:00:00,78.1,78.2,77.7,78.1,169.543
2023-01-18 18:30:00,78.2,78.2,77.2,77.3,389.642
2023-01-18 19:00:00,77.4,77.5,77.2,77.5,62.071
2023-01-18 19:30:00,77.4,77.6,77.4,77.4,90.936
2023-01-18 20:00:00,77.5,77.7,77.4,77.5,175.789
2023-01-18 20:30:00,77.5,77.5,76.6,77.1,275.864
2023-01-18 21:00:00,77.1,77.6,77.1,77.1,293.114
2023-01-18 21:30:00,77.0,77.3,77.0,77.2,46.377
2023-01-18 22:00:00,77.2,77.2,76.5,76.9,438.283
2023-01-18 22:30:00,76.9,77.1,76.8,77.0,72.854
2023-01-18 23:00:00,77.0,77.3,76.8,77.0,242.374
2023-01-18 23:30:00,77.1,77.1,75.9,76.5,1195.078
2023-01-19 00:00:00,76.5,76.7,76.1,76.1,1031.243
2023-01-19 00:30:00,76.2,76.7,76.0,76.1,343.553
2023-01-19 01:00:00,76.2,76.6,76.1,76.5,199.155
2023-01-19 01:30:00,76.5,76.7,76.1,76.2,146.868
2023-01-19 02:00:00,76.1,76.2,75.3,76.1,1723.473
2023-01-19 02:30:00,76.2,76.4,76.2,76.2,266.094
2023-01-19 03:00:00,76.3,76.5,76.2,76.5,199.188
2023-01-19 03:30:00,76.4,76.6,76.3,76.6,282.156
2023-01-19 04:00:00,76.5,77.2,76.5,77.2,533.437
2023-01-19 04:30:00,77.3,77.6,77.3,77.5,432.276
2023-01-19 05:00:00,77.4,77.7,77.0,77.1,962.732
2023-01-19 05:30:00,77.2,77.4,76.9,76.9,537.768
2023-01-19 06:00:00,77.0,77.2,76.7,76.9,342.733
2023-01-19 06:30:00,76.9,77.3,76.9,77.1,98.705
2023-01-19 07:00:00,77.1,77.3,76.8,77.3,717.175
2023-01-19 07:30:00,77.3,77.7,77.2,77.6,1072.434
2023-01-19 08:00:00,77.6,77.6,77.1,77.2,354.87
2023-01-19 08:30:00,77.2,77.4,77.1,77.1,160.753
2023-01-19 09:00:00,77.2,77.8,77.2,77.6,244.374
2023-01-19 09:30:00,77.6,78.0,77.6,77.9,345.956
2023-01-19 10:00:00,77.9,78.3,77.9,77.9,448.445
2023-01-19 10:30:00,77.9,78.2,77.8,78.0,33.853
2023-01-19 11:00:00,78.0,78.1,77.4,77.5,320.475
2023-01-19 11:30:00,77.5,78.1,77.5,77.7,176.616
2023-01-19 12:00:00,77.7,77.7,77.3,77.5,146.846
2023-01-19 12:30:00,77.5,77.5,77.0,77.2,234.623
2023-01-19 13:00:00,77.3,77.4,76.8,77.4,721.319
2023-01-19 13:30:00,77.3,77.3,77.0,77.2,305.823
2023-01-19 14:00:00,77.2,77.3,76.9,77.1,329.652
2023-01-19 14:30:00,77.2,77.7,77.1,77.3,573.461
2023-01-19 15:00:00,77.3,77.6,77.3,77.6,76.193
2023-01-19 15:30:00,77.5,77.6,77.1,77.2,121.66
2023-01-19 16:00:00,77.3,77.6,77.0,77.5,315.694
2023-01-19 16:30:00,77.4,77.5,77.2,77.5,95.062
2023-01-19 17:00:00,77.4,77.9,77.4,77.8,287.037
2023-01-19 17:30:00,77.8,77.8,77.0,77.2,292.677
2023-01-19 18:00:00,77.2,77.8,77.2,77.7,254.765
2023-01-19 18:30:00,77.6,78.1,77.4,78.0,324.393
2023-01-19 19:00:00,77.9,78.3,77.9,78.3,458.136
2023-01-19 19:30:00,78.3,78.6,78.2,78.5,358.726
2023-01-19 20:00:00,78.5,78.8,78.5,78.7,267.507
2023-01-19 20:30:00,78.7,78.7,78.3,78.7,182.4
2023-01-19 21:00:00,78.7,78.7,78.6,78.7,142.933
2023-01-19 21:30:00,78.7,78.8,78.4,78.4,213.782
2023-01-19 22:00:00,78.5,78.7,78.4,78.7,137.379
2023-01-19 22:30:00,78.7,78.7,78.6,78.7,86.299
2023-01-19 23:00:00,78.7,78.9,78.6,78.8,234.712
2023-01-19 23:30:00,78.8,79.1,78.7,79.0,273.113
2023-01-20 00:00:00,79.1,79.2,78.4,78.9,256.036
2023-01-20 00:30:00,78.9,79.2,78.9,78.9,360.734
2023-01-20 01:00:00,79.0,79.1,78.5,79.1,300.192
2023-01-20 01:30:00,79.0,79.5,79.0,79.4,359.465
2023-01-20 02:00:00,79.4,79.6,79.1,79.4,228.321
2023-01-20 02:30:00,79.3,79.3,79.0,79.1,337.012
2023-01-20 03:00:00,79.2,79.4,79.0,79.4,409.595
2023-01-20 03:30:00,79.4,79.4,79.1,79.3,216.867
2023-01-20 04:00:00,79.3,79.7,79.3,79.6,113.168
2023-01-20 04:30:00,79.6,79.6,78.6,78.7,617.807
2023-01-20 05:00:00,78.8,79.1,78.5,78.9,329.55
2023-01-20 05:30:00,78.9,78.9,78.5,78.9,445.462
2023-01-20 06:00:00,78.8,79.1,78.8,79.1,440.328
2023-01-20 06:30:00,79.1,79.4,79.1,79.2,257.529
2023-01-20 07:00:00,79.1,79.6,79.1,79.6,264.124
2023-01-20 07:30:00,79.7,79.8,79.1,79.2,297.225
2023-01-20 08:00:00,79.1,79.1,78.7,78.7,241.455
2023-01-20 08:30:00,78.8,79.4,78.6,79.2,534.603
2023-01-20 09:00:00,79.1,79.2,79.0,79.1,27.043
2023-01-20 09:30:00,79.1,79.5,79.1,79.5,91.495
2023-01-20 10:00:00,79.4,79.4,79.1,79.3,143.511
2023-01-20 10:30:00,79.3,79.3,79.1,79.1,158.825
2023-01-20 11:00:00,79.0,79.5,79.0,79.2,73.619
2023-01-20 11:30:00,79.1,79.5,79.1,79.4,175.532
2023-01-20 12:00:00,79.4,79.6,79.0,79.5,1238.715
2023-01-20 12:30:00,79.5,79.9,79.4,79.6,266.338
2023-01-20 13:00:00,79.5,79.8,79.5,79.6,378.148
2023-01-20 13:30:00,79.6,80.0,79.5,79.8,290.92
2023-01-20 14:00:00,79.7,80.0,79.7,79.7,138.104
2023-01-20 14:30:00,79.8,80.1,79.6,80.0,534.435
2023-01-20 15:00:00,80.0,80.4,80.0,80.0,420.664
2023-01-20 15:30:00,80.0,80.2,80.0,80.2,119.91
2023-01-20 16:00:00,80.2,80.3,80.0,80.3,119.981
2023-01-20 16:30:00,80.2,80.5,80.1,80.1,409.638
2023-01-20 17:00:00,80.1,80.5,80.1,80.3,199.921
2023-01-20 17:30:00,80.3,80.5,80.0,80.4,263.484
2023-01-20 18:00:00,80.4,80.7,80.0,80.1,428.164
2023-01-20 18:30:00,80.1,80.4,80.1,80.4,39.332
2023-01-20 19:00:00,80.4,80.6,80.4,80.5,124.245
2023-01-20 19:30:00,80.6,80.6,80.3,80.6,339.185
2023-01-20 20:00:00,80.7,81.5,80.7,81.0,836.588
2023-01-20 20:30:00,80.9,81.5,80.9,81.1,279.518
2023-01-20 21:00:00,81.2,81.3,80.5,81.1,547.955
2023-01-20 21:30:00,81.1,82.0,80.9,81.5,1701.624
2023-01-20 22:00:00,81.5,81.9,81.1,81.5,779.52
2023-01-20 22:30:00,81.6,81.9,81.3,81.7,890.193
2023-01-20 23:00:00,81.7,81.9,81.4,81.6,421.048
2023-01-20 23:30:00,81.6,81.6,81.0,81.3,815.227
2023-01-21 00:00:00,81.3,82.7,81.3,82.4,2572.805
2023-01-21 00:30:00,82.4,82.4,81.6,81.9,841.04
2023-01-21 01:00:00,81.9,83.1,81.9,82.8,1284.791
2023-01-21 01:30:00,82.7,82.8,82.4,82.5,343.562
2023-01-21 02:00:00,82.6,82.7,82.4,82.6,147.094
2023-01-21 02:30:00,82.6,82.6,81.9,81.9,382.999
2023-01-21 03:00:00,82.0,82.0,81.5,81.7,591.403
2023-01-21 03:30:00,81.7,82.0,81.6,82.0,110.507
2023-01-21 04:00:00,82.0,82.3,81.9,82.2,217.491
2023-01-21 04:30:00,82.1,82.2,81.8,82.1,345.465
2023-01-21 05:00:00,82.0,82.2,81.5,81.8,1203.109
2023-01-21 05:30:00,81.8,81.9,81.4,81.5,367.492
2023-01-21 06:00:00,81.4,81.5,81.2,81.5,273.011
2023-01-21 06:30:00,81.5,81.9,81.4,81.9,513.767
2023-01-21 07:00:00,81.9,82.2,81.7,82.0,496.845
2023-01-21 07:30:00,82.0,82.3,81.6,82.0,1186.02
2023-01-21 08:00:00,82.0,82.3,81.9,82.1,640.641
2023-01-21 08:30:00,82.1,82.3,81.8,81.8,354.306
2023-01-21 09:00:00,81.8,82.9,81.6,82.2,1050.011
2023-01-21 09:30:00,82.1,82.3,81.8,82.2,584.425
2023-01-21 10:00:00,82.2,82.6,81.3,81.4,1098.727
2023-01-21 10:30:00,81.3,81.4,79.6,80.2,2466.338
2023-01-21 11:00:00,80.2,80.5,79.6,80.3,924.195
2023-01-21 11:30:00,80.4,80.7,79.2,80.6,1076.358
2023-01-21 12:00:00,80.5,80.7,79.8,80.4,1137.887
2023-01-21 12:30:00,80.4,80.6,79.9,80.5,463.931
2023-01-21 13:00:00,80.5,80.6,79.8,80.1,547.403
2023-01-21 13:30:00,80.0,80.0,79.5,80.0,413.874
2023-01-21 14:00:00,80.0,80.5,80.0,80.3,485.92
2023-01-21 14:30:00,80.3,80.5,80.0,80.1,342.331
2023-01-21 15:00:00,80.1,80.7,80.0,80.6,329.824
2023-01-21 15:30:00,80.6,80.6,79.8,79.9,828.287
2023-01-21 16:00:00,79.9,80.5,79.6,79.9,1662.819
2023-01-21 16:30:00,80.0,80.4,79.9,80.2,1152.806
2023-01-21 17:00:00,80.2,80.2,79.7,80.0,335.798
2023-01-21 17:30:00,80.0,80.1,79.7,79.8,187.557
2023-01-21 18:00:00,79.7,79.8,78.6,79.1,1750.605
2023-01-21 18:30:00,79.1,79.3,79.0,79.3,180.761
2023-01-21 19:00:00,79.2,79.5,79.2,79.3,322.04
2023-01-21 19:30:00,79.2,79.3,79.0,79.2,184.124
2023-01-21 20:00:00,79.2,79.4,79.1,79.3,346.49
2023-01-21 20:30:00,79.3,79.7,79.2,79.5,219.77
2023-01-21 21:00:00,79.5,80.2,79.5,80.1,430.993
2023-01-21 21:30:00,80.0,80.0,79.8,80.0,93.029
2023-01-21 22:00:00,79.9,80.1,79.5,79.5,248.396
2023-01-21 22:30:00,79.5,79.7,79.4,79.5,292.385
2023-01-21 23:00:00,79.4,79.5,77.8,78.3,2074.479
2023-01-21 23:30:00,78.3,78.8,78.0,78.1,426.491
2023-01-22 00:00:00,78.0,78.4,77.8,78.3,410.52
2023-01-22 00:30:00,78.4,78.6,78.3,78.5,64.359
2023-01-22 01:00:00,78.4,78.6,78.2,78.5,153.648
2023-01-22 01:30:00,78.4,78.7,78.4,78.6,197.61
2023-01-22 02:00:00,78.5,78.6,78.3,78.4,96.962
2023-01-22 02:30:00,78.5,78.5,77.9,78.0,534.126
2023-01-22 03:00:00,78.0,78.2,77.9,78.2,175.895
2023-01-22 03:30:00,78.3,78.3,77.9,78.2,151.934
2023-01-22 04:00:00,78.2,78.4,78.0,78.4,174.23
2023-01-22 04:30:00,78.4,78.7,78.4,78.7,201.431
2023-01-22 05:00:00,78.6,79.3,78.6,78.7,1049.331
2023-01-22 05:30:00,78.7,79.1,78.7,78.8,456.487
2023-01-22 06:00:00,78.8,79.2,78.7,78.9,399.173
2023-01-22 06:30:00,78.8,79.3,78.8,79.2,1987.119
2023-01-22 07:00:00,79.2,79.6,79.2,79.3,146.433
2023-01-22 07:30:00,79.5,79.6,79.3,79.4,98.262
2023-01-22 08:00:00,79.4,79.6,78.9,79.6,594.78
2023-01-22 08:30:00,79.6,80.5,79.5,80.1,3142.367
2023-01-22 09:00:00,80.1,80.2,79.7,79.9,972.118
2023-01-22 09:30:00,80.0,80.6,79.9,80.4,480.019
2023-01-22 10:00:00,80.4,80.4,79.8,80.1,85.81
2023-01-22 10:30:00,80.3,80.6,80.1,80.4,581.654
2023-01-22 11:00:00,80.4,80.6,79.3,79.9,1058.756
2023-01-22 11:30:00,79.9,80.0,79.6,79.7,398.862
2023-01-22 12:00:00,79.8,80.2,79.0,79.2,1148.787
2023-01-22 12:30:00,79.3,80.0,79.3,79.9,483.777
2023-01-22 13:00:00,80.0,80.2,79.8,80.0,243.467
2023-01-22 13:30:00,80.1,80.2,79.8,80.1,142.669
2023-01-22 14:00:00,80.1,80.2,79.8,80.2,385.368
2023-01-22 14:30:00,80.2,80.2,79.8,79.9,287.526
2023-01-22 15:00:00,79.9,80.3,78.2,78.7,2076.272
2023-01-22 15:30:00,78.7,79.1,78.4,78.7,1107.861
2023-01-22 16:00:00,78.7,79.0,78.4,79.0,307.19
2023-01-22 16:30:00,79.0,79.2,78.9,78.9,415.646
2023-01-22 17:00:00,78.8,79.3,78.7,79.3,432.79
2023-01-22 17:30:00,79.3,79.4,79.2,79.3,244.518
2023-01-22 18:00:00,79.3,80.8,79.1,80.2,1662.243
2023-01-22 18:30:00,80.3,80.4,79.7,79.8,870.543
2023-01-22 19:00:00,79.7,79.8,79.6,79.6,229.75
2023-01-22 19:30:00,79.6,80.0,79.6,79.9,236.767
2023-01-22 20:00:00,79.8,79.9,78.8,79.0,1150.703
2023-01-22 20:30:00,79.0,79.2,77.7,78.1,1193.581
2023-01-22 21:00:00,78.2,78.3,77.3,77.9,1240.113
2023-01-22 21:30:00,78.0,78.1,77.7,78.0,294.274
2023-01-22 22:00:00,78.1,78.3,77.7,77.7,230.92
2023-01-22 22:30:00,77.7,78.1,77.5,78.1,291.897
2023-01-22 23:00:00,78.2,78.5,78.0,78.3,626.881
2023-01-22 23:30:00,78.4,78.8,78.3,78.5,348.991
2023-01-23 00:00:00,78.6,79.0,78.4,78.9,688.343
2023-01-23 00:30:00,78.9,79.3,78.9,79.0,335.848
2023-01-23 01:00:00,78.9,79.8,78.9,79.7,666.798
2023-01-23 01:30:00,79.8,79.9,79.4,79.4,350.73
2023-01-23 02:00:00,79.6,80.2,79.6,80.2,749.038
2023-01-23 02:30:00,80.1,81.0,80.0,80.6,920.305
2023-01-23 03:00:00,80.6,82.5,80.4,81.2,4309.154
2023-01-23 03:30:00,81.2,81.6,80.7,81.5,787.009
2023-01-23 04:00:00,81.6,81.8,81.0,81.6,619.428
2023-01-23 04:30:00,81.6,81.8,81.1,81.7,671.872
2023-01-23 05:00:00,81.7,81.7,81.3,81.5,691.858
2023-01-23 05:30:00,81.5,81.7,81.1,81.5,352.715
2023-01-23 06:00:00,81.5,81.5,80.7,81.4,1003.977
2023-01-23 06:30:00,81.4,81.7,81.2,81.6,254.858
2023-01-23 07:00:00,81.5,81.7,80.6,81.0,701.658
2023-01-23 07:30:00,81.0,81.1,80.8,80.9,128.251
2023-01-23 08:00:00,80.9,81.4,80.6,80.7,329.961
2023-01-23 08:30:00,80.8,81.8,80.7,81.8,749.796
2023-01-23 09:00:00,81.7,82.2,81.6,81.7,938.2
2023-01-23 09:30:00,81.9,82.0,81.3,81.7,263.338
2023-01-23 10:00:00,81.8,82.2,81.7,82.0,777.694
2023-01-23 10:30:00,82.0,82.1,81.7,81.9,203.948
2023-01-23 11:00:00,81.8,83.0,81.8,82.6,2198.365
2023-01-23 11:30:00,82.6,83.2,82.5,83.0,1013.677
2023-01-23 12:00:00,83.0,83.1,82.3,82.5,551.211
2023-01-23 12:30:00,82.4,82.8,82.2,82.4,480.891
2023-01-23 13:00:00,82.4,83.0,82.1,82.3,2135.324
2023-01-23 13:30:00,82.3,82.7,81.4,81.8,958.394
2023-01-23 14:00:00,81.9,82.0,81.0,81.7,761.547
2023-01-23 14:30:00,81.7,82.9,81.0,81.5,1613.683
2023-01-23 15:00:00,81.5,81.9,81.1,81.7,652.726
2023-01-23 15:30:00,81.6,81.7,81.1,81.4,273.611
2023-01-23 16:00:00,81.4,82.2,81.2,81.6,653.723
2023-01-23 16:30:00,81.5,81.5,80.7,81.3,1174.596
2023-01-23 17:00:00,81.3,81.3,81.0,81.1,208.648
2023-01-23 17:30:00,81.1,81.2,81.0,81.2,238.936
2023-01-23 18:00:00,81.3,81.9,81.3,81.8,661.678
2023-01-23 18:30:00,81.8,82.2,81.6,81.8,324.689
2023-01-23 19:00:00,81.8,82.5,81.6,82.1,388.572
2023-01-23 19:30:00,82.2,82.5,81.9,82.5,396.309
2023-01-23 20:00:00,82.4,82.7,82.1,82.5,290.607
2023-01-23 20:30:00,82.5,82.7,82.5,82.6,140.825
2023-01-23 21:00:00,82.6,82.7,82.3,82.5,94.907
2023-01-23 21:30:00,82.6,82.9,82.5,82.7,408.763
2023-01-23 22:00:00,82.7,82.8,82.5,82.6,147.928
2023-01-23 22:30:00,82.6,82.7,82.2,82.5,233.475
2023-01-23 23:00:00,82.5,82.9,82.4,82.5,228.615
2023-01-23 23:30:00,82.5,82.7,82.3,82.3,255.967
2023-01-24 00:00:00,82.3,82.9,81.5,82.9,1437.202
2023-01-24 00:30:00,82.8,82.9,82.3,82.6,185.25
2023-01-24 01:00:00,82.6,82.9,82.3,82.4,533.414
2023-01-24 01:30:00,82.4,83.4,82.4,83.2,618.064
2023-01-24 02:00:00,83.1,83.5,82.9,83.2,800.053
2023-01-24 02:30:00,83.2,83.2,82.5,82.7,649.803
2023-01-24 03:00:00,82.6,82.9,82.4,82.4,277.993
2023-01-24 03:30:00,82.5,83.0,82.1,82.8,731.521
2023-01-24 04:00:00,82.8,83.0,82.7,82.9,63.469
2023-01-24 04:30:00,82.9,84.4,82.8,83.9,15548.065
2023-01-24 05:00:00,83.9,84.2,83.7,84.2,462.721
2023-01-24 05:30:00,84.2,85.4,83.9,84.3,3668.959
2023-01-24 06:00:00,84.4,84.9,84.1,84.3,1100.615
2023-01-24 06:30:00,84.2,84.9,84.1,84.7,550.59
2023-01-24 07:00:00,84.7,85.5,84.7,85.3,1103.146
2023-01-24 07:30:00,85.3,86.0,85.3,85.4,1169.952
2023-01-24 08:00:00,85.5,85.8,85.3,85.7,741.587
2023-01-24 08:30:00,85.6,86.2,85.4,85.4,1405.858
2023-01-24 09:00:00,85.4,85.7,85.1,85.5,1080.634
2023-01-24 09:30:00,85.5,85.5,84.6,85.2,1021.373
2023-01-24 10:00:00,85.1,85.5,85.1,85.5,374.703
2023-01-24 10:30:00,85.5,85.8,85.5,85.6,347.49
2023-01-24 11:00:00,85.6,85.8,85.2,85.2,583.079
2023-01-24 11:30:00,85.2,85.6,85.2,85.4,383.821
2023-01-24 12:00:00,85.4,85.5,84.5,85.0,1058.548
2023-01-24 12:30:00,84.9,85.6,84.9,85.0,781.664
2023-01-24 13:00:00,85.0,85.5,85.0,85.1,390.099
2023-01-24 13:30:00,85.1,85.2,84.6,84.8,412.466
2023-01-24 14:00:00,84.8,85.6,84.8,85.1,989.711
2023-01-24 14:30:00,85.0,85.7,84.8,85.5,725.686
2023-01-24 15:00:00,85.5,85.8,85.3,85.7,396.288
2023-01-24 15:30:00,85.7,87.2,85.4,87.0,2893.591
2023-01-24 16:00:00,87.1,87.5,86.8,87.0,1423.789
2023-01-24 16:30:00,87.1,87.3,86.1,86.4,781.506
2023-01-24 17:00:00,86.4,86.4,85.5,86.1,849.516
2023-01-24 17:30:00,86.0,86.2,85.8,86.2,150.629
2023-01-24 18:00:00,86.2,86.9,86.2,86.8,511.16
2023-01-24 18:30:00,86.8,87.8,86.8,87.5,779.733
2023-01-24 19:00:00,87.5,88.3,87.3,87.6,1349.347
2023-01-24 19:30:00,87.7,87.9,87.3,87.5,553.077
2023-01-24 20:00:00,87.5,87.9,87.3,87.9,222.163
2023-01-24 20:30:00,87.8,88.1,86.9,87.5,1011.536
2023-01-24 21:00:00,87.5,87.9,87.2,87.4,321.954
2023-01-24 21:30:00,87.4,87.5,85.7,86.4,1247.465
2023-01-24 22:00:00,86.3,86.4,83.6,83.9,2993.956
2023-01-24 22:30:00,84.0,84.9,83.9,84.2,847.397
2023-01-24 23:00:00,84.3,84.6,83.2,84.0,2616.95
2023-01-24 23:30:00,84.1,86.5,83.4,84.4,2219.475
2023-01-25 00:00:00,84.5,85.2,83.7,83.8,1908.888
2023-01-25 00:30:00,83.9,85.0,83.6,84.6,929.525
2023-01-25 01:00:00,84.8,84.8,82.4,82.9,2212.72
2023-01-25 01:30:00,82.8,83.8,82.8,82.9,1141.375
2023-01-25 02:00:00,82.8,84.0,82.8,83.8,837.297
2023-01-25 02:30:00,83.7,84.1,83.6,83.8,360.516
2023-01-25 03:00:00,83.8,84.4,83.8,84.2,340.53
2023-01-25 03:30:00,84.3,84.4,84.0,84.2,283.677
2023-01-25 04:00:00,84.2,84.7,84.1,84.5,391.256
2023-01-25 04:30:00,84.4,84.8,84.2,84.7,571.615
2023-01-25 05:00:00,84.7,87.1,84.7,86.4,3506.999
2023-01-25 05:30:00,86.5,87.3,86.2,87.1,1754.999
2023-01-25 06:00:00,87.0,87.2,86.2,86.8,1183.278
2023-01-25 06:30:00,86.7,86.9,86.2,86.7,803.293
2023-01-25 07:00:00,86.6,86.9,86.5,86.7,188.142
2023-01-25 07:30:00,86.7,88.0,86.4,87.5,1720.197
2023-01-25 08:00:00,87.6,89.4,87.4,88.6,3617.416
2023-01-25 08:30:00,88.6,89.5,88.5,88.9,1515.916
2023-01-25 09:00:00,88.8,89.4,87.4,88.9,3121.207
2023-01-25 09:30:00,88.9,88.9,87.6,87.7,2153.794
2023-01-25 10:00:00,87.6,88.0,86.9,87.5,1800.627
2023-01-25 10:30:00,87.5,87.6,86.7,87.0,1189.996
2023-01-25 11:00:00,87.0,87.3,86.3,87.0,962.847
2023-01-25 11:30:00,86.9,87.3,86.5,87.0,704.047
2023-01-25 12:00:00,87.1,88.4,86.4,87.6,3802.019
2023-01-25 12:30:00,87.7,88.1,87.3,87.4,814.775
2023-01-25 13:00:00,87.4,87.9,87.0,87.6,464.919
2023-01-25 13:30:00,87.6,87.7,86.6,86.7,841.493
2023-01-25 14:00:00,86.8,87.3,86.6,86.8,588.939
2023-01-25 14:30:00,86.7,87.5,86.6,87.1,1120.532
2023-01-25 15:00:00,87.1,87.4,85.8,86.4,2163.802
2023-01-25 15:30:00,86.4,86.7,85.1,85.7,1781.98
2023-01-25 16:00:00,85.8,86.2,85.3,85.8,774.168
2023-01-25 16:30:00,85.8,86.0,85.7,86.0,377.396
2023-01-25 17:00:00,86.0,86.0,84.9,85.0,1308.263
2023-01-25 17:30:00,85.0,85.5,84.9,85.1,485.627
2023-01-25 18:00:00,85.1,85.2,84.6,85.1,629.687
2023-01-25 18:30:00,85.1,85.8,84.9,85.7,567.776
2023-01-25 19:00:00,85.7,85.7,84.9,85.1,280.614
2023-01-25 19:30:00,85.1,85.2,84.9,85.2,99.523
2023-01-25 20:00:00,85.1,85.8,85.1,85.8,188.054
2023-01-25 20:30:00,85.8,85.8,85.4,85.8,142.076
2023-01-25 21:00:00,85.8,86.2,85.2,86.1,507.6
2023-01-25 21:30:00,86.2,87.3,86.1,87.2,1373.546
2023-01-25 22:00:00,87.2,87.8,86.4,86.9,1051.763
2023-01-25 22:30:00,86.9,87.1,85.6,85.9,819.123
2023-01-25 23:00:00,85.8,86.5,85.8,86.4,183.193
2023-01-25 23:30:00,86.4,86.7,86.2,86.4,440.258
2023-01-26 00:00:00,86.4,87.1,86.4,87.0,656.997
2023-01-26 00:30:00,87.0,87.5,86.9,87.2,753.814
2023-01-26 01:00:00,87.3,87.7,87.2,87.4,297.932
2023-01-26 01:30:00,87.4,87.9,87.2,87.3,317.243
2023-01-26 02:00:00,87.2,87.7,87.2,87.6,228.873
2023-01-26 02:30:00,87.6,87.6,87.1,87.3,92.235
2023-01-26 03:00:00,87.3,87.8,86.7,86.9,13609.483
2023-01-26 03:30:00,86.8,86.9,86.2,86.4,842.992
2023-01-26 04:00:00,86.4,86.4,85.0,85.7,1499.422
2023-01-26 04:30:00,85.8,85.9,85.3,85.8,370.434
2023-01-26 05:00:00,85.8,85.9,85.3,85.8,689.187
2023-01-26 05:30:00,85.8,86.3,85.4,86.3,724.853
2023-01-26 06:00:00,86.3,86.4,85.4,85.7,1218.661
2023-01-26 06:30:00,85.7,86.2,85.7,86.2,209.67
2023-01-26 07:00:00,86.1,86.2,85.5,85.8,299.618
2023-01-26 07:30:00,85.9,85.9,85.2,85.4,359.229
2023-01-26 08:00:00,85.4,85.5,85.0,85.1,770.381
2023-01-26 08:30:00,85.1,85.1,84.6,85.0,637.678
2023-01-26 09:00:00,85.0,85.3,84.4,84.6,802.101
2023-01-26 09:30:00,84.4,84.6,83.8,84.2,933.983
2023-01-26 10:00:00,84.2,84.3,83.7,84.2,938.79
2023-01-26 10:30:00,84.2,84.3,83.5,83.7,853.183
2023-01-26 11:00:00,83.8,83.8,83.1,83.7,1000.642
2023-01-26 11:30:00,83.6,84.1,83.5,83.9,518.748
2023-01-26 12:00:00,83.8,83.9,83.5,83.7,493.392
2023-01-26 12:30:00,83.7,84.3,83.7,84.3,389.954
2023-01-26 13:00:00,84.2,84.2,83.6,83.7,328.325
2023-01-26 13:30:00,83.6,84.3,83.3,84.3,1177.527
2023-01-26 14:00:00,84.3,84.5,84.0,84.4,799.608
2023-01-26 14:30:00,84.5,84.7,83.7,83.9,1250.556
2023-01-26 15:00:00,83.9,84.3,83.8,84.3,308.026
2023-01-26 15:30:00,84.3,84.5,83.1,83.3,906.091
2023-01-26 16:00:00,83.3,83.4,82.2,83.1,2091.576
2023-01-26 16:30:00,83.0,83.4,82.9,83.3,261.991
2023-01-26 17:00:00,83.3,83.7,83.0,83.2,430.944
2023-01-26 17:30:00,83.2,84.1,83.0,84.1,1009.441
2023-01-26 18:00:00,84.0,84.1,83.2,83.7,242.074
2023-01-26 18:30:00,83.7,83.7,83.1,83.2,208.289
2023-01-26 19:00:00,83.3,83.3,82.8,83.1,413.054
2023-01-26 19:30:00,83.0,83.2,82.9,83.1,60.283
2023-01-26 20:00:00,83.1,83.2,83.0,83.1,189.173
2023-01-26 20:30:00,83.1,83.4,83.1,83.4,46.499
2023-01-26 21:00:00,83.3,83.4,82.9,83.4,101.909
2023-01-26 21:30:00,83.3,83.8,83.3,83.7,303.094
2023-01-26 22:00:00,83.7,84.0,83.3,83.9,134.448
2023-01-26 22:30:00,83.9,84.0,83.7,83.7,105.039
2023-01-26 23:00:00,83.8,84.2,83.6,84.0,185.339
2023-01-26 23:30:00,84.0,84.0,83.6,83.6,138.294
2023-01-27 00:00:00,83.7,84.0,83.0,83.1,519.842
2023-01-27 00:30:00,83.1,83.5,82.7,82.9,788.79
2023-01-27 01:00:00,83.0,83.0,82.5,82.7,417.958
2023-01-27 01:30:00,82.8,82.8,81.8,82.5,1964.343
2023-01-27 02:00:00,82.4,82.9,82.3,82.7,243.165
2023-01-27 02:30:00,82.6,82.8,82.5,82.7,106.49
2023-01-27 03:00:00,82.7,83.0,82.6,82.8,176.056
2023-01-27 03:30:00,82.7,82.9,82.6,82.6,137.46
2023-01-27 04:00:00,82.7,83.0,82.6,83.0,214.651
2023-01-27 04:30:00,83.0,83.1,82.8,83.0,233.338
2023-01-27 05:00:00,83.1,83.3,83.0,83.2,97.367
2023-01-27 05:30:00,83.2,83.7,83.1,83.6,671.781
2023-01-27 06:00:00,83.6,84.0,83.5,83.8,357.405
2023-01-27 06:30:00,83.9,84.2,83.8,84.2,665.41
2023-01-27 07:00:00,84.2,84.9,84.1,84.6,1182.892
2023-01-27 07:30:00,84.5,85.2,84.5,84.8,593.449
2023-01-27 08:00:00,84.8,85.3,84.6,85.1,369.817
2023-01-27 08:30:00,85.1,85.2,84.5,84.6,235.349
2023-01-27 09:00:00,84.6,85.2,84.5,84.8,403.405
2023-01-27 09:30:00,84.7,85.0,84.5,84.7,625.827
2023-01-27 10:00:00,84.7,84.7,84.1,84.2,515.353
2023-01-27 10:30:00,84.3,84.3,83.9,84.0,326.454
2023-01-27 11:00:00,84.0,84.6,83.9,84.4,185.908
2023-01-27 11:30:00,84.5,85.0,84.3,84.9,694.437
2023-01-27 12:00:00,84.9,84.9,84.5,84.7,130.841
2023-01-27 12:30:00,84.7,84.8,84.3,84.4,722.085
2023-01-27 13:00:00,84.3,84.7,83.9,84.0,336.705
2023-01-27 13:30:00,84.0,84.7,84.0,84.1,394.432
2023-01-27 14:00:00,84.1,84.5,83.6,83.7,308.04
2023-01-27 14:30:00,83.7,84.8,83.7,84.5,492.546
2023-01-27 15:00:00,84.5,85.3,84.4,84.9,636.247
2023-01-27 15:30:00,84.9,85.1,84.3,84.4,590.595
2023-01-27 16:00:00,84.3,84.9,84.2,84.8,245.003
2023-01-27 16:30:00,84.9,85.2,84.9,85.0,78.776
2023-01-27 17:00:00,84.9,85.4,84.9,85.2,242.634
2023-01-27 17:30:00,85.1,85.5,85.1,85.4,140.153
2023-01-27 18:00:00,85.3,85.9,85.3,85.7,584.7
2023-01-27 18:30:00,85.7,86.1,85.7,85.9,296.699
2023-01-27 19:00:00,85.9,86.3,85.8,86.1,200.643
2023-01-27 19:30:00,86.1,86.6,86.1,86.5,468.963
2023-01-27 20:00:00,86.4,86.7,86.3,86.5,322.537
2023-01-27 20:30:00,86.5,86.7,85.9,86.0,240.01
2023-01-27 21:00:00,86.2,86.7,86.1,86.4,157.776
2023-01-27 21:30:00,86.5,86.5,85.9,86.0,97.926
2023-01-27 22:00:00,86.1,86.1,85.5,85.7,143.957
2023-01-27 22:30:00,85.8,86.2,85.8,86.2,943.706
2023-01-27 23:00:00,86.1,86.8,86.1,86.7,1621.073
2023-01-27 23:30:00,86.7,87.1,86.7,86.7,358.325
2023-01-28 00:00:00,86.8,87.1,86.5,87.1,141.253
2023-01-28 00:30:00,87.1,87.5,87.0,87.3,636.904
2023-01-28 01:00:00,87.4,87.4,86.8,86.8,471.17
2023-01-28 01:30:00,86.8,87.1,86.7,86.8,126.78
2023-01-28 02:00:00,86.8,87.2,86.8,87.1,114.815
2023-01-28 02:30:00,87.1,87.3,87.1,87.3,40.843
2023-01-28 03:00:00,87.3,87.3,87.1,87.1,145.145
2023-01-28 03:30:00,87.2,87.5,87.2,87.4,338.407
2023-01-28 04:00:00,87.4,87.8,87.2,87.6,295.711
2023-01-28 04:30:00,87.6,87.6,87.2,87.2,139.415
2023-01-28 05:00:00,87.2,87.3,87.0,87.3,91.187
2023-01-28 05:30:00,87.4,87.5,87.1,87.3,324.033
2023-01-28 06:00:00,87.3,87.5,87.1,87.2,151.55
2023-01-28 06:30:00,87.1,87.5,86.9,87.1,958.341
2023-01-28 07:00:00,87.1,87.3,86.5,86.6,354.187
2023-01-28 07:30:00,86.5,87.1,86.3,86.9,1065.968
2023-01-28 08:00:00,87.0,87.1,86.7,86.7,239.018
2023-01-28 08:30:00,86.8,87.1,86.6,86.6,134.979
2023-01-28 09:00:00,86.7,86.7,86.2,86.7,243.287
2023-01-28 09:30:00,86.7,87.0,86.6,86.6,145.915
2023-01-28 10:00:00,86.6,86.7,86.3,86.4,107.226
2023-01-28 10:30:00,86.4,86.5,86.3,86.3,79.637
2023-01-28 11:00:00,86.3,86.3,85.3,86.2,610.311
2023-01-28 11:30:00,86.2,86.7,86.2,86.6,173.505
2023-01-28 12:00:00,86.6,86.8,86.2,86.4,186.836
2023-01-28 12:30:00,86.3,86.4,85.8,85.9,470.83
2023-01-28 13:00:00,86.0,86.0,85.2,85.5,548.681
2023-01-28 13:30:00,85.4,86.1,85.2,86.1,400.007
2023-01-28 14:00:00,86.1,86.1,85.3,85.9,581.422
2023-01-28 14:30:00,85.9,86.0,85.2,85.3,590.992
2023-01-28 15:00:00,85.2,85.7,85.0,85.6,595.709
2023-01-28 15:30:00,85.5,85.7,85.1,85.4,133.605
2023-01-28 16:00:00,85.4,85.8,85.3,85.6,116.675
2023-01-28 16:30:00,85.6,85.6,84.8,85.0,257.874
2023-01-28 17:00:00,85.0,85.2,84.7,85.1,220.541
2023-01-28 17:30:00,85.1,85.2,85.0,85.2,111.893
2023-01-28 18:00:00,85.1,85.1,84.6,84.7,48.762
2023-01-28 18:30:00,84.7,84.8,84.3,84.7,184.582
2023-01-28 19:00:00,84.8,84.9,84.6,84.9,38.115
2023-01-28 19:30:00,84.9,85.1,84.9,85.1,84.037
2023-01-28 20:00:00,85.1,85.2,85.1,85.1,78.099
2023-01-28 20:30:00,85.1,85.1,84.7,84.7,72.373
2023-01-28 21:00:00,84.6,85.0,84.6,84.8,84.459
2023-01-28 21:30:00,84.8,84.8,84.6,84.6,22.911
2023-01-28 22:00:00,84.6,84.6,84.4,84.4,151.237
2023-01-28 22:30:00,84.5,84.7,84.2,84.5,127.52
2023-01-28 23:00:00,84.5,84.7,84.4,84.7,251.074
2023-01-28 23:30:00,84.7,85.2,84.7,85.2,623.991
2023-01-29 00:00:00,85.3,85.4,84.9,85.0,304.962
2023-01-29 00:30:00,85.0,85.9,84.9,85.9,471.389
2023-01-29 01:00:00,85.8,86.9,85.8,86.6,739.07
2023-01-29 01:30:00,86.6,86.8,86.3,86.4,105.912
2023-01-29 02:00:00,86.5,86.5,86.2,86.3,117.705
2023-01-29 02:30:00,86.4,86.4,86.0,86.0,131.087
2023-01-29 03:00:00,86.0,86.4,85.6,86.4,843.272
2023-01-29 03:30:00,86.3,86.4,86.2,86.2,202.204
2023-01-29 04:00:00,86.3,86.6,86.3,86.4,95.749
2023-01-29 04:30:00,86.5,86.8,86.5,86.7,394.325
2023-01-29 05:00:00,86.8,86.8,86.5,86.6,57.074
2023-01-29 05:30:00,86.6,86.8,86.5,86.8,79.012
2023-01-29 06:00:00,86.7,87.2,86.7,86.9,290.488
2023-01-29 06:30:00,86.9,87.0,86.6,86.7,43.868
2023-01-29 07:00:00,86.8,87.1,86.7,86.8,219.456
2023-01-29 07:30:00,86.8,86.8,86.4,86.8,172.739
2023-01-29 08:00:00,86.8,87.0,86.6,86.8,76.804
2023-01-29 08:30:00,86.7,87.1,86.4,86.4,816.416
2023-01-29 09:00:00,86.5,86.7,85.9,86.6,668.103
2023-01-29 09:30:00,86.5,86.8,86.3,86.7,299.315
2023-01-29 10:00:00,86.7,87.3,86.7,87.1,481.78
2023-01-29 10:30:00,87.1,87.4,87.1,87.3,397.57
2023-01-29 11:00:00,87.4,87.5,86.7,87.2,572.543
2023-01-29 11:30:00,87.1,87.3,87.0,87.2,336.148
2023-01-29 12:00:00,87.3,87.5,87.1,87.3,129.316
2023-01-29 12:30:00,87.4,87.6,87.2,87.4,426.237
2023-01-29 13:00:00,87.4,88.0,87.2,87.8,520.95
2023-01-29 13:30:00,87.7,87.9,87.2,87.5,667.363
2023-01-29 14:00:00,87.4,88.0,87.3,87.4,576.266
2023-01-29 14:30:00,87.4,87.7,87.3,87.7,210.164
2023-01-29 15:00:00,87.6,87.8,87.4,87.5,448.974
2023-01-29 15:30:00,87.4,87.7,87.2,87.2,378.929
2023-01-29 16:00:00,87.2,87.4,87.0,87.2,237.202
2023-01-29 16:30:00,87.2,87.2,86.8,87.0,826.317
2023-01-29 17:00:00,87.0,87.4,87.0,87.2,123.917
2023-01-29 17:30:00,87.2,87.3,87.1,87.2,38.014
2023-01-29 18:00:00,87.2,87.3,87.1,87.3,98.842
2023-01-29 18:30:00,87.3,87.7,87.2,87.6,324.892
2023-01-29 19:00:00,87.6,87.9,87.4,87.9,209.495
2023-01-29 19:30:00,87.9,88.1,87.6,87.6,277.128
2023-01-29 20:00:00,87.7,87.7,87.2,87.2,184.325
2023-01-29 20:30:00,87.3,87.3,86.8,86.8,359.273
2023-01-29 21:00:00,86.9,87.1,86.8,87.1,96.11
2023-01-29 21:30:00,87.1,87.2,87.0,87.1,27.817
2023-01-29 22:00:00,87.1,87.2,86.9,87.1,54.019
2023-01-29 22:30:00,87.1,87.1,86.6,86.9,81.72
2023-01-29 23:00:00,87.0,87.4,86.9,86.9,181.145
2023-01-29 23:30:00,87.0,87.4,86.7,87.2,343.279
2023-01-30 00:00:00,87.2,87.2,86.7,87.0,140.937
2023-01-30 00:30:00,87.0,87.9,87.0,87.6,701.506
2023-01-30 01:00:00,87.7,87.7,86.7,87.1,722.486
2023-01-30 01:30:00,87.2,87.2,86.4,86.4,689.168
2023-01-30 02:00:00,86.4,86.5,85.7,86.1,1016.074
2023-01-30 02:30:00,86.1,86.2,86.0,86.0,282.311
2023-01-30 03:00:00,86.1,86.6,86.1,86.4,533.528
2023-01-30 03:30:00,86.4,87.4,86.4,87.1,1419.107
2023-01-30 04:00:00,87.2,87.5,87.1,87.2,178.084
2023-01-30 04:30:00,87.4,87.6,87.1,87.3,302.639
2023-01-30 05:00:00,87.3,87.6,87.0,87.2,140.193
2023-01-30 05:30:00,87.2,87.5,87.2,87.4,68.969
2023-01-30 06:00:00,87.5,87.7,87.3,87.3,116.475
2023-01-30 06:30:00,87.3,87.8,87.2,87.7,549.614
2023-01-30 07:00:00,87.7,87.9,87.2,87.3,453.184
2023-01-30 07:30:00,87.2,87.8,87.2,87.7,135.301
2023-01-30 08:00:00,87.7,87.7,87.1,87.1,203.875
2023-01-30 08:30:00,87.1,87.3,86.9,86.9,309.483
2023-01-30 09:00:00,86.9,86.9,84.2,84.5,1620.254
2023-01-30 09:30:00,84.5,84.9,83.3,83.7,1951.364
2023-01-30 10:00:00,83.6,84.2,83.3,84.1,558.055
2023-01-30 10:30:00,84.1,84.5,84.1,84.2,264.878
2023-01-30 11:00:00,84.2,84.4,83.9,84.0,428.234
2023-01-30 11:30:00,84.1,84.1,83.5,83.5,320.483
2023-01-30 12:00:00,83.5,83.7,83.3,83.5,478.931
2023-01-30 12:30:00,83.5,83.8,83.5,83.8,218.152
2023-01-30 13:00:00,83.7,84.1,83.6,83.9,466.817
2023-01-30 13:30:00,83.9,83.9,83.4,83.5,138.378
2023-01-30 14:00:00,83.4,84.0,83.1,83.8,542.905
2023-01-30 14:30:00,83.8,85.0,83.8,84.9,442.896
2023-01-30 15:00:00,85.0,85.1,84.2,84.3,456.788
2023-01-30 15:30:00,84.2,84.4,83.7,84.1,607.69
2023-01-30 16:00:00,84.1,85.1,84.0,85.0,1098.123
2023-01-30 16:30:00,84.9,85.3,84.7,84.8,315.314
2023-01-30 17:00:00,84.9,85.7,84.7,85.2,295.188
2023-01-30 17:30:00,85.2,85.4,84.7,84.9,52.473
2023-01-30 18:00:00,84.8,85.7,84.5,85.7,340.112
2023-01-30 18:30:00,85.6,85.9,85.0,85.1,216.459
2023-01-30 19:00:00,85.1,85.3,82.6,83.0,1053.294
2023-01-30 19:30:00,83.1,83.2,82.7,83.0,260.543
2023-01-30 20:00:00,82.9,82.9,82.1,82.4,258.836
2023-01-30 20:30:00,82.4,82.5,82.0,82.2,336.795
2023-01-30 21:00:00,82.2,82.6,82.2,82.5,204.329
2023-01-30 21:30:00,82.5,82.8,82.3,82.7,384.333
2023-01-30 22:00:00,82.7,82.7,82.4,82.4,201.156
2023-01-30 22:30:00,82.4,82.4,81.2,82.2,1349.779
2023-01-30 23:00:00,82.3,82.3,81.9,82.1,437.667
2023-01-30 23:30:00,82.1,82.7,82.1,82.7,234.836
2023-01-31 00:00:00,82.6,82.7,82.1,82.2,265.627
2023-01-31 00:30:00,82.2,82.8,82.1,82.8,83.49
2023-01-31 01:00:00,82.8,83.1,82.5,83.0,296.607
2023-01-31 01:30:00,83.0,83.9,82.6,83.8,326.659
2023-01-31 02:00:00,83.9,84.3,83.8,83.9,467.719
2023-01-31 02:30:00,84.0,84.7,84.0,84.2,588.221
2023-01-31 03:00:00,84.3,84.4,84.0,84.3,81.557
2023-01-31 03:30:00,84.3,84.3,84.0,84.3,91.687
2023-01-31 04:00:00,84.4,84.8,84.2,84.8,252.676
2023-01-31 04:30:00,84.8,85.4,84.8,85.4,419.666
2023-01-31 05:00:00,85.4,85.8,85.2,85.3,311.842
2023-01-31 05:30:00,85.3,85.9,84.7,84.8,647.194
2023-01-31 06:00:00,84.7,85.0,84.0,84.8,695.579
2023-01-31 06:30:00,84.8,85.3,84.8,84.9,148.379
2023-01-31 07:00:00,85.0,85.5,84.9,85.3,155.582
2023-01-31 07:30:00,85.4,86.0,85.4,85.8,251.355
2023-01-31 08:00:00,85.9,86.2,85.4,85.6,543.263
2023-01-31 08:30:00,85.5,86.1,85.3,85.7,230.689
2023-01-31 09:00:00,85.8,86.3,85.8,86.0,454.027
2023-01-31 09:30:00,86.0,86.1,85.8,86.1,255.031
2023-01-31 10:00:00,86.1,86.2,85.5,85.7,322.155
2023-01-31 10:30:00,85.7,85.7,85.1,85.2,516.777
2023-01-31 11:00:00,85.2,86.0,85.2,85.6,286.432
2023-01-31 11:30:00,85.6,86.2,85.5,85.9,250.753
2023-01-31 12:00:00,85.9,86.1,85.4,85.5,220.059
2023-01-31 12:30:00,85.5,85.6,85.2,85.5,183.084
2023-01-31 13:00:00,85.4,85.6,85.1,85.1,66.089
2023-01-31 13:30:00,85.2,85.8,85.1,85.7,174.397
2023-01-31 14:00:00,85.7,85.7,85.2,85.2,265.738
2023-01-31 14:30:00,85.4,85.7,85.4,85.6,159.881
2023-01-31 15:00:00,85.6,85.9,85.6,85.6,72.72
2023-01-31 15:30:00,85.6,86.2,85.6,85.8,116.059
2023-01-31 16:00:00,85.8,85.9,85.1,85.3,524.151
2023-01-31 16:30:00,85.3,85.6,84.5,84.6,1030.939
2023-01-31 17:00:00,84.6,84.7,84.2,84.6,546.938
2023-01-31 17:30:00,84.6,85.0,84.5,85.0,168.336
2023-01-31 18:00:00,85.0,85.4,84.9,85.2,347.289
2023-01-31 18:30:00,85.2,85.4,85.1,85.2,63.594
2023-01-31 19:00:00,85.2,85.3,85.1,85.2,45.819
2023-01-31 19:30:00,85.2,85.4,85.2,85.2,97.184
2023-01-31 20:00:00,85.2,86.0,85.2,85.7,197.37
2023-01-31 20:30:00,85.6,86.8,85.6,85.9,391.352
2023-01-31 21:00:00,85.8,86.8,85.7,85.8,484.379
2023-01-31 21:30:00,85.8,85.9,85.3,85.5,208.568
2023-01-31 22:00:00,85.5,85.7,85.0,85.0,80.952
2023-01-31 22:30:00,85.0,86.2,84.9,85.8,180.013
2023-01-31 23:00:00,85.9,86.0,85.7,85.8,81.374
2023-01-31 23:30:00,85.7,85.7,85.4,85.6,173.732
2023-02-01 00:00:00,85.6,86.0,85.1,85.5,155.416
2023-02-01 00:30:00,85.5,85.9,85.2,85.8,353.991
2023-02-01 01:00:00,85.7,86.0,85.4,85.4,277.309
2023-02-01 01:30:00,85.4,85.8,85.2,85.6,146.982
2023-02-01 02:00:00,85.6,85.6,84.9,85.2,289.296
2023-02-01 02:30:00,85.2,85.7,85.2,85.5,118.202
2023-02-01 03:00:00,85.6,85.7,85.0,85.0,328.169
2023-02-01 03:30:00,85.0,85.1,84.6,84.9,695.315
2023-02-01 04:00:00,84.9,85.0,84.8,84.9,69.157
2023-02-01 04:30:00,84.9,85.0,84.5,84.8,245.513
2023-02-01 05:00:00,84.7,84.9,84.7,84.9,105.8
2023-02-01 05:30:00,84.8,84.8,84.4,84.4,163.108
2023-02-01 06:00:00,84.4,84.4,84.0,84.3,306.111
2023-02-01 06:30:00,84.2,84.4,84.0,84.1,197.882
2023-02-01 07:00:00,84.0,84.0,83.6,83.9,327.882
2023-02-01 07:30:00,83.9,83.9,83.6,83.8,154.519
2023-02-01 08:00:00,83.7,83.8,82.8,83.0,1437.358
2023-02-01 08:30:00,82.9,83.5,82.8,83.4,984.096
2023-02-01 09:00:00,83.4,83.7,82.9,83.5,404.675
2023-02-01 09:30:00,83.5,83.5,83.2,83.4,129.55
2023-02-01 10:00:00,83.4,83.5,83.2,83.4,204.804
2023-02-01 10:30:00,83.4,83.6,83.3,83.5,166.182
2023-02-01 11:00:00,83.4,83.7,83.4,83.6,170.549
2023-02-01 11:30:00,83.6,83.8,83.6,83.8,100.748
2023-02-01 12:00:00,83.8,84.0,83.7,83.9,240.87
2023-02-01 12:30:00,84.0,84.1,83.8,83.9,123.437
2023-02-01 13:00:00,84.0,84.3,83.3,84.2,401.627
2023-02-01 13:30:00,84.1,84.3,84.0,84.2,219.558
2023-02-01 14:00:00,84.3,84.7,84.3,84.4,183.61
2023-02-01 14:30:00,84.3,84.8,84.2,84.3,576.003
2023-02-01 15:00:00,84.3,84.4,83.7,83.9,261.827
2023-02-01 15:30:00,84.0,84.3,83.1,83.3,908.152
2023-02-01 16:00:00,83.3,83.7,83.2,83.5,228.754
2023-02-01 16:30:00,83.5,83.9,83.2,83.4,365.831
2023-02-01 17:00:00,83.4,83.6,83.1,83.5,179.897
2023-02-01 17:30:00,83.4,83.6,83.0,83.2,532.599
2023-02-01 18:00:00,83.1,83.2,82.5,83.1,1039.1
2023-02-01 18:30:00,83.2,83.5,82.5,82.9,616.184
2023-02-01 19:00:00,82.9,83.8,82.7,83.3,1395.261
2023-02-01 19:30:00,83.3,85.4,82.7,85.0,2161.909
2023-02-01 20:00:00,85.0,85.7,84.9,85.7,1256.0
2023-02-01 20:30:00,85.7,85.8,85.2,85.4,340.385
2023-02-01 21:00:00,85.5,86.0,85.2,85.4,881.395
2023-02-01 21:30:00,85.5,86.0,85.4,85.7,565.243
2023-02-01 22:00:00,85.8,85.9,85.6,85.7,191.757
2023-02-01 22:30:00,85.6,85.7,85.5,85.6,171.764
2023-02-01 23:00:00,85.6,85.9,85.3,85.9,458.337
2023-02-01 23:30:00,85.9,85.9,85.3,85.8,161.87
2023-02-02 00:00:00,85.9,86.1,85.6,85.6,815.264
2023-02-02 00:30:00,85.6,86.5,85.6,86.4,986.724
2023-02-02 01:00:00,86.3,86.3,85.6,86.0,653.094
2023-02-02 01:30:00,85.9,85.9,85.7,85.7,310.735
2023-02-02 02:00:00,85.7,85.7,85.4,85.5,169.717
2023-02-02 02:30:00,85.5,85.8,85.4,85.7,97.768
2023-02-02 03:00:00,85.7,86.1,85.7,86.1,421.864
2023-02-02 03:30:00,86.2,86.3,86.0,86.0,475.195
2023-02-02 04:00:00,86.1,86.3,86.0,86.0,240.739
2023-02-02 04:30:00,86.0,86.3,86.0,86.2,50.176
2023-02-02 05:00:00,86.2,86.3,86.0,86.0,474.839
2023-02-02 05:30:00,86.0,86.1,85.3,85.9,527.005
2023-02-02 06:00:00,85.9,86.0,85.6,85.8,498.807
2023-02-02 06:30:00,85.8,86.1,85.8,86.0,95.747
2023-02-02 07:00:00,85.9,86.2,85.9,86.1,181.599
2023-02-02 07:30:00,86.1,86.4,85.7,86.3,449.605
2023-02-02 08:00:00,86.2,87.1,86.2,86.9,1368.106
2023-02-02 08:30:00,86.9,86.9,86.6,86.8,346.453
2023-02-02 09:00:00,86.8,87.0,86.8,86.9,333.645
2023-02-02 09:30:00,87.0,87.8,86.8,87.8,780.861
2023-02-02 10:00:00,87.7,91.8,87.6,89.8,6221.235
2023-02-02 10:30:00,89.7,89.7,88.6,89.0,2172.53
2023-02-02 11:00:00,89.2,89.6,88.8,89.1,681.076
2023-02-02 11:30:00,89.0,89.4,88.8,88.8,289.674
2023-02-02 12:00:00,88.8,90.7,88.4,90.6,2117.434
2023-02-02 12:30:00,90.5,96.8,90.0,96.4,6987.969
2023-02-02 13:00:00,96.3,98.5,93.4,94.8,20916.867
2023-02-02 13:30:00,94.7,95.0,93.3,93.8,4273.896
2023-02-02 14:00:00,93.7,93.7,92.3,93.0,2768.213
2023-02-02 14:30:00,93.1,93.1,91.1,91.2,3668.072
2023-02-02 15:00:00,91.4,91.6,90.8,91.5,1664.382
2023-02-02 15:30:00,91.5,92.6,91.5,92.5,872.062
2023-02-02 16:00:00,92.5,93.8,92.5,93.5,2167.188
2023-02-02 16:30:00,93.5,93.5,92.8,92.9,582.246
2023-02-02 17:00:00,92.9,93.1,92.7,93.1,222.136
2023-02-02 17:30:00,93.0,93.5,92.9,93.5,510.292
2023-02-02 18:00:00,93.4,94.2,93.3,93.7,662.771
2023-02-02 18:30:00,93.8,94.2,93.7,93.8,190.497
2023-02-02 19:00:00,93.9,93.9,92.7,92.9,422.563
2023-02-02 19:30:00,92.9,93.0,92.6,92.9,180.7
2023-02-02 20:00:00,92.9,95.2,92.9,93.0,2657.849
2023-02-02 20:30:00,93.1,93.2,92.7,92.9,199.955
2023-02-02 21:00:00,92.9,92.9,92.1,92.6,502.929
2023-02-02 21:30:00,92.6,92.6,91.3,91.6,588.702
2023-02-02 22:00:00,91.5,92.4,91.4,92.0,1103.803
2023-02-02 22:30:00,92.1,93.0,91.9,92.9,239.512
2023-02-02 23:00:00,92.8,92.8,91.9,92.1,722.137
2023-02-02 23:30:00,92.0,92.6,91.9,92.4,161.931
2023-02-03 00:00:00,92.3,92.4,91.8,92.3,470.962
2023-02-03 00:30:00,92.2,92.5,91.8,92.3,333.366
2023-02-03 01:00:00,92.3,92.4,92.0,92.2,668.689
2023-02-03 01:30:00,92.2,92.4,91.7,92.0,398.2
2023-02-03 02:00:00,92.1,92.4,91.5,91.6,506.882
2023-02-03 02:30:00,91.6,91.7,90.8,91.4,1390.231
2023-02-03 03:00:00,91.4,91.4,90.9,91.4,386.33
2023-02-03 03:30:00,91.3,91.7,91.0,91.1,578.151
2023-02-03 04:00:00,91.1,91.2,90.8,91.1,536.353
2023-02-03 04:30:00,91.1,91.5,91.1,91.3,429.937
2023-02-03 05:00:00,91.4,92.2,91.4,92.1,465.149
2023-02-03 05:30:00,92.1,92.2,91.9,92.1,312.409
2023-02-03 06:00:00,92.0,92.4,91.6,91.8,334.667
2023-02-03 06:30:00,91.9,91.9,91.5,91.6,214.943
2023-02-03 07:00:00,91.6,92.3,91.4,91.4,745.146
2023-02-03 07:30:00,91.4,92.4,91.4,91.5,1025.389
2023-02-03 08:00:00,91.6,91.6,91.2,91.5,576.813
2023-02-03 08:30:00,91.4,91.4,91.2,91.3,236.207
2023-02-03 09:00:00,91.4,91.5,91.2,91.5,94.184
2023-02-03 09:30:00,91.5,92.1,91.5,91.6,724.741
2023-02-03 10:00:00,91.7,91.7,91.3,91.3,157.05
2023-02-03 10:30:00,91.3,91.9,91.3,91.6,525.544
2023-02-03 11:00:00,91.7,91.7,90.8,91.2,2884.485
2023-02-03 11:30:00,91.2,91.2,90.6,90.9,951.983
2023-02-03 12:00:00,90.9,91.2,90.7,91.1,498.572
2023-02-03 12:30:00,91.0,91.4,90.8,91.1,372.863
2023-02-03 13:00:00,91.1,91.3,90.7,91.1,336.014
2023-02-03 13:30:00,91.0,91.1,90.2,90.8,1221.519
2023-02-03 14:00:00,90.7,91.2,90.6,91.1,748.442
2023-02-03 14:30:00,91.2,92.2,91.2,92.0,604.894
2023-02-03 15:00:00,92.0,93.2,91.9,92.4,1453.771
2023-02-03 15:30:00,92.4,92.9,92.2,92.3,702.994
2023-02-03 16:00:00,92.3,92.6,92.1,92.2,172.367
2023-02-03 16:30:00,92.3,92.5,92.2,92.3,396.052
2023-02-03 17:00:00,92.3,92.5,92.1,92.5,114.195
2023-02-03 17:30:00,92.4,92.8,92.3,92.5,241.251
2023-02-03 18:00:00,92.4,92.9,92.4,92.7,164.527
2023-02-03 18:30:00,92.7,92.7,92.2,92.6,114.661
2023-02-03 19:00:00,92.7,92.9,92.4,92.8,114.654
2023-02-03 19:30:00,92.8,92.9,92.7,92.8,27.604
2023-02-03 20:00:00,92.7,93.0,92.4,93.0,137.067
2023-02-03 20:30:00,93.0,93.1,92.7,92.7,50.589
2023-02-03 21:00:00,92.7,93.3,92.6,93.2,261.127
2023-02-03 21:30:00,93.2,93.3,92.9,93.2,41.481
2023-02-03 22:00:00,93.2,93.4,93.1,93.4,114.353
2023-02-03 22:30:00,93.4,93.6,93.2,93.5,368.419
2023-02-03 23:00:00,93.5,93.9,93.4,93.8,388.478
2023-02-03 23:30:00,93.8,95.0,93.7,94.6,1413.264
2023-02-04 00:00:00,94.6,94.8,94.0,94.6,598.187
2023-02-04 00:30:00,94.5,95.9,94.5,95.3,930.619
2023-02-04 01:00:00,95.3,96.1,95.0,95.2,794.447
2023-02-04 01:30:00,95.2,95.2,94.7,95.0,427.61
2023-02-04 02:00:00,94.9,95.4,94.4,94.5,369.529
2023-02-04 02:30:00,94.6,94.7,94.1,94.4,226.596
2023-02-04 03:00:00,94.5,94.5,93.0,93.4,816.532
2023-02-04 03:30:00,93.5,93.9,93.4,93.9,374.425
2023-02-04 04:00:00,93.8,94.1,93.4,94.0,240.913
2023-02-04 04:30:00,94.0,94.0,93.7,93.9,120.266
2023-02-04 05:00:00,93.9,94.5,93.9,94.0,225.43
2023-02-04 05:30:00,94.0,94.3,93.8,94.3,308.427
2023-02-04 06:00:00,94.3,94.8,94.3,94.8,174.387
2023-02-04 06:30:00,94.7,95.1,94.6,94.7,225.802
2023-02-04 07:00:00,94.7,95.2,94.7,95.0,385.569
2023-02-04 07:30:00,95.1,95.4,95.0,95.2,264.088
2023-02-04 08:00:00,95.3,95.4,94.5,94.6,377.291
2023-02-04 08:30:00,94.6,94.7,94.5,94.6,162.974
2023-02-04 09:00:00,94.6,95.4,94.5,95.2,323.386
2023-02-04 09:30:00,95.3,95.5,94.9,95.1,250.633
2023-02-04 10:00:00,95.1,95.3,95.1,95.3,170.689
2023-02-04 10:30:00,95.2,95.5,95.1,95.2,145.599
2023-02-04 11:00:00,95.2,95.7,95.2,95.5,114.969
2023-02-04 11:30:00,95.4,95.7,95.3,95.5,315.171
2023-02-04 12:00:00,95.6,96.0,95.1,95.1,571.708
2023-02-04 12:30:00,95.1,95.2,95.0,95.1,152.606
2023-02-04 13:00:00,95.1,95.7,95.1,95.7,452.365
2023-02-04 13:30:00,95.7,96.1,95.6,95.9,350.989
2023-02-04 14:00:00,95.9,95.9,95.6,95.6,338.874
2023-02-04 14:30:00,95.7,96.0,95.6,95.9,273.941
2023-02-04 15:00:00,95.9,97.3,95.8,96.4,1555.792
2023-02-04 15:30:00,96.4,96.4,95.6,95.8,506.722
2023-02-04 16:00:00,95.9,96.4,95.3,95.4,1091.815
2023-02-04 16:30:00,95.4,95.6,94.9,95.3,704.3
2023-02-04 17:00:00,95.4,95.5,95.0,95.1,247.68
2023-02-04 17:30:00,95.1,95.1,94.7,95.0,247.905
2023-02-04 18:00:00,94.9,95.0,94.7,94.9,529.022
2023-02-04 18:30:00,94.9,95.0,94.6,94.6,335.155
2023-02-04 19:00:00,94.6,94.6,93.9,94.3,725.434
2023-02-04 19:30:00,94.2,94.4,94.0,94.3,205.227
2023-02-04 20:00:00,94.2,94.3,93.8,94.0,123.277
2023-02-04 20:30:00,94.0,94.1,93.5,94.1,374.289
2023-02-04 21:00:00,94.1,94.3,93.8,94.2,153.391
2023-02-04 21:30:00,94.1,94.2,93.9,94.1,40.322
2023-02-04 22:00:00,94.1,94.2,93.9,94.2,73.129
2023-02-04 22:30:00,94.2,94.2,93.7,94.0,93.826
2023-02-04 23:00:00,94.0,94.1,93.6,93.9,120.147
2023-02-04 23:30:00,93.8,93.9,93.2,93.5,470.861
2023-02-05 00:00:00,93.5,93.5,93.1,93.4,252.491
2023-02-05 00:30:00,93.3,93.4,92.9,93.0,344.726
2023-02-05 01:00:00,92.9,93.0,92.9,93.0,96.097
2023-02-05 01:30:00,93.0,93.0,92.5,93.0,553.715
2023-02-05 02:00:00,93.0,93.2,92.8,93.2,156.464
2023-02-05 02:30:00,93.2,93.4,93.1,93.3,124.86
2023-02-05 03:00:00,93.2,93.8,93.2,93.7,340.545
2023-02-05 03:30:00,93.7,94.1,93.5,93.9,192.351
2023-02-05 04:00:00,94.0,94.2,93.6,94.2,649.739
2023-02-05 04:30:00,94.2,94.6,94.1,94.4,601.655
2023-02-05 05:00:00,94.4,94.5,94.2,94.3,87.486
2023-02-05 05:30:00,94.3,94.3,93.5,93.7,430.512
2023-02-05 06:00:00,93.7,93.7,93.3,93.5,242.664
2023-02-05 06:30:00,93.4,93.6,93.4,93.6,4.716
2023-02-05 07:00:00,93.5,93.5,93.2,93.2,167.577
2023-02-05 07:30:00,93.2,93.4,93.0,93.3,38.729
2023-02-05 08:00:00,93.3,93.6,93.2,93.6,220.24
2023-02-05 08:30:00,93.5,93.8,93.4,93.5,78.541
2023-02-05 09:00:00,93.5,93.6,93.3,93.3,80.741
2023-02-05 09:30:00,93.2,93.2,93.0,93.2,190.092
2023-02-05 10:00:00,93.1,93.5,93.1,93.2,507.777
2023-02-05 10:30:00,93.2,93.3,92.8,93.1,266.226
2023-02-05 11:00:00,93.0,93.3,92.6,92.7,724.048
2023-02-05 11:30:00,92.7,92.8,92.0,92.4,1123.539
2023-02-05 12:00:00,92.4,92.5,92.0,92.1,287.825
2023-02-05 12:30:00,92.2,92.2,90.5,90.8,1926.458
2023-02-05 13:00:00,90.6,90.6,89.3,90.3,1809.538
2023-02-05 13:30:00,90.5,90.5,89.8,90.2,901.879
2023-02-05 14:00:00,90.1,90.3,89.6,90.0,661.694
2023-02-05 14:30:00,90.0,90.4,90.0,90.3,156.595
2023-02-05 15:00:00,90.4,90.6,90.2,90.2,503.83
2023-02-05 15:30:00,90.2,90.2,89.6,89.7,679.071
2023-02-05 16:00:00,89.7,90.1,89.4,90.1,440.998
2023-02-05 16:30:00,90.1,90.1,89.6,89.6,169.039
2023-02-05 17:00:00,89.6,89.9,89.0,89.5,449.215
2023-02-05 17:30:00,89.5,89.5,88.7,89.3,906.055
2023-02-05 18:00:00,89.3,89.8,89.3,89.6,125.569
2023-02-05 18:30:00,89.7,90.3,89.7,89.9,707.41
2023-02-05 19:00:00,89.9,90.2,89.7,90.2,133.657
2023-02-05 19:30:00,90.1,90.2,90.0,90.2,53.705
2023-02-05 20:00:00,90.2,90.3,89.9,90.3,66.548
2023-02-05 20:30:00,90.3,90.3,90.0,90.0,52.113
2023-02-05 21:00:00,90.0,90.1,89.6,90.1,93.277
2023-02-05 21:30:00,90.2,90.4,90.1,90.4,64.069
2023-02-05 22:00:00,90.3,90.6,90.3,90.6,76.587
2023-02-05 22:30:00,90.6,90.9,90.6,90.6,105.502
2023-02-05 23:00:00,90.6,90.7,90.4,90.5,95.469
2023-02-05 23:30:00,90.6,90.6,90.4,90.4,285.662
2023-02-06 00:00:00,90.5,91.1,90.4,91.0,214.671
2023-02-06 00:30:00,91.0,91.2,91.0,91.1,117.05
2023-02-06 01:00:00,91.1,92.5,91.1,92.1,1632.211
2023-02-06 01:30:00,92.2,93.1,92.0,93.0,859.155
2023-02-06 02:00:00,93.0,93.4,92.4,92.8,559.09
2023-02-06 02:30:00,92.6,93.1,92.4,92.4,168.908
2023-02-06 03:00:00,92.4,92.5,91.9,92.0,659.22
2023-02-06 03:30:00,92.1,92.2,91.8,91.8,234.389
2023-02-06 04:00:00,91.9,91.9,91.7,91.8,94.983
2023-02-06 04:30:00,91.8,91.8,91.6,91.6,158.713
2023-02-06 05:00:00,91.7,91.7,88.7,90.4,1225.595
2023-02-06 05:30:00,90.4,90.5,90.0,90.5,203.885
2023-02-06 06:00:00,90.6,90.7,90.1,90.4,154.976
2023-02-06 06:30:00,90.3,90.4,90.0,90.4,263.32
2023-02-06 07:00:00,90.2,90.5,90.2,90.5,229.652
2023-02-06 07:30:00,90.5,91.2,90.5,91.2,203.05
2023-02-06 08:00:00,91.2,91.5,90.6,90.7,739.121
2023-02-06 08:30:00,90.6,91.4,90.6,91.2,1365.106
2023-02-06 09:00:00,91.2,91.6,90.9,91.4,606.173
2023-02-06 09:30:00,91.4,91.7,91.2,91.2,231.162
2023-02-06 10:00:00,91.2,91.4,91.1,91.4,63.362
2023-02-06 10:30:00,91.3,91.3,90.8,91.0,154.844
2023-02-06 11:00:00,91.1,91.1,90.3,90.4,592.533
2023-02-06 11:30:00,90.3,90.9,90.3,90.8,127.767
2023-02-06 12:00:00,90.9,91.1,90.5,90.5,142.534
2023-02-06 12:30:00,90.6,91.3,90.5,91.2,815.397
2023-02-06 13:00:00,91.2,92.2,91.1,91.3,598.582
2023-02-06 13:30:00,91.3,91.3,91.0,91.0,230.326
2023-02-06 14:00:00,91.0,92.2,90.8,91.7,1344.515
2023-02-06 14:30:00,91.8,92.1,91.5,91.8,223.349
2023-02-06 15:00:00,91.8,91.9,91.4,91.5,202.996
2023-02-06 15:30:00,91.5,92.3,91.3,92.2,224.545
2023-02-06 16:00:00,92.3,93.0,92.3,92.8,399.335
2023-02-06 16:30:00,92.9,92.9,92.1,92.2,137.957
2023-02-06 17:00:00,92.2,92.6,92.2,92.3,48.215
2023-02-06 17:30:00,92.4,92.6,92.3,92.4,68.137
2023-02-06 18:00:00,92.4,92.9,92.3,92.7,265.193
2023-02-06 18:30:00,92.4,93.0,92.4,92.9,109.125
2023-02-06 19:00:00,92.9,93.1,92.9,92.9,18.191
2023-02-06 19:30:00,92.9,92.9,92.6,92.8,107.701
2023-02-06 20:00:00,92.7,92.8,92.5,92.6,102.24
2023-02-06 20:30:00,92.5,92.6,92.4,92.6,12.875
2023-02-06 21:00:00,92.5,92.5,92.3,92.3,77.84
2023-02-06 21:30:00,92.3,92.3,91.9,92.0,117.521
2023-02-06 22:00:00,92.0,92.0,91.8,91.8,85.127
2023-02-06 22:30:00,91.8,92.2,91.7,92.2,58.365
2023-02-06 23:00:00,92.2,92.2,90.3,90.8,1170.374
2023-02-06 23:30:00,90.7,91.9,90.3,91.9,1075.103
2023-02-07 00:00:00,91.9,92.2,91.1,92.2,1020.827
2023-02-07 00:30:00,92.2,92.2,91.7,92.2,536.215
2023-02-07 01:00:00,92.3,94.3,91.9,94.1,3430.415
2023-02-07 01:30:00,94.1,96.0,94.1,95.5,5400.386
2023-02-07 02:00:00,95.4,97.9,95.1,97.8,4994.686
2023-02-07 02:30:00,97.7,98.5,97.1,98.0,3711.025
2023-02-07 03:00:00,97.9,98.7,96.6,97.1,5480.882
2023-02-07 03:30:00,97.2,100.9,97.2,99.3,5027.138
2023-02-07 04:00:00,99.3,100.0,97.7,99.6,3264.293
2023-02-07 04:30:00,99.6,101.6,99.0,100.7,3433.541
2023-02-07 05:00:00,100.8,101.2,100.0,100.2,3347.328
2023-02-07 05:30:00,100.3,100.6,98.6,99.1,4199.935
2023-02-07 06:00:00,99.1,99.3,98.4,98.8,1547.766
2023-02-07 06:30:00,98.9,99.9,98.9,99.5,1698.472
2023-02-07 07:00:00,99.5,100.3,99.4,99.6,1350.354
2023-02-07 07:30:00,99.6,100.4,99.6,100.1,856.854
2023-02-07 08:00:00,100.1,100.9,99.3,99.3,1787.79
2023-02-07 08:30:00,99.3,100.2,99.0,99.9,1286.608
2023-02-07 09:00:00,99.9,100.9,99.6,99.8,1843.692
2023-02-07 09:30:00,99.8,100.4,98.9,99.2,2104.119
2023-02-07 10:00:00,99.3,99.5,98.3,98.4,1000.53
2023-02-07 10:30:00,98.4,98.9,98.4,98.7,423.181
2023-02-07 11:00:00,98.7,99.2,98.5,98.8,900.596
2023-02-07 11:30:00,98.7,99.4,98.7,99.2,859.845
2023-02-07 12:00:00,99.2,99.7,98.8,98.9,410.594
2023-02-07 12:30:00,98.9,99.2,97.4,98.2,2430.941
2023-02-07 13:00:00,98.2,98.6,98.1,98.3,635.274
2023-02-07 13:30:00,98.3,98.8,98.1,98.3,378.504
2023-02-07 14:00:00,98.4,99.1,98.2,98.3,1196.598
2023-02-07 14:30:00,98.3,98.7,98.1,98.2,436.157
2023-02-07 15:00:00,98.2,98.4,97.8,98.0,852.529
2023-02-07 15:30:00,98.1,99.3,98.0,99.1,1063.145
2023-02-07 16:00:00,99.1,99.8,99.0,99.8,893.217
2023-02-07 16:30:00,99.8,100.4,99.1,99.3,1084.462
2023-02-07 17:00:00,99.3,99.5,99.0,99.1,245.216
2023-02-07 17:30:00,99.1,100.3,99.1,100.0,580.1
2023-02-07 18:00:00,100.0,100.2,98.8,99.4,800.341
2023-02-07 18:30:00,99.2,100.1,99.0,100.0,669.238
2023-02-07 19:00:00,100.1,100.7,99.7,99.9,602.954
2023-02-07 19:30:00,99.8,100.1,99.7,99.9,162.213
2023-02-07 20:00:00,100.0,100.3,99.9,100.2,192.581
2023-02-07 20:30:00,100.2,100.3,99.8,99.9,230.056
2023-02-07 21:00:00,99.9,100.2,99.7,99.9,256.974
2023-02-07 21:30:00,100.0,100.4,99.9,100.0,342.343
2023-02-07 22:00:00,100.1,100.6,99.7,100.4,663.03
2023-02-07 22:30:00,100.6,100.6,100.2,100.4,441.601
2023-02-07 23:00:00,100.4,100.9,100.3,100.4,599.693
2023-02-07 23:30:00,100.4,100.7,99.9,100.0,218.991
2023-02-08 00:00:00,100.0,101.1,100.0,100.5,1768.306
2023-02-08 00:30:00,100.5,102.8,100.2,102.2,2452.694
2023-02-08 01:00:00,102.3,102.6,101.9,102.4,2395.97
2023-02-08 01:30:00,102.4,104.5,102.1,102.2,6073.483
2023-02-08 02:00:00,102.3,102.3,101.4,101.4,1400.509
2023-02-08 02:30:00,101.4,101.7,100.8,100.8,1302.056
2023-02-08 03:00:00,100.9,101.2,100.6,101.0,904.917
2023-02-08 03:30:00,101.1,101.1,100.6,101.0,495.287
2023-02-08 04:00:00,101.0,101.9,101.0,101.4,886.186
2023-02-08 04:30:00,101.4,102.4,100.8,101.9,3315.146
2023-02-08 05:00:00,101.9,101.9,101.2,101.2,878.452
2023-02-08 05:30:00,101.2,101.3,100.6,101.0,927.496
2023-02-08 06:00:00,101.2,101.2,100.5,100.8,1198.624
2023-02-08 06:30:00,100.8,100.8,100.3,100.4,672.38
2023-02-08 07:00:00,100.5,100.7,99.6,100.1,2314.607
2023-02-08 07:30:00,100.1,101.1,99.9,101.0,1180.89
2023-02-08 08:00:00,101.0,102.4,100.8,101.9,3845.613
2023-02-08 08:30:00,102.0,107.0,101.4,106.0,8042.744
2023-02-08 09:00:00,106.0,108.8,105.8,108.0,13854.196
2023-02-08 09:30:00,108.0,109.0,107.1,107.7,6464.6
2023-02-08 10:00:00,107.9,107.9,106.1,106.1,6121.334
2023-02-08 10:30:00,106.2,107.6,105.7,107.0,2661.937
2023-02-08 11:00:00,107.1,107.3,106.4,107.1,1464.267
2023-02-08 11:30:00,107.1,107.8,106.8,107.6,939.046
2023-02-08 12:00:00,107.6,108.8,107.3,107.8,1556.304
2023-02-08 12:30:00,107.9,108.1,107.2,107.5,1303.974
2023-02-08 13:00:00,107.6,114.1,107.5,110.7,24271.861
2023-02-08 13:30:00,110.6,113.6,109.8,113.0,6342.023
2023-02-08 14:00:00,113.0,113.3,110.5,110.7,4146.385
2023-02-08 14:30:00,110.6,113.0,110.4,112.2,3038.06
2023-02-08 15:00:00,112.2,119.6,111.2,117.1,12955.988
2023-02-08 15:30:00,117.2,117.2,114.2,114.8,7633.984
2023-02-08 16:00:00,114.8,117.0,114.0,116.7,6717.584
2023-02-08 16:30:00,116.5,118.7,114.2,117.5,5329.786
2023-02-08 17:00:00,117.6,119.2,116.0,116.1,6154.758
2023-02-08 17:30:00,116.1,117.5,115.4,116.7,2069.666
2023-02-08 18:00:00,116.8,116.9,114.9,115.1,2053.84
2023-02-08 18:30:00,115.1,115.9,114.8,114.9,1624.829
2023-02-08 19:00:00,115.0,116.6,115.0,115.9,1543.781
2023-02-08 19:30:00,115.9,116.4,115.1,115.4,571.772
2023-02-08 20:00:00,115.4,117.2,115.0,116.3,852.049
2023-02-08 20:30:00,116.4,117.3,115.5,115.5,1060.794
2023-02-08 21:00:00,115.5,116.7,114.8,116.5,1114.835
2023-02-08 21:30:00,116.5,117.0,116.0,116.3,490.365
2023-02-08 22:00:00,116.3,117.7,116.2,116.6,1735.304
2023-02-08 22:30:00,116.7,116.8,116.2,116.3,860.494
2023-02-08 23:00:00,116.4,117.5,116.3,117.1,1395.809
2023-02-08 23:30:00,117.1,117.2,114.9,115.2,2929.321
2023-02-09 00:00:00,115.2,115.6,114.0,115.6,2233.301
2023-02-09 00:30:00,115.7,116.9,115.6,115.8,2350.687
2023-02-09 01:00:00,115.8,120.5,115.2,118.9,6315.429
2023-02-09 01:30:00,118.8,119.8,117.4,117.8,3749.136
2023-02-09 02:00:00,117.8,119.7,117.3,118.7,2989.646
2023-02-09 02:30:00,118.7,118.7,116.1,116.1,3541.996
2023-02-09 03:00:00,116.1,116.2,110.9,112.8,11953.018
2023-02-09 03:30:00,112.9,116.2,112.5,115.4,5766.062
2023-02-09 04:00:00,115.3,124.0,115.1,120.1,40911.852
2023-02-09 04:30:00,120.0,128.2,118.8,123.9,23121.809
2023-02-09 05:00:00,123.6,127.0,122.4,124.8,14436.342
2023-02-09 05:30:00,124.8,127.3,124.4,125.1,6724.478
2023-02-09 06:00:00,125.2,127.8,122.7,124.7,13004.466
2023-02-09 06:30:00,124.7,126.7,123.6,125.6,4606.188
2023-02-09 07:00:00,125.7,127.0,125.2,126.9,5275.496
2023-02-09 07:30:00,126.9,127.4,125.7,126.1,3179.596
2023-02-09 08:00:00,126.1,129.2,125.4,128.5,8079.763
2023-02-09 08:30:00,128.5,130.6,126.7,127.6,4508.37
2023-02-09 09:00:00,127.7,127.7,125.3,126.8,2497.534
2023-02-09 09:30:00,126.7,131.9,126.6,130.1,10021.962
2023-02-09 10:00:00,130.1,134.8,128.5,129.4,11329.04
2023-02-09 10:30:00,129.3,130.7,127.0,128.7,6506.62
2023-02-09 11:00:00,128.8,129.2,126.6,126.8,3557.585
2023-02-09 11:30:00,126.8,127.8,125.7,126.5,3226.229
2023-02-09 12:00:00,126.3,127.2,125.8,126.5,2823.222
2023-02-09 12:30:00,126.4,129.5,126.4,128.0,3141.427
2023-02-09 13:00:00,128.1,128.9,127.2,127.3,3001.295
2023-02-09 13:30:00,127.3,129.1,126.9,128.3,2814.063
2023-02-09 14:00:00,128.3,130.4,126.7,126.8,3033.195
2023-02-09 14:30:00,126.8,127.3,126.2,126.6,2604.659
2023-02-09 15:00:00,126.9,127.6,125.5,125.7,1976.693
2023-02-09 15:30:00,125.8,126.6,124.7,125.7,3392.821
2023-02-09 16:00:00,125.8,128.3,125.2,126.3,4239.777
2023-02-09 16:30:00,126.4,127.8,125.2,126.7,3234.457
2023-02-09 17:00:00,126.9,127.8,125.7,125.9,1961.105
2023-02-09 17:30:00,125.9,127.0,125.2,126.7,1502.056
2023-02-09 18:00:00,126.7,127.2,125.5,125.5,1169.577
2023-02-09 18:30:00,125.5,126.6,125.5,125.9,764.004
2023-02-09 19:00:00,126.1,127.3,125.0,125.3,1999.763
2023-02-09 19:30:00,125.1,128.1,122.1,125.4,7351.596
2023-02-09 20:00:00,125.5,125.8,123.0,124.7,2144.598
2023-02-09 20:30:00,124.6,125.0,123.2,123.8,1126.808
2023-02-09 21:00:00,123.8,124.2,122.9,123.8,1436.449
2023-02-09 21:30:00,123.9,124.8,121.4,124.4,2812.61
2023-02-09 22:00:00,124.6,125.8,123.4,123.5,1460.386
2023-02-09 22:30:00,123.6,123.6,119.3,121.2,3523.271
2023-02-09 23:00:00,121.2,122.3,115.8,118.0,10874.833
2023-02-09 23:30:00,117.9,117.9,112.2,112.3,10085.408
2023-02-10 00:00:00,112.4,113.6,111.5,113.2,6040.286
2023-02-10 00:30:00,113.3,117.4,113.0,117.1,6403.936
2023-02-10 01:00:00,117.2,119.5,111.7,112.1,11765.894
2023-02-10 01:30:00,112.0,114.5,111.7,113.8,4090.563
2023-02-10 02:00:00,113.9,116.6,113.9,115.7,2601.512
2023-02-10 02:30:00,115.8,118.3,115.8,118.1,2661.022
2023-02-10 03:00:00,118.2,121.8,118.1,120.3,8122.148
2023-02-10 03:30:00,120.4,120.4,118.5,118.5,2128.922
2023-02-10 04:00:00,118.6,121.7,117.2,121.2,5994.462
2023-02-10 04:30:00,121.0,137.0,120.0,120.0,113970.74
2023-02-10 05:00:00,120.0,124.2,117.9,121.0,30197.748
2023-02-10 05:30:00,120.9,121.4,119.0,120.4,11101.983
2023-02-10 06:00:00,120.5,123.8,120.4,122.9,7203.682
2023-02-10 06:30:00,122.9,125.6,120.0,121.3,24043.69
2023-02-10 07:00:00,121.3,121.8,117.3,117.6,7460.964
2023-02-10 07:30:00,117.5,118.2,114.6,115.5,17026.984
2023-02-10 08:00:00,115.5,118.3,115.2,116.7,9409.214
2023-02-10 08:30:00,116.8,117.6,115.5,116.0,5454.028
2023-02-10 09:00:00,116.0,116.1,114.5,115.4,3954.804
2023-02-10 09:30:00,115.4,117.8,115.3,116.9,3732.821
2023-02-10 10:00:00,116.9,117.8,116.1,116.1,4274.793
2023-02-10 10:30:00,116.2,116.7,115.6,116.4,1908.628
2023-02-10 11:00:00,116.5,117.1,115.7,116.4,2349.891
2023-02-10 11:30:00,116.4,116.7,114.6,115.0,2902.032
2023-02-10 12:00:00,115.1,116.9,115.1,116.0,2704.124
2023-02-10 12:30:00,116.0,119.5,115.9,117.9,5554.42
2023-02-10 13:00:00,118.0,121.1,117.8,120.2,4880.576
2023-02-10 13:30:00,120.3,120.5,118.0,118.3,4756.935
2023-02-10 14:00:00,118.1,118.9,115.6,116.3,8323.058
2023-02-10 14:30:00,116.2,117.8,115.6,117.0,6245.643
2023-02-10 15:00:00,116.9,117.9,116.4,116.6,6544.558
2023-02-10 15:30:00,116.6,117.3,113.2,114.4,5346.332
2023-02-10 16:00:00,114.5,116.7,112.9,114.7,6471.119
2023-02-10 16:30:00,114.7,115.9,113.9,115.7,2566.589
2023-02-10 17:00:00,115.7,117.0,115.2,116.4,2244.355
2023-02-10 17:30:00,116.3,117.5,116.1,116.6,1497.463
2023-02-10 18:00:00,116.5,118.6,116.5,118.4,1402.238
2023-02-10 18:30:00,118.4,119.3,118.0,119.1,918.671
2023-02-10 19:00:00,119.1,119.8,117.5,118.0,1998.701
2023-02-10 19:30:00,118.0,118.3,117.1,117.7,911.066
2023-02-10 20:00:00,117.8,118.9,117.7,118.3,1019.376
2023-02-10 20:30:00,118.3,119.2,118.0,118.8,766.107
2023-02-10 21:00:00,118.8,119.4,117.6,117.6,979.277
2023-02-10 21:30:00,117.6,118.1,115.9,116.4,1275.836
2023-02-10 22:00:00,116.5,118.4,116.3,117.6,800.653
2023-02-10 22:30:00,117.8,118.4,116.7,117.6,679.801
2023-02-10 23:00:00,117.5,120.5,116.7,118.7,2869.388
2023-02-10 23:30:00,118.7,119.5,118.0,118.0,878.744
2023-02-11 00:00:00,118.2,121.8,117.7,121.4,2812.084
2023-02-11 00:30:00,121.6,123.0,121.2,121.4,1901.218
2023-02-11 01:00:00,121.4,125.0,121.4,124.9,3979.479
2023-02-11 01:30:00,124.8,125.7,123.4,124.6,3014.23
2023-02-11 02:00:00,124.7,125.3,122.0,123.0,2618.367
2023-02-11 02:30:00,123.0,124.0,121.3,123.2,1575.658
2023-02-11 03:00:00,123.2,125.0,122.3,123.0,2119.139
2023-02-11 03:30:00,123.1,125.0,122.2,123.8,2391.553
2023-02-11 04:00:00,124.0,126.1,124.0,126.0,1384.677
2023-02-11 04:30:00,126.0,126.4,123.9,124.0,930.117
2023-02-11 05:00:00,124.0,125.1,123.5,124.2,853.762
2023-02-11 05:30:00,124.2,125.5,123.9,124.3,365.346
2023-02-11 06:00:00,124.3,124.5,123.2,123.4,1155.593
2023-02-11 06:30:00,123.5,125.6,123.5,124.5,970.093
2023-02-11 07:00:00,124.5,124.6,123.0,124.3,795.631
2023-02-11 07:30:00,124.3,125.5,123.3,124.0,1096.696
2023-02-11 08:00:00,124.0,127.5,123.4,124.5,3925.902
2023-02-11 08:30:00,124.5,124.5,123.9,124.3,380.236
2023-02-11 09:00:00,124.3,124.9,124.0,124.0,765.308
2023-02-11 09:30:00,124.0,124.6,124.0,124.0,333.707
2023-02-11 10:00:00,124.0,124.8,123.6,124.3,531.672
2023-02-11 10:30:00,124.3,124.8,123.9,124.0,251.162
2023-02-11 11:00:00,124.0,124.1,123.6,123.8,403.348
2023-02-11 11:30:00,123.8,123.9,123.4,123.9,380.27
2023-02-11 12:00:00,123.9,124.1,123.0,123.4,424.547
2023-02-11 12:30:00,123.4,123.7,123.3,123.5,200.962
2023-02-11 13:00:00,123.5,124.7,123.2,123.2,1215.301
2023-02-11 13:30:00,123.3,123.4,121.2,122.3,1461.116
2023-02-11 14:00:00,122.3,123.6,122.0,123.1,566.264
2023-02-11 14:30:00,123.2,123.3,121.8,122.6,817.311
2023-02-11 15:00:00,122.5,123.5,121.2,122.2,1056.375
2023-02-11 15:30:00,122.2,123.6,122.2,123.6,244.631
2023-02-11 16:00:00,123.6,124.1,123.0,123.9,547.333
2023-02-11 16:30:00,124.0,124.0,121.2,121.8,1114.702
2023-02-11 17:00:00,121.8,122.0,121.1,121.2,390.321
2023-02-11 17:30:00,121.4,122.3,120.6,121.0,797.776
2023-02-11 18:00:00,120.9,121.9,119.9,121.4,500.353
2023-02-11 18:30:00,121.4,121.9,121.3,121.6,176.275
2023-02-11 19:00:00,121.7,126.7,121.5,125.1,2172.333
2023-02-11 19:30:00,125.3,128.0,125.1,126.0,1446.37
2023-02-11 20:00:00,126.0,128.2,124.2,126.2,1978.526
2023-02-11 20:30:00,126.2,126.5,125.4,125.7,206.876
2023-02-11 21:00:00,125.9,127.0,125.7,126.3,142.135
2023-02-11 21:30:00,126.3,127.0,125.9,126.1,216.711
2023-02-11 22:00:00,126.4,126.7,125.1,125.9,256.051
2023-02-11 22:30:00,126.0,127.0,125.2,126.6,248.503
2023-02-11 23:00:00,126.6,129.0,125.7,126.0,626.619
2023-02-11 23:30:00,126.1,127.6,125.9,125.9,322.26
2023-02-12 00:00:00,126.0,128.4,125.3,127.8,626.908
2023-02-12 00:30:00,127.7,127.9,125.7,125.8,448.711
2023-02-12 01:00:00,125.9,128.0,125.7,127.5,295.581
2023-02-12 01:30:00,127.5,128.8,127.4,128.1,425.632
2023-02-12 02:00:00,128.1,129.0,127.0,127.4,1200.099
2023-02-12 02:30:00,127.5,129.4,127.5,128.4,1610.941
2023-02-12 03:00:00,128.4,130.0,128.1,129.6,1923.354
2023-02-12 03:30:00,129.7,133.0,129.5,132.0,2101.3
2023-02-12 04:00:00,132.1,134.2,130.5,131.5,1626.165
2023-02-12 04:30:00,131.5,136.6,131.5,135.4,3541.056
2023-02-12 05:00:00,135.6,139.0,134.8,137.3,4009.103
2023-02-12 05:30:00,137.3,139.8,135.5,139.2,3223.309
2023-02-12 06:00:00,139.3,142.8,138.0,138.3,3548.123
2023-02-12 06:30:00,138.3,142.7,138.0,140.7,2491.816
2023-02-12 07:00:00,140.5,142.5,139.5,141.6,1392.124
2023-02-12 07:30:00,141.7,148.3,141.2,146.0,7090.673
2023-02-12 08:00:00,145.8,150.0,145.1,148.2,5525.888
2023-02-12 08:30:00,148.2,148.7,145.1,146.3,3058.988
2023-02-12 09:00:00,146.3,148.0,145.0,145.1,3221.56
2023-02-12 09:30:00,145.1,145.7,140.0,144.4,8242.801
2023-02-12 10:00:00,144.4,145.5,143.2,145.2,1332.231
2023-02-12 10:30:00,145.3,150.0,144.3,149.7,5056.027
2023-02-12 11:00:00,149.6,161.5,149.1,158.7,12451.896
2023-02-12 11:30:00,158.8,160.5,151.3,153.7,6165.464
2023-02-12 12:00:00,153.7,154.3,147.9,151.5,3345.059
2023-02-12 12:30:00,151.4,154.6,148.5,149.4,3648.096
2023-02-12 13:00:00,149.4,153.8,147.9,152.2,1736.886
2023-02-12 13:30:00,152.2,155.4,147.0,148.3,3194.456
2023-02-12 14:00:00,148.3,149.9,147.3,148.4,1038.858
2023-02-12 14:30:00,148.2,148.6,147.1,147.6,757.203
2023-02-12 15:00:00,147.3,149.0,145.2,145.8,1171.728
2023-02-12 15:30:00,145.8,145.9,143.7,144.2,1606.259
2023-02-12 16:00:00,144.0,152.9,144.0,152.4,1546.965
2023-02-12 16:30:00,152.5,154.8,148.9,154.1,2175.867
2023-02-12 17:00:00,154.0,154.3,152.5,152.5,909.38
2023-02-12 17:30:00,152.5,153.3,150.5,151.2,481.063
2023-02-12 18:00:00,151.6,153.0,150.6,152.0,177.007
2023-02-12 18:30:00,152.0,152.1,150.5,151.5,437.614
2023-02-12 19:00:00,151.9,153.1,151.1,151.2,178.305
2023-02-12 19:30:00,151.2,152.2,150.8,151.0,372.421
2023-02-12 20:00:00,151.0,152.9,150.6,151.3,301.312
2023-02-12 20:30:00,151.4,154.2,151.1,153.0,576.771
2023-02-12 21:00:00,153.1,153.7,150.8,151.9,452.49
2023-02-12 21:30:00,151.8,152.3,149.0,150.1,419.535
2023-02-12 22:00:00,150.1,150.5,147.9,149.1,572.905
2023-02-12 22:30:00,149.1,152.8,149.0,151.0,1110.805
2023-02-12 23:00:00,151.0,152.6,147.0,147.4,3169.122
2023-02-12 23:30:00,147.1,148.6,147.0,147.1,716.252
2023-02-13 00:00:00,147.1,152.7,147.0,148.2,2005.388
2023-02-13 00:30:00,148.1,153.1,147.8,151.2,1197.152
2023-02-13 01:00:00,151.3,151.9,147.8,147.8,784.627
2023-02-13 01:30:00,147.8,150.7,147.1,148.4,1420.957
2023-02-13 02:00:00,148.3,149.8,147.3,147.6,686.33
2023-02-13 02:30:00,147.7,149.0,147.1,148.8,711.365
2023-02-13 03:00:00,149.0,154.9,148.6,154.2,3467.573
2023-02-13 03:30:00,154.4,160.0,154.2,158.4,4090.116
2023-02-13 04:00:00,158.3,164.8,156.0,162.4,5392.015
2023-02-13 04:30:00,162.4,171.2,159.0,170.4,6554.323
2023-02-13 05:00:00,170.1,178.0,166.7,177.2,14679.021
2023-02-13 05:30:00,177.2,184.8,172.5,173.8,11047.48
2023-02-13 06:00:00,173.8,176.9,167.8,168.8,6517.762
2023-02-13 06:30:00,168.6,177.0,168.4,173.7,4709.227
2023-02-13 07:00:00,173.7,174.5,170.4,171.4,1765.386
2023-02-13 07:30:00,171.4,178.8,171.0,171.6,3350.573
2023-02-13 08:00:00,171.7,172.6,163.5,165.3,11608.291
2023-02-13 08:30:00,165.6,166.4,157.6,163.6,8553.472
2023-02-13 09:00:00,163.6,165.4,157.1,162.0,8074.346
2023-02-13 09:30:00,162.4,170.5,161.3,166.0,7301.57
2023-02-13 10:00:00,165.8,173.0,165.0,166.7,6354.426
2023-02-13 10:30:00,166.7,168.4,161.0,161.8,4122.863
2023-02-13 11:00:00,161.8,164.3,160.1,163.9,1888.577
2023-02-13 11:30:00,164.1,169.9,162.8,167.9,4548.906
2023-02-13 12:00:00,168.0,169.9,162.6,165.0,3815.386
2023-02-13 12:30:00,165.1,165.4,161.4,162.5,1536.912
2023-02-13 13:00:00,162.3,166.0,161.6,165.3,1472.986
2023-02-13 13:30:00,165.3,173.8,164.8,167.4,8309.993
2023-02-13 14:00:00,167.3,174.2,166.9,172.9,4214.387
2023-02-13 14:30:00,173.2,179.6,170.0,176.0,5833.69
2023-02-13 15:00:00,175.8,177.3,168.4,169.2,3461.743
2023-02-13 15:30:00,169.0,171.2,167.0,168.2,2025.679
2023-02-13 16:00:00,168.0,168.9,165.5,166.5,1534.065
2023-02-13 16:30:00,166.5,169.5,165.0,168.5,2963.381
2023-02-13 17:00:00,168.7,172.0,166.1,166.5,1609.077
2023-02-13 17:30:00,166.5,170.0,165.6,168.5,1142.901
2023-02-13 18:00:00,168.6,174.5,168.4,170.5,2417.572
2023-02-13 18:30:00,170.7,172.5,168.5,169.8,1786.88
2023-02-13 19:00:00,170.2,170.9,168.0,168.1,811.028
2023-02-13 19:30:00,168.1,171.3,168.1,168.8,794.763
2023-02-13 20:00:00,168.8,172.9,168.8,171.5,1231.177
2023-02-13 20:30:00,171.6,174.5,171.1,171.2,1248.424
2023-02-13 21:00:00,171.5,172.9,168.4,168.7,1109.102
2023-02-13 21:30:00,168.6,170.8,168.4,170.1,523.894
2023-02-13 22:00:00,170.1,172.6,169.8,171.2,828.45
2023-02-13 22:30:00,171.2,171.3,168.6,169.1,805.559
2023-02-13 23:00:00,169.0,172.2,168.6,172.2,757.786
2023-02-13 23:30:00,172.2,175.6,172.0,175.1,1462.81
2023-02-14 00:00:00,175.2,178.3,171.1,174.8,5212.842
2023-02-14 00:30:00,174.7,177.0,172.0,172.6,1893.715
2023-02-14 01:00:00,172.4,173.3,171.4,171.4,1192.006
2023-02-14 01:30:00,171.7,175.1,169.3,169.9,2654.364
2023-02-14 02:00:00,170.0,170.1,162.1,163.4,5618.969
2023-02-14 02:30:00,163.4,167.4,162.0,163.5,3850.075
2023-02-14 03:00:00,163.7,166.0,157.4,158.2,6905.917
2023-02-14 03:30:00,158.1,161.0,156.0,160.0,4613.979
2023-02-14 04:00:00,159.9,161.9,159.9,161.3,1855.34
2023-02-14 04:30:00,161.5,163.3,160.1,160.9,1399.094
2023-02-14 05:00:00,160.9,161.9,160.1,160.3,688.635
2023-02-14 05:30:00,160.5,160.5,156.2,156.2,1652.845
2023-02-14 06:00:00,156.8,157.9,155.1,155.9,1530.789
2023-02-14 06:30:00,155.9,158.0,155.7,156.4,1037.812
2023-02-14 07:00:00,156.5,157.2,153.1,153.7,1394.216
2023-02-14 07:30:00,153.9,155.2,152.4,155.0,2315.238
2023-02-14 08:00:00,155.1,162.5,154.3,156.3,6700.697
2023-02-14 08:30:00,156.4,157.0,152.5,156.7,1837.127
2023-02-14 09:00:00,156.7,157.5,155.0,155.1,895.923
2023-02-14 09:30:00,155.4,156.0,152.0,154.7,3763.636
2023-02-14 10:00:00,154.5,155.8,153.3,154.1,1250.528
2023-02-14 10:30:00,154.2,156.4,151.8,154.5,2596.172
2023-02-14 11:00:00,154.6,157.1,154.4,154.6,1158.051
2023-02-14 11:30:00,154.6,155.0,140.0,145.5,23952.981
2023-02-14 12:00:00,145.4,147.7,142.7,144.8,5901.201
2023-02-14 12:30:00,144.8,148.3,143.1,143.9,4165.139
2023-02-14 13:00:00,143.9,149.2,143.8,148.6,2898.887
2023-02-14 13:30:00,148.2,152.0,143.0,149.8,8438.846
2023-02-14 14:00:00,149.8,151.7,149.6,150.4,2802.686
2023-02-14 14:30:00,150.4,157.0,146.4,149.6,8680.131
2023-02-14 15:00:00,149.8,151.0,142.3,143.6,18695.717
2023-02-14 15:30:00,143.6,146.7,141.2,145.0,4963.447
2023-02-14 16:00:00,145.0,146.8,144.2,145.2,2085.412
2023-02-14 16:30:00,145.4,146.8,145.1,146.3,901.693
2023-02-14 17:00:00,146.3,147.4,145.0,146.5,1057.302
2023-02-14 17:30:00,146.5,147.7,145.4,147.1,855.977
2023-02-14 18:00:00,147.3,152.5,147.1,148.8,4506.667
2023-02-14 18:30:00,148.9,152.5,148.6,150.8,2519.574
2023-02-14 19:00:00,151.1,152.2,149.0,149.6,1376.301
2023-02-14 19:30:00,149.8,151.9,149.6,150.2,852.227
2023-02-14 20:00:00,150.3,150.8,149.0,149.5,535.362
2023-02-14 20:30:00,149.5,150.3,148.3,150.1,951.551
2023-02-14 21:00:00,150.2,152.3,150.0,150.9,1075.205
2023-02-14 21:30:00,151.0,151.4,148.6,149.2,1267.946
2023-02-14 22:00:00,149.2,149.8,148.4,149.0,446.623
2023-02-14 22:30:00,149.2,150.5,148.9,149.1,571.351
2023-02-14 23:00:00,149.3,149.9,148.8,149.2,328.636
2023-02-14 23:30:00,149.2,149.6,148.3,148.6,1018.539
2023-02-15 00:00:00,148.7,151.1,148.3,150.3,1251.572
2023-02-15 00:30:00,150.5,153.1,149.0,151.9,4086.212
2023-02-15 01:00:00,152.0,157.9,151.9,156.4,5625.567
2023-02-15 01:30:00,156.5,159.5,155.5,156.1,2599.728
2023-02-15 02:00:00,156.0,158.9,154.5,157.2,1995.395
2023-02-15 02:30:00,157.3,158.3,155.6,156.5,974.103
2023-02-15 03:00:00,156.5,157.9,154.7,155.4,786.168
2023-02-15 03:30:00,155.4,155.9,153.4,154.0,1241.768
2023-02-15 04:00:00,154.1,157.1,153.2,155.9,1190.928
2023-02-15 04:30:00,155.9,161.6,155.8,160.4,2747.235
2023-02-15 05:00:00,160.4,164.9,160.0,162.9,4686.454
2023-02-15 05:30:00,162.8,164.3,160.1,162.8,2622.22
2023-02-15 06:00:00,162.8,165.0,161.2,163.8,2340.084
2023-02-15 06:30:00,163.8,164.6,161.4,162.5,1079.184
2023-02-15 07:00:00,162.6,163.1,160.0,160.5,1740.362
2023-02-15 07:30:00,160.5,160.7,157.5,159.2,1863.779
2023-02-15 08:00:00,159.4,159.4,155.9,157.5,1763.015
2023-02-15 08:30:00,157.5,158.0,154.2,154.7,1836.608
2023-02-15 09:00:00,154.6,158.1,154.5,156.4,1041.706
2023-02-15 09:30:00,156.5,158.7,155.3,156.9,1564.998
2023-02-15 10:00:00,156.9,160.0,156.6,158.6,1051.737
2023-02-15 10:30:00,158.5,159.2,156.8,158.4,1368.223
2023-02-15 11:00:00,158.4,158.6,157.0,157.0,757.754
2023-02-15 11:30:00,157.0,162.5,156.7,159.6,4510.056
2023-02-15 12:00:00,159.5,162.4,158.7,159.9,3465.548
2023-02-15 12:30:00,159.9,163.2,159.4,161.2,2593.459
2023-02-15 13:00:00,161.0,162.3,159.5,159.5,1386.13
2023-02-15 13:30:00,159.8,161.5,159.2,160.6,1200.458
2023-02-15 14:00:00,160.9,162.2,160.0,161.4,778.864
2023-02-15 14:30:00,161.5,163.1,161.0,161.1,1839.208
2023-02-15 15:00:00,161.3,166.0,160.9,161.8,4375.851
2023-02-15 15:30:00,161.8,166.0,159.8,162.7,4326.694
2023-02-15 16:00:00,162.6,164.9,161.3,161.7,1788.515
2023-02-15 16:30:00,161.9,162.9,160.4,161.1,1522.578
2023-02-15 17:00:00,161.2,162.0,159.2,159.9,1069.173
2023-02-15 17:30:00,159.9,161.0,159.0,160.2,871.71
2023-02-15 18:00:00,160.3,160.6,159.4,160.2,340.612
2023-02-15 18:30:00,160.4,161.4,160.0,160.2,621.501
2023-02-15 19:00:00,160.2,161.3,159.6,160.3,1608.566
2023-02-15 19:30:00,160.2,160.3,159.0,159.3,1381.988
2023-02-15 20:00:00,159.4,159.8,158.5,159.7,946.769
2023-02-15 20:30:00,159.8,160.3,158.6,160.2,785.566
2023-02-15 21:00:00,160.2,161.9,159.9,161.0,926.601
2023-02-15 21:30:00,161.0,166.0,160.8,164.3,3713.914
2023-02-15 22:00:00,164.3,166.0,161.1,162.3,2806.874
2023-02-15 22:30:00,162.6,165.9,162.1,164.4,1036.178
2023-02-15 23:00:00,164.4,165.0,162.7,164.1,879.008
2023-02-15 23:30:00,164.2,166.9,163.7,165.8,1914.568
2023-02-16 00:00:00,165.8,167.0,164.1,165.4,2005.189
2023-02-16 00:30:00,165.5,170.8,165.3,168.2,4789.684
2023-02-16 01:00:00,168.1,171.7,167.8,168.4,2739.406
2023-02-16 01:30:00,168.2,175.7,168.0,172.6,6732.011
2023-02-16 02:00:00,172.6,176.6,171.7,175.4,4719.057
2023-02-16 02:30:00,175.2,177.0,172.7,175.5,9483.786
2023-02-22 08:00:00,1.755,6.0,1.54,1.598,10354899.9
2023-02-22 08:30:00,1.598,1.599,1.322,1.511,4918136.8
2023-02-22 09:00:00,1.512,1.56,1.427,1.509,1671793.9
2023-02-22 09:30:00,1.508,1.6,1.436,1.456,1377348.4
2023-02-22 10:00:00,1.459,1.56,1.459,1.499,1101801.7
2023-02-22 10:30:00,1.499,1.545,1.45,1.514,725484.2
2023-02-22 11:00:00,1.514,1.732,1.5,1.658,2227392.3
2023-02-22 11:30:00,1.656,1.783,1.603,1.679,2583370.9
2023-02-22 12:00:00,1.678,1.68,1.53,1.584,1412539.4
2023-02-22 12:30:00,1.583,1.583,1.487,1.548,1156345.1
2023-02-22 13:00:00,1.548,1.556,1.5,1.513,460282.0
2023-02-22 13:30:00,1.516,1.565,1.509,1.544,330082.3
2023-02-22 14:00:00,1.544,1.546,1.481,1.524,530965.1
2023-02-22 14:30:00,1.524,1.65,1.513,1.552,1940762.8
2023-02-22 15:00:00,1.552,1.653,1.533,1.618,1735413.4
2023-02-22 15:30:00,1.619,1.625,1.556,1.58,1104748.9
2023-02-22 16:00:00,1.58,1.61,1.555,1.565,572333.8
2023-02-22 16:30:00,1.564,1.576,1.496,1.519,800125.8
2023-02-22 17:00:00,1.516,1.554,1.505,1.551,470499.5
2023-02-22 17:30:00,1.549,1.563,1.518,1.536,243731.5
2023-02-22 18:00:00,1.536,1.555,1.524,1.542,185209.3
2023-02-22 18:30:00,1.542,1.595,1.537,1.558,357113.2
2023-02-22 19:00:00,1.555,1.572,1.488,1.537,419761.6
2023-02-22 19:30:00,1.537,1.56,1.519,1.539,204048.4
2023-02-22 20:00:00,1.542,1.566,1.53,1.556,148735.2
2023-02-22 20:30:00,1.556,1.605,1.506,1.517,385687.8
2023-02-22 21:00:00,1.517,1.558,1.515,1.541,153743.3
2023-02-22 21:30:00,1.543,1.547,1.517,1.53,141465.7
2023-02-22 22:00:00,1.532,1.578,1.53,1.578,115893.0
2023-02-22 22:30:00,1.575,1.575,1.527,1.543,208200.7
2023-02-22 23:00:00,1.542,1.575,1.539,1.563,242478.3
2023-02-22 23:30:00,1.565,1.6,1.55,1.585,295712.4
2023-02-23 00:00:00,1.583,1.637,1.58,1.631,455078.3
2023-02-23 00:30:00,1.629,1.64,1.555,1.586,320961.5
2023-02-23 01:00:00,1.59,1.608,1.566,1.572,202361.3
2023-02-23 01:30:00,1.575,1.601,1.562,1.576,317115.0
2023-02-23 02:00:00,1.579,1.597,1.237,1.472,2613120.2
2023-02-23 02:30:00,1.472,1.493,1.377,1.423,1798810.4
2023-02-23 03:00:00,1.424,1.428,1.35,1.398,1561421.3
2023-02-23 03:30:00,1.399,1.41,1.353,1.379,654667.4
2023-02-23 04:00:00,1.381,1.424,1.36,1.413,619286.6
2023-02-23 04:30:00,1.413,1.447,1.406,1.419,448145.7
2023-02-23 05:00:00,1.423,1.431,1.39,1.419,449304.5
2023-02-23 05:30:00,1.418,1.425,1.4,1.421,216218.5
2023-02-23 06:00:00,1.42,1.421,1.374,1.379,577104.5
2023-02-23 06:30:00,1.38,1.41,1.367,1.407,558873.2
2023-02-23 07:00:00,1.407,1.41,1.354,1.388,706137.7
2023-02-23 07:30:00,1.388,1.401,1.382,1.4,396976.3
2023-02-23 08:00:00,1.399,1.445,1.39,1.44,611521.6
2023-02-23 08:30:00,1.438,1.438,1.404,1.404,423672.8
2023-02-23 09:00:00,1.405,1.427,1.404,1.411,446550.5
2023-02-23 09:30:00,1.41,1.427,1.389,1.413,396347.4
2023-02-23 10:00:00,1.413,1.417,1.395,1.416,206785.9
2023-02-23 10:30:00,1.415,1.431,1.409,1.43,182130.3
2023-02-23 11:00:00,1.428,1.428,1.36,1.372,611727.8
2023-02-23 11:30:00,1.372,1.389,1.307,1.346,1397408.1
2023-02-23 12:00:00,1.347,1.348,1.281,1.306,1548263.4
2023-02-23 12:30:00,1.308,1.322,1.302,1.31,429856.2
2023-02-23 13:00:00,1.309,1.343,1.307,1.338,430461.3
2023-02-23 13:30:00,1.338,1.35,1.295,1.311,405646.3
2023-02-23 14:00:00,1.312,1.341,1.303,1.329,374406.7
2023-02-23 14:30:00,1.329,1.338,1.31,1.336,254204.4
2023-02-23 15:00:00,1.335,1.371,1.321,1.37,492577.3
2023-02-23 15:30:00,1.371,1.375,1.344,1.355,331702.8
2023-02-23 16:00:00,1.355,1.39,1.35,1.371,443025.2
2023-02-23 16:30:00,1.369,1.376,1.35,1.353,235957.0
2023-02-23 17:00:00,1.353,1.367,1.35,1.36,131568.3
2023-02-23 17:30:00,1.36,1.381,1.35,1.362,164700.7
2023-02-23 18:00:00,1.362,1.379,1.313,1.355,285617.8
2023-02-23 18:30:00,1.357,1.377,1.35,1.37,116409.1
2023-02-23 19:00:00,1.369,1.386,1.358,1.359,165202.4
2023-02-23 19:30:00,1.362,1.376,1.355,1.362,65968.2
2023-02-23 20:00:00,1.364,1.375,1.35,1.361,122867.7
2023-02-23 20:30:00,1.361,1.375,1.357,1.364,114434.3
2023-02-23 21:00:00,1.364,1.385,1.361,1.367,106966.1
2023-02-23 21:30:00,1.369,1.371,1.349,1.356,130789.8
2023-02-23 22:00:00,1.356,1.369,1.342,1.353,111503.1
2023-02-23 22:30:00,1.353,1.362,1.341,1.345,90632.7
2023-02-23 23:00:00,1.344,1.375,1.344,1.368,97135.3
2023-02-23 23:30:00,1.366,1.371,1.341,1.355,128788.1
2023-02-24 00:00:00,1.356,1.374,1.345,1.35,172702.1
2023-02-24 00:30:00,1.349,1.35,1.317,1.338,238784.8
2023-02-24 01:00:00,1.339,1.354,1.336,1.345,221299.4
2023-02-24 01:30:00,1.345,1.355,1.333,1.347,171050.3
2023-02-24 02:00:00,1.347,1.35,1.325,1.342,162730.2
2023-02-24 02:30:00,1.34,1.345,1.329,1.332,124603.0
2023-02-24 03:00:00,1.333,1.333,1.3,1.304,388332.2
2023-02-24 03:30:00,1.307,1.32,1.302,1.309,155144.6
2023-02-24 04:00:00,1.312,1.312,1.278,1.286,506255.8
2023-02-24 04:30:00,1.286,1.29,1.261,1.281,509869.5
2023-02-24 05:00:00,1.281,1.289,1.26,1.275,343846.3
2023-02-24 05:30:00,1.276,1.294,1.272,1.284,226757.9
2023-02-24 06:00:00,1.284,1.289,1.267,1.281,184643.9
2023-02-24 06:30:00,1.28,1.3,1.278,1.294,258361.8
2023-02-24 07:00:00,1.296,1.303,1.278,1.286,215119.3
2023-02-24 07:30:00,1.285,1.289,1.275,1.276,198329.6
2023-02-24 08:00:00,1.277,1.284,1.261,1.273,291323.4
2023-02-24 08:30:00,1.274,1.389,1.27,1.387,1481813.8
2023-02-24 09:00:00,1.384,1.56,1.366,1.539,8787529.5
2023-02-24 09:30:00,1.539,1.68,1.507,1.675,7796215.6
2023-02-24 10:00:00,1.675,1.85,1.673,1.727,11039678.9
2023-02-24 10:30:00,1.728,1.854,1.685,1.78,6540566.1
2023-02-24 11:00:00,1.777,1.781,1.686,1.701,4985114.1
2023-02-24 11:30:00,1.7,1.729,1.644,1.687,4354257.6
2023-02-24 12:00:00,1.688,1.73,1.62,1.683,4403430.7
2023-02-24 12:30:00,1.683,1.715,1.658,1.684,2328691.9
2023-02-24 13:00:00,1.683,1.753,1.674,1.696,3785008.7
2023-02-24 13:30:00,1.696,1.709,1.66,1.682,3026914.3
2023-02-24 14:00:00,1.682,1.693,1.532,1.566,4671585.0
2023-02-24 14:30:00,1.566,1.586,1.474,1.482,5823948.4
2023-02-24 15:00:00,1.481,1.535,1.462,1.497,3331469.1
2023-02-24 15:30:00,1.496,1.529,1.481,1.499,2078073.4
2023-02-24 16:00:00,1.499,1.516,1.396,1.48,4516317.6
2023-02-24 16:30:00,1.478,1.526,1.46,1.464,2756333.1
2023-02-24 17:00:00,1.464,1.488,1.43,1.453,1314494.9
2023-02-24 17:30:00,1.453,1.477,1.431,1.455,741974.3
2023-02-24 18:00:00,1.456,1.459,1.411,1.439,890110.3
2023-02-24 18:30:00,1.439,1.51,1.425,1.5,1287367.1
2023-02-24 19:00:00,1.501,1.501,1.457,1.484,695526.6
2023-02-24 19:30:00,1.486,1.491,1.438,1.482,505838.9
2023-02-24 20:00:00,1.482,1.492,1.465,1.49,457962.0
2023-02-24 20:30:00,1.491,1.541,1.478,1.489,1000050.7
2023-02-24 21:00:00,1.489,1.518,1.47,1.509,441905.7
2023-02-24 21:30:00,1.508,1.53,1.456,1.491,700944.9
2023-02-24 22:00:00,1.488,1.504,1.469,1.49,340657.2
2023-02-24 22:30:00,1.489,1.489,1.423,1.463,557884.5
2023-02-24 23:00:00,1.463,1.58,1.458,1.569,1806195.6
2023-02-24 23:30:00,1.568,1.572,1.507,1.545,1495664.3
2023-02-25 00:00:00,1.543,1.544,1.483,1.515,939529.9
2023-02-25 00:30:00,1.514,1.557,1.514,1.547,1091812.9
2023-02-25 01:00:00,1.547,1.604,1.521,1.6,1644348.7
2023-02-25 01:30:00,1.602,1.638,1.579,1.631,2936369.9
2023-02-25 02:00:00,1.631,1.747,1.62,1.71,4932122.8
2023-02-25 02:30:00,1.71,1.75,1.628,1.678,3569932.3
2023-02-25 03:00:00,1.678,1.681,1.605,1.617,1806475.7
2023-02-25 03:30:00,1.618,1.653,1.58,1.586,2066793.8
2023-02-25 04:00:00,1.585,1.645,1.556,1.608,3712692.3
2023-02-25 04:30:00,1.608,1.623,1.523,1.548,2475411.6
2023-02-25 05:00:00,1.549,1.589,1.533,1.578,1782355.0
2023-02-25 05:30:00,1.578,1.642,1.56,1.64,2140976.4
2023-02-25 06:00:00,1.639,1.668,1.605,1.609,1867791.3
2023-02-25 06:30:00,1.608,1.648,1.592,1.629,1384318.2
2023-02-25 07:00:00,1.629,1.641,1.59,1.597,1191373.6
2023-02-25 07:30:00,1.597,1.719,1.58,1.684,4682433.9
2023-02-25 08:00:00,1.687,1.717,1.654,1.671,1642682.0
2023-02-25 08:30:00,1.671,1.676,1.626,1.642,1513678.5
2023-02-25 09:00:00,1.641,1.671,1.624,1.631,1472487.1
2023-02-25 09:30:00,1.629,1.655,1.602,1.61,1364284.4
2023-02-25 10:00:00,1.61,1.622,1.563,1.568,1513541.0
2023-02-25 10:30:00,1.568,1.585,1.55,1.555,1233344.3
2023-02-25 11:00:00,1.555,1.621,1.554,1.61,1102960.8
2023-02-25 11:30:00,1.612,1.62,1.573,1.578,877938.7
2023-02-25 12:00:00,1.576,1.6,1.561,1.591,768757.7
2023-02-25 12:30:00,1.593,1.612,1.575,1.586,817782.7
2023-02-25 13:00:00,1.587,1.601,1.562,1.567,790213.5
2023-02-25 13:30:00,1.568,1.595,1.562,1.582,849913.3
2023-02-25 14:00:00,1.582,1.588,1.567,1.578,550486.8
2023-02-25 14:30:00,1.578,1.58,1.435,1.457,4299644.6
2023-02-25 15:00:00,1.457,1.469,1.43,1.436,1647658.1
2023-02-25 15:30:00,1.436,1.441,1.382,1.424,2618359.1
2023-02-25 16:00:00,1.424,1.465,1.409,1.461,1404048.9
2023-02-25 16:30:00,1.462,1.462,1.413,1.414,988669.6
2023-02-25 17:00:00,1.415,1.429,1.41,1.416,846886.3
2023-02-25 17:30:00,1.418,1.421,1.386,1.407,956621.2
2023-02-25 18:00:00,1.407,1.419,1.402,1.411,475487.9
2023-02-25 18:30:00,1.411,1.412,1.299,1.321,3014572.8
2023-02-25 19:00:00,1.32,1.336,1.27,1.283,1662937.3
2023-02-25 19:30:00,1.283,1.31,1.274,1.307,1505601.0
2023-02-25 20:00:00,1.306,1.323,1.283,1.3,745243.7
2023-02-25 20:30:00,1.301,1.322,1.294,1.311,431769.8
2023-02-25 21:00:00,1.311,1.318,1.273,1.316,937262.7
2023-02-25 21:30:00,1.318,1.328,1.3,1.315,591049.1
2023-02-25 22:00:00,1.315,1.34,1.307,1.339,604712.6
2023-02-25 22:30:00,1.338,1.359,1.33,1.349,599168.3
2023-02-25 23:00:00,1.349,1.349,1.332,1.342,467797.4
2023-02-25 23:30:00,1.34,1.353,1.3,1.342,636475.8
2023-02-26 00:00:00,1.341,1.343,1.307,1.314,867977.6
2023-02-26 00:30:00,1.315,1.331,1.307,1.324,529434.2
2023-02-26 01:00:00,1.322,1.357,1.316,1.341,1068904.0
2023-02-26 01:30:00,1.341,1.348,1.32,1.345,743923.3
2023-02-26 02:00:00,1.345,1.345,1.32,1.325,407706.0
2023-02-26 02:30:00,1.326,1.33,1.309,1.321,1053673.9
2023-02-26 03:00:00,1.32,1.336,1.311,1.33,551631.4
2023-02-26 03:30:00,1.331,1.355,1.319,1.337,750709.7
2023-02-26 04:00:00,1.337,1.383,1.3,1.349,2071681.4
2023-02-26 04:30:00,1.35,1.368,1.33,1.338,1143905.9
2023-02-26 05:00:00,1.338,1.372,1.338,1.349,1241391.9
2023-02-26 05:30:00,1.348,1.358,1.333,1.34,708844.1
2023-02-26 06:00:00,1.341,1.355,1.327,1.338,678426.9
2023-02-26 06:30:00,1.337,1.355,1.329,1.352,453328.9
2023-02-26 07:00:00,1.352,1.39,1.351,1.383,1052391.1
2023-02-26 07:30:00,1.383,1.383,1.356,1.363,782296.0
2023-02-26 08:00:00,1.362,1.378,1.356,1.367,283453.5
2023-02-26 08:30:00,1.365,1.398,1.364,1.39,466218.7
2023-02-26 09:00:00,1.39,1.391,1.367,1.376,440606.1
2023-02-26 09:30:00,1.377,1.382,1.369,1.375,456604.2
2023-02-26 10:00:00,1.375,1.375,1.361,1.366,373451.2
2023-02-26 10:30:00,1.368,1.373,1.34,1.348,884812.9
2023-02-26 11:00:00,1.348,1.353,1.33,1.338,643425.4
2023-02-26 11:30:00,1.338,1.356,1.335,1.352,411435.5
2023-02-26 12:00:00,1.352,1.353,1.333,1.347,456865.6
2023-02-26 12:30:00,1.346,1.348,1.31,1.326,630262.4
2023-02-26 13:00:00,1.326,1.332,1.29,1.302,2229503.4
2023-02-26 13:30:00,1.302,1.323,1.3,1.321,520921.4
2023-02-26 14:00:00,1.321,1.326,1.302,1.308,497214.5
2023-02-26 14:30:00,1.308,1.314,1.3,1.306,622511.3
2023-02-26 15:00:00,1.305,1.312,1.3,1.304,536517.9
2023-02-26 15:30:00,1.303,1.325,1.3,1.318,371250.3
2023-02-26 16:00:00,1.32,1.327,1.304,1.311,416166.9
2023-02-26 16:30:00,1.31,1.31,1.293,1.3,422003.5
2023-02-26 17:00:00,1.3,1.306,1.295,1.299,331087.7
2023-02-26 17:30:00,1.3,1.317,1.299,1.313,227841.2
2023-02-26 18:00:00,1.315,1.318,1.304,1.313,328332.8
2023-02-26 18:30:00,1.314,1.344,1.312,1.338,1297668.1
2023-02-26 19:00:00,1.339,1.343,1.324,1.335,423900.0
2023-02-26 19:30:00,1.335,1.35,1.329,1.338,497425.3
2023-02-26 20:00:00,1.338,1.348,1.325,1.346,280712.2
2023-02-26 20:30:00,1.347,1.35,1.328,1.335,293946.9
2023-02-26 21:00:00,1.335,1.344,1.329,1.339,213809.3
2023-02-26 21:30:00,1.337,1.346,1.336,1.336,146080.7
2023-02-26 22:00:00,1.337,1.341,1.305,1.307,408553.3
2023-02-26 22:30:00,1.307,1.319,1.307,1.315,263815.5
2023-02-26 23:00:00,1.315,1.323,1.313,1.319,203624.8
2023-02-26 23:30:00,1.32,1.328,1.315,1.324,215896.1
2023-02-27 00:00:00,1.324,1.35,1.324,1.335,446355.1
2023-02-27 00:30:00,1.335,1.348,1.333,1.342,231980.4
2023-02-27 01:00:00,1.342,1.344,1.318,1.323,275382.7
2023-02-27 01:30:00,1.322,1.336,1.321,1.329,289788.9
2023-02-27 02:00:00,1.329,1.349,1.321,1.329,368083.2
2023-02-27 02:30:00,1.329,1.34,1.324,1.339,293018.0
2023-02-27 03:00:00,1.339,1.344,1.331,1.333,250446.8
2023-02-27 03:30:00,1.334,1.338,1.328,1.329,277857.4
2023-02-27 04:00:00,1.328,1.329,1.292,1.306,870141.0
2023-02-27 04:30:00,1.306,1.321,1.299,1.317,529829.6
2023-02-27 05:00:00,1.317,1.32,1.296,1.305,681168.7
2023-02-27 05:30:00,1.304,1.306,1.1,1.214,4038288.3
2023-02-27 06:00:00,1.215,1.216,1.161,1.208,3561191.1
2023-02-27 06:30:00,1.209,1.225,1.19,1.212,1538722.9
2023-02-27 07:00:00,1.211,1.212,1.181,1.188,1729896.2
2023-02-27 07:30:00,1.188,1.189,1.161,1.172,1121897.0
2023-02-27 08:00:00,1.172,1.189,1.12,1.148,1354693.0
2023-02-27 08:30:00,1.148,1.178,1.148,1.166,755834.1
2023-02-27 09:00:00,1.166,1.189,1.165,1.187,709819.1
2023-02-27 09:30:00,1.187,1.193,1.175,1.179,543198.9
2023-02-27 10:00:00,1.179,1.186,1.169,1.174,357841.2
2023-02-27 10:30:00,1.174,1.174,1.145,1.148,765917.1
2023-02-27 11:00:00,1.148,1.165,1.147,1.159,528089.0
2023-02-27 11:30:00,1.158,1.167,1.152,1.165,365977.4
2023-02-27 12:00:00,1.164,1.166,1.133,1.137,696549.2
2023-02-27 12:30:00,1.137,1.158,1.137,1.153,448253.1
2023-02-27 13:00:00,1.152,1.184,1.151,1.177,832624.3
2023-02-27 13:30:00,1.177,1.2,1.17,1.173,1030142.3
2023-02-27 14:00:00,1.173,1.198,1.17,1.186,799158.0
2023-02-27 14:30:00,1.187,1.191,1.174,1.184,463542.1
2023-02-27 15:00:00,1.184,1.195,1.175,1.19,599822.7
2023-02-27 15:30:00,1.19,1.19,1.157,1.166,873993.1
2023-02-27 16:00:00,1.166,1.176,1.148,1.161,790949.1
2023-02-27 16:30:00,1.163,1.164,1.149,1.158,532145.5
2023-02-27 17:00:00,1.157,1.158,1.133,1.148,471818.1
2023-02-27 17:30:00,1.148,1.158,1.137,1.141,457194.7
2023-02-27 18:00:00,1.14,1.14,1.088,1.111,2471379.1
2023-02-27 18:30:00,1.111,1.12,1.104,1.112,494324.3
2023-02-27 19:00:00,1.112,1.117,1.101,1.111,409187.5
2023-02-27 19:30:00,1.111,1.115,1.088,1.1,622181.0
2023-02-27 20:00:00,1.1,1.1,1.049,1.074,1543288.2
2023-02-27 20:30:00,1.074,1.11,1.068,1.099,871124.7
2023-02-27 21:00:00,1.099,1.114,1.093,1.099,803494.7
2023-02-27 21:30:00,1.098,1.103,1.087,1.096,543648.2
2023-02-27 22:00:00,1.095,1.106,1.093,1.094,325840.8
2023-02-27 22:30:00,1.094,1.098,1.088,1.089,432221.1
2023-02-27 23:00:00,1.088,1.118,1.088,1.106,567048.4
2023-02-27 23:30:00,1.105,1.119,1.098,1.106,382487.6
2023-02-28 00:00:00,1.106,1.119,1.1,1.11,389288.2
2023-02-28 00:30:00,1.111,1.124,1.104,1.108,392230.1
2023-02-28 01:00:00,1.107,1.115,1.057,1.082,972969.3
2023-02-28 01:30:00,1.081,1.082,1.037,1.045,2470093.5
2023-02-28 02:00:00,1.045,1.06,1.028,1.052,1425485.3
2023-02-28 02:30:00,1.052,1.071,1.051,1.068,766570.6
2023-02-28 03:00:00,1.068,1.083,1.05,1.058,1148362.7
2023-02-28 03:30:00,1.06,1.067,1.045,1.047,352118.3
2023-02-28 04:00:00,1.049,1.055,1.03,1.048,902456.3
2023-02-28 04:30:00,1.05,1.063,1.043,1.056,549066.0
2023-02-28 05:00:00,1.058,1.069,1.053,1.062,465376.9
2023-02-28 05:30:00,1.061,1.068,1.049,1.064,375596.1
2023-02-28 06:00:00,1.064,1.064,1.045,1.047,291522.6
2023-02-28 06:30:00,1.046,1.051,1.034,1.035,956563.9
2023-02-28 07:00:00,1.036,1.051,1.0,1.029,1655658.0
2023-02-28 07:30:00,1.03,1.03,1.008,1.019,1542523.6
2023-02-28 08:00:00,1.019,1.02,0.966,0.988,4799740.4
2023-02-28 08:30:00,0.988,1.044,0.98,1.038,2577910.2
2023-02-28 09:00:00,1.037,1.098,1.037,1.073,4381835.1
2023-02-28 09:30:00,1.075,1.168,1.075,1.161,6232362.4
2023-02-28 10:00:00,1.161,1.162,1.086,1.125,4104788.9
2023-02-28 10:30:00,1.127,1.14,1.089,1.091,1716891.8
2023-02-28 11:00:00,1.091,1.114,1.054,1.061,2919655.4
2023-02-28 11:30:00,1.06,1.068,1.026,1.042,1885989.6
2023-02-28 12:00:00,1.042,1.052,1.007,1.028,2736170.6
2023-02-28 12:30:00,1.028,1.056,1.013,1.05,1181700.2
2023-02-28 13:00:00,1.049,1.054,1.027,1.029,854772.8
2023-02-28 13:30:00,1.028,1.048,1.021,1.04,565278.0
2023-02-28 14:00:00,1.04,1.045,1.021,1.024,436348.9
2023-02-28 14:30:00,1.024,1.045,1.011,1.03,831628.9
2023-02-28 15:00:00,1.03,1.034,1.015,1.024,547967.8
2023-02-28 15:30:00,1.024,1.04,1.018,1.037,470118.3
2023-02-28 16:00:00,1.037,1.045,1.027,1.039,770058.6
2023-02-28 16:30:00,1.039,1.068,1.026,1.054,902922.0
2023-02-28 17:00:00,1.054,1.064,1.042,1.045,486335.3
2023-02-28 17:30:00,1.046,1.055,1.04,1.051,364501.0
2023-02-28 18:00:00,1.051,1.051,1.031,1.042,358896.7
2023-02-28 18:30:00,1.04,1.05,1.033,1.038,245168.2
2023-02-28 19:00:00,1.038,1.041,0.981,1.0,1392266.9
2023-02-28 19:30:00,1.002,1.018,0.997,1.005,554203.9
2023-02-28 20:00:00,1.005,1.015,1.001,1.006,366440.2
2023-02-28 20:30:00,1.006,1.01,0.995,1.006,469305.1
2023-02-28 21:00:00,1.006,1.006,0.978,0.989,761940.6
2023-02-28 21:30:00,0.989,0.993,0.974,0.991,761838.7
2023-02-28 22:00:00,0.99,1.0,0.988,0.995,289856.3
2023-02-28 22:30:00,0.996,1.01,0.996,1.01,287745.0
2023-02-28 23:00:00,1.01,1.02,1.004,1.013,614743.0
2023-02-28 23:30:00,1.014,1.014,0.997,1.001,574596.2
2023-03-01 00:00:00,1.001,1.018,0.989,1.009,673866.4
2023-03-01 00:30:00,1.008,1.009,0.98,0.99,485196.6
2023-03-01 01:00:00,0.99,1.003,0.97,0.98,1246287.0
2023-03-01 01:30:00,0.98,0.99,0.979,0.982,442965.8
2023-03-01 02:00:00,0.981,0.99,0.978,0.984,440793.0
2023-03-01 02:30:00,0.984,1.03,0.982,1.016,1206110.6
2023-03-01 03:00:00,1.016,1.025,1.01,1.014,439096.9
2023-03-01 03:30:00,1.013,1.018,1.002,1.002,351777.0
2023-03-01 04:00:00,1.004,1.014,1.001,1.014,339509.1
2023-03-01 04:30:00,1.013,1.029,1.006,1.019,759999.0
2023-03-01 05:00:00,1.02,1.025,1.005,1.01,441194.9
2023-03-01 05:30:00,1.011,1.015,1.008,1.011,244442.7
2023-03-01 06:00:00,1.012,1.026,1.011,1.016,647246.2
2023-03-01 06:30:00,1.016,1.054,1.016,1.037,879680.7
2023-03-01 07:00:00,1.037,1.055,1.036,1.046,970090.2
2023-03-01 07:30:00,1.046,1.046,1.022,1.027,500820.4
2023-03-01 08:00:00,1.027,1.047,1.026,1.04,621151.1
2023-03-01 08:30:00,1.039,1.045,1.031,1.04,297709.1
2023-03-01 09:00:00,1.039,1.043,1.029,1.032,372264.9
2023-03-01 09:30:00,1.031,1.034,1.01,1.023,889943.8
2023-03-01 10:00:00,1.022,1.027,1.013,1.026,388002.0
2023-03-01 10:30:00,1.026,1.04,1.025,1.036,331120.6
2023-03-01 11:00:00,1.035,1.046,1.029,1.035,799809.0
2023-03-01 11:30:00,1.034,1.04,1.022,1.026,453010.2
2023-03-01 12:00:00,1.026,1.028,1.011,1.019,568070.9
2023-03-01 12:30:00,1.02,1.021,1.001,1.012,644818.2
2023-03-01 13:00:00,1.01,1.016,1.004,1.008,412793.6
2023-03-01 13:30:00,1.008,1.011,0.99,1.008,961040.6
2023-03-01 14:00:00,1.007,1.012,1.001,1.007,242064.5
2023-03-01 14:30:00,1.007,1.014,0.993,0.995,568561.9
2023-03-01 15:00:00,0.997,1.007,0.994,1.0,433885.5
2023-03-01 15:30:00,1.0,1.012,0.999,1.007,211990.3
2023-03-01 16:00:00,1.007,1.036,0.995,1.026,769341.0
2023-03-01 16:30:00,1.024,1.029,1.01,1.013,521416.0
2023-03-01 17:00:00,1.013,1.02,1.005,1.008,533238.2
2023-03-01 17:30:00,1.008,1.018,1.007,1.012,298890.3
2023-03-01 18:00:00,1.01,1.012,1.005,1.007,298741.4
2023-03-01 18:30:00,1.008,1.008,1.001,1.008,193663.0
2023-03-01 19:00:00,1.007,1.008,0.999,1.003,191766.4
2023-03-01 19:30:00,1.003,1.011,0.999,1.006,366818.6
2023-03-01 20:00:00,1.004,1.019,1.0,1.014,254832.0
2023-03-01 20:30:00,1.015,1.022,1.012,1.021,223101.5
2023-03-01 21:00:00,1.021,1.024,1.015,1.022,102571.1
2023-03-01 21:30:00,1.022,1.027,1.015,1.015,196643.0
2023-03-01 22:00:00,1.016,1.026,1.015,1.02,196609.8
2023-03-01 22:30:00,1.018,1.02,1.011,1.011,111305.2
2023-03-01 23:00:00,1.013,1.026,1.011,1.022,153818.1
2023-03-01 23:30:00,1.023,1.036,1.023,1.027,517123.3
2023-03-02 00:00:00,1.026,1.037,1.017,1.031,365340.3
2023-03-02 00:30:00,1.03,1.044,1.024,1.025,526077.6
2023-03-02 01:00:00,1.025,1.027,1.011,1.011,292532.9
2023-03-02 01:30:00,1.013,1.018,1.005,1.012,320324.6
2023-03-02 02:00:00,1.012,1.024,1.011,1.018,248623.8
2023-03-02 02:30:00,1.018,1.034,1.006,1.019,1019688.2
2023-03-02 03:00:00,1.019,1.04,1.016,1.031,548379.6
2023-03-02 03:30:00,1.032,1.045,1.026,1.036,593771.3
2023-03-02 04:00:00,1.036,1.043,1.03,1.032,432932.3
2023-03-02 04:30:00,1.032,1.044,1.03,1.035,474240.0
2023-03-02 05:00:00,1.035,1.042,1.017,1.034,916974.6
2023-03-02 05:30:00,1.033,1.036,1.012,1.018,789813.3
2023-03-02 06:00:00,1.017,1.017,1.007,1.011,507193.7
2023-03-02 06:30:00,1.011,1.017,1.003,1.007,674946.0
2023-03-02 07:00:00,1.006,1.011,1.002,1.006,313473.6
2023-03-02 07:30:00,1.006,1.015,1.003,1.011,191559.1
2023-03-02 08:00:00,1.012,1.016,1.007,1.011,261454.3
2023-03-02 08:30:00,1.011,1.012,1.005,1.011,230633.8
2023-03-02 09:00:00,1.01,1.017,1.006,1.012,397869.1
2023-03-02 09:30:00,1.012,1.014,1.005,1.006,192521.5
2023-03-02 10:00:00,1.007,1.014,1.004,1.007,277146.6
2023-03-02 10:30:00,1.006,1.01,0.99,1.005,906125.3
2023-03-02 11:00:00,1.005,1.013,0.996,1.013,948362.6
2023-03-02 11:30:00,1.013,1.022,1.007,1.017,450155.7
2023-03-02 12:00:00,1.016,1.093,1.016,1.044,5141412.7
2023-03-02 12:30:00,1.043,1.049,1.024,1.034,1327554.6
2023-03-02 13:00:00,1.033,1.052,1.023,1.037,1240412.9
2023-03-02 13:30:00,1.039,1.04,1.009,1.013,788957.9
2023-03-02 14:00:00,1.013,1.019,1.004,1.014,611476.2
2023-03-02 14:30:00,1.014,1.015,1.005,1.01,423248.7
2023-03-02 15:00:00,1.01,1.018,1.006,1.009,468504.1
2023-03-02 15:30:00,1.009,1.012,0.999,1.004,689479.5
2023-03-02 16:00:00,1.004,1.011,1.0,1.006,220888.8
2023-03-02 16:30:00,1.006,1.007,0.995,1.003,248148.5
2023-03-02 17:00:00,1.002,1.015,1.0,1.011,164777.7
2023-03-02 17:30:00,1.012,1.014,1.002,1.008,242160.0
2023-03-02 18:00:00,1.008,1.014,1.007,1.009,131509.2
2023-03-02 18:30:00,1.009,1.018,1.008,1.016,202695.4
2023-03-02 19:00:00,1.016,1.023,1.01,1.016,247012.5
2023-03-02 19:30:00,1.014,1.019,1.01,1.015,142458.6
2023-03-02 20:00:00,1.015,1.02,1.012,1.014,125531.0
2023-03-02 20:30:00,1.014,1.022,1.012,1.014,152764.8
2023-03-02 21:00:00,1.014,1.017,1.011,1.013,90508.2
2023-03-02 21:30:00,1.013,1.013,1.007,1.01,71682.0
2023-03-02 22:00:00,1.009,1.015,1.009,1.014,54591.6
2023-03-02 22:30:00,1.015,1.028,1.015,1.023,292958.4
2023-03-02 23:00:00,1.023,1.025,1.013,1.015,149335.9
2023-03-02 23:30:00,1.016,1.023,1.014,1.022,125691.6
2023-03-03 00:00:00,1.022,1.022,1.008,1.009,182629.5
2023-03-03 00:30:00,1.009,1.015,1.006,1.012,128225.9
2023-03-03 01:00:00,1.011,1.013,0.877,0.919,3507422.8
2023-03-03 01:30:00,0.922,0.922,0.87,0.885,3742629.2
2023-03-03 02:00:00,0.883,0.915,0.88,0.903,1028103.0
2023-03-03 02:30:00,0.903,0.905,0.896,0.896,431725.3
2023-03-03 03:00:00,0.897,0.901,0.885,0.901,582535.0
2023-03-03 03:30:00,0.9,0.903,0.895,0.899,573360.1
2023-03-03 04:00:00,0.898,0.91,0.896,0.906,514956.2
2023-03-03 04:30:00,0.906,0.92,0.906,0.919,354473.9
2023-03-03 05:00:00,0.919,0.923,0.906,0.907,385715.2
2023-03-03 05:30:00,0.907,0.909,0.9,0.907,390476.3
2023-03-03 06:00:00,0.907,0.914,0.904,0.912,353425.7
2023-03-03 06:30:00,0.912,0.913,0.906,0.907,343539.9
2023-03-03 07:00:00,0.907,0.908,0.899,0.901,451132.5
2023-03-03 07:30:00,0.901,0.906,0.892,0.903,771139.0
2023-03-03 08:00:00,0.902,0.902,0.892,0.895,429085.3
2023-03-03 08:30:00,0.895,0.902,0.891,0.902,735507.6
2023-03-03 09:00:00,0.901,0.906,0.892,0.895,655205.8
2023-03-03 09:30:00,0.895,0.897,0.885,0.891,454767.9
2023-03-03 10:00:00,0.891,0.898,0.887,0.897,176927.3
2023-03-03 10:30:00,0.897,0.897,0.882,0.887,371669.3
2023-03-03 11:00:00,0.885,0.887,0.871,0.882,865848.5
2023-03-03 11:30:00,0.882,0.887,0.88,0.88,359655.8
2023-03-03 12:00:00,0.88,0.89,0.874,0.884,935341.4
2023-03-03 12:30:00,0.884,0.884,0.85,0.867,1149230.9
2023-03-03 13:00:00,0.868,0.873,0.849,0.872,1880485.2
2023-03-03 13:30:00,0.872,0.88,0.856,0.876,820629.0
2023-03-03 14:00:00,0.876,0.884,0.865,0.869,348629.4
2023-03-03 14:30:00,0.869,0.883,0.866,0.875,773020.3
2023-03-03 15:00:00,0.875,0.878,0.867,0.873,492972.3
2023-03-03 15:30:00,0.872,0.873,0.864,0.868,314754.4
2023-03-03 16:00:00,0.868,0.872,0.86,0.872,457143.2
2023-03-03 16:30:00,0.872,0.877,0.87,0.874,496549.6
2023-03-03 17:00:00,0.874,0.882,0.873,0.878,263006.2
2023-03-03 17:30:00,0.879,0.879,0.873,0.875,150629.7
2023-03-03 18:00:00,0.876,0.879,0.867,0.87,267374.2
2023-03-03 18:30:00,0.869,0.87,0.861,0.867,268337.0
2023-03-03 19:00:00,0.868,0.877,0.866,0.874,278196.6
2023-03-03 19:30:00,0.874,0.876,0.871,0.872,153968.6
2023-03-03 20:00:00,0.872,0.881,0.871,0.874,178111.0
2023-03-03 20:30:00,0.874,0.875,0.864,0.865,242309.0
2023-03-03 21:00:00,0.865,0.869,0.856,0.866,353967.1
2023-03-03 21:30:00,0.866,0.871,0.861,0.865,263772.2
2023-03-03 22:00:00,0.866,0.87,0.864,0.866,346809.6
2023-03-03 22:30:00,0.867,0.877,0.867,0.875,229692.8
2023-03-03 23:00:00,0.875,0.882,0.873,0.874,208449.2
2023-03-03 23:30:00,0.873,0.879,0.873,0.878,169561.6
2023-03-04 00:00:00,0.878,0.885,0.878,0.883,234252.4
2023-03-04 00:30:00,0.883,0.89,0.882,0.883,344169.7
2023-03-04 01:00:00,0.884,0.885,0.873,0.874,256796.0
2023-03-04 01:30:00,0.874,0.887,0.873,0.876,310780.6
2023-03-04 02:00:00,0.876,0.877,0.873,0.874,330663.5
2023-03-04 02:30:00,0.874,0.876,0.872,0.873,263356.0
2023-03-04 03:00:00,0.874,0.876,0.872,0.873,443496.3
2023-03-04 03:30:00,0.873,0.874,0.868,0.869,243431.2
2023-03-04 04:00:00,0.869,0.87,0.863,0.867,319271.3
2023-03-04 04:30:00,0.868,0.868,0.859,0.864,282322.3
2023-03-04 05:00:00,0.863,0.867,0.861,0.862,250822.8
2023-03-04 05:30:00,0.862,0.864,0.85,0.857,464208.3
2023-03-04 06:00:00,0.856,0.867,0.855,0.866,245884.7
2023-03-04 06:30:00,0.865,0.87,0.861,0.864,260871.5
2023-03-04 07:00:00,0.863,0.871,0.862,0.867,304986.1
2023-03-04 07:30:00,0.867,0.868,0.862,0.864,381494.5
2023-03-04 08:00:00,0.864,0.864,0.855,0.859,640705.1
2023-03-04 08:30:00,0.858,0.861,0.8,0.829,2684777.9
2023-03-04 09:00:00,0.829,0.83,0.823,0.827,1046989.5
2023-03-04 09:30:00,0.827,0.83,0.822,0.825,458467.7
2023-03-04 10:00:00,0.826,0.828,0.811,0.813,1122514.4
2023-03-04 10:30:00,0.813,0.819,0.808,0.813,992552.8
2023-03-04 11:00:00,0.813,0.821,0.813,0.82,269671.1
2023-03-04 11:30:00,0.821,0.821,0.813,0.817,181496.7
2023-03-04 12:00:00,0.816,0.817,0.787,0.804,2840119.4
2023-03-04 12:30:00,0.804,0.805,0.798,0.801,635169.4
2023-03-04 13:00:00,0.802,0.809,0.796,0.799,659793.9
2023-03-04 13:30:00,0.8,0.8,0.782,0.791,1014196.9
2023-03-04 14:00:00,0.791,0.793,0.766,0.771,1666152.6
2023-03-04 14:30:00,0.77,0.784,0.769,0.779,912080.9
2023-03-04 15:00:00,0.779,0.781,0.77,0.774,481762.0
2023-03-04 15:30:00,0.774,0.778,0.764,0.773,700999.7
2023-03-04 16:00:00,0.774,0.783,0.767,0.773,551772.8
2023-03-04 16:30:00,0.773,0.781,0.772,0.775,401701.1
2023-03-04 17:00:00,0.774,0.782,0.768,0.776,501422.8
2023-03-04 17:30:00,0.777,0.778,0.769,0.77,292338.1
2023-03-04 18:00:00,0.77,0.777,0.765,0.774,405521.1
2023-03-04 18:30:00,0.774,0.782,0.774,0.781,224823.0
2023-03-04 19:00:00,0.781,0.788,0.775,0.776,420900.7
2023-03-04 19:30:00,0.775,0.781,0.767,0.77,501244.5
2023-03-04 20:00:00,0.77,0.773,0.719,0.725,2719018.0
2023-03-04 20:30:00,0.725,0.73,0.703,0.722,2021035.1
2023-03-04 21:00:00,0.722,0.73,0.716,0.722,870179.9
2023-03-04 21:30:00,0.722,0.722,0.704,0.718,627067.4
2023-03-04 22:00:00,0.719,0.735,0.714,0.727,570047.8
2023-03-04 22:30:00,0.727,0.735,0.724,0.726,383698.8
2023-03-04 23:00:00,0.726,0.734,0.726,0.729,315221.7
2023-03-04 23:30:00,0.728,0.734,0.713,0.723,586674.0
2023-03-05 00:00:00,0.723,0.749,0.722,0.728,800550.9
2023-03-05 00:30:00,0.728,0.735,0.723,0.733,437014.4
2023-03-05 01:00:00,0.733,0.757,0.728,0.75,749284.1
2023-03-05 01:30:00,0.751,0.762,0.747,0.748,780877.0
2023-03-05 02:00:00,0.748,0.76,0.738,0.749,632403.3
2023-03-05 02:30:00,0.748,0.748,0.727,0.736,613818.2
2023-03-05 03:00:00,0.736,0.745,0.736,0.739,488779.7
2023-03-05 03:30:00,0.74,0.743,0.734,0.737,345626.6
2023-03-05 04:00:00,0.736,0.752,0.736,0.746,444677.1
2023-03-05 04:30:00,0.746,0.752,0.74,0.75,591472.8
2023-03-05 05:00:00,0.751,0.757,0.744,0.744,360716.7
2023-03-05 05:30:00,0.744,0.746,0.741,0.745,249389.2
2023-03-05 06:00:00,0.745,0.749,0.734,0.735,733716.4
2023-03-05 06:30:00,0.736,0.741,0.735,0.736,268635.5
2023-03-05 07:00:00,0.736,0.736,0.725,0.73,665410.9
2023-03-05 07:30:00,0.73,0.731,0.725,0.727,383145.5
2023-03-05 08:00:00,0.727,0.737,0.724,0.734,480529.1
2023-03-05 08:30:00,0.734,0.734,0.722,0.724,500280.3
2023-03-05 09:00:00,0.724,0.726,0.716,0.722,517766.2
2023-03-05 09:30:00,0.722,0.726,0.721,0.722,272587.6
2023-03-05 10:00:00,0.722,0.734,0.716,0.729,486426.8
2023-03-05 10:30:00,0.728,0.734,0.723,0.73,412331.6
2023-03-05 11:00:00,0.73,0.739,0.729,0.736,461508.2
2023-03-05 11:30:00,0.735,0.738,0.729,0.733,479128.9
2023-03-05 12:00:00,0.733,0.738,0.728,0.734,398130.3
2023-03-05 12:30:00,0.733,0.738,0.731,0.737,188231.0
2023-03-05 13:00:00,0.736,0.749,0.736,0.744,879356.7
2023-03-05 13:30:00,0.744,0.774,0.744,0.761,1524069.2
2023-03-05 14:00:00,0.762,0.793,0.762,0.79,2749500.1
2023-03-05 14:30:00,0.79,0.804,0.769,0.774,2655235.6
2023-03-05 15:00:00,0.774,0.785,0.769,0.773,693632.9
2023-03-05 15:30:00,0.774,0.774,0.762,0.77,739898.2
2023-03-05 16:00:00,0.771,0.774,0.758,0.759,386785.4
2023-03-05 16:30:00,0.76,0.769,0.758,0.769,302131.2
2023-03-05 17:00:00,0.769,0.769,0.753,0.754,297239.4
2023-03-05 17:30:00,0.754,0.756,0.744,0.746,444742.3
2023-03-05 18:00:00,0.747,0.753,0.745,0.745,378690.6
2023-03-05 18:30:00,0.746,0.749,0.741,0.741,294908.2
2023-03-05 19:00:00,0.741,0.743,0.731,0.733,376173.4
2023-03-05 19:30:00,0.733,0.737,0.731,0.735,240205.7
2023-03-05 20:00:00,0.735,0.742,0.733,0.736,306792.7
2023-03-05 20:30:00,0.736,0.747,0.735,0.745,246441.2
2023-03-05 21:00:00,0.744,0.754,0.743,0.747,417652.8
2023-03-05 21:30:00,0.746,0.751,0.736,0.744,337308.7
2023-03-05 22:00:00,0.744,0.749,0.739,0.743,187707.7
2023-03-05 22:30:00,0.744,0.747,0.736,0.747,314510.1
2023-03-05 23:00:00,0.747,0.748,0.734,0.738,424454.9
2023-03-05 23:30:00,0.737,0.742,0.734,0.742,220937.3
2023-03-06 00:00:00,0.741,0.741,0.711,0.731,939192.1
2023-03-06 00:30:00,0.73,0.73,0.723,0.724,258313.4
2023-03-06 01:00:00,0.724,0.725,0.701,0.718,904921.0
2023-03-06 01:30:00,0.718,0.724,0.712,0.721,397034.1
2023-03-06 02:00:00,0.72,0.72,0.708,0.713,489914.9
2023-03-06 02:30:00,0.712,0.715,0.663,0.693,2485822.7
2023-03-06 03:00:00,0.692,0.693,0.68,0.69,961117.8
2023-03-06 03:30:00,0.69,0.695,0.687,0.692,413704.1
2023-03-06 04:00:00,0.692,0.707,0.69,0.7,904180.1
2023-03-06 04:30:00,0.699,0.702,0.695,0.697,307124.0
2023-03-06 05:00:00,0.697,0.699,0.687,0.689,525588.1
2023-03-06 05:30:00,0.688,0.698,0.687,0.698,207013.0
2023-03-06 06:00:00,0.698,0.705,0.696,0.699,518127.1
2023-03-06 06:30:00,0.7,0.702,0.695,0.702,221656.2
2023-03-06 07:00:00,0.703,0.738,0.696,0.736,1037173.6
2023-03-06 07:30:00,0.736,0.752,0.716,0.72,1876982.0
2023-03-06 08:00:00,0.72,0.726,0.71,0.72,735063.3
2023-03-06 08:30:00,0.719,0.741,0.714,0.74,774226.8
2023-03-06 09:00:00,0.739,0.755,0.73,0.736,1279981.9
2023-03-06 09:30:00,0.736,0.746,0.734,0.745,737286.3
2023-03-06 10:00:00,0.745,0.77,0.741,0.758,1561374.6
2023-03-06 10:30:00,0.756,0.756,0.744,0.75,662726.8
2023-03-06 11:00:00,0.749,0.765,0.745,0.745,981230.7
2023-03-06 11:30:00,0.745,0.747,0.735,0.742,330670.8
2023-03-06 12:00:00,0.742,0.749,0.736,0.744,420746.5
2023-03-06 12:30:00,0.744,0.755,0.742,0.747,461413.2
2023-03-06 13:00:00,0.746,0.756,0.746,0.754,307727.5
2023-03-06 13:30:00,0.754,0.76,0.743,0.747,444931.9
2023-03-06 14:00:00,0.747,0.748,0.739,0.744,370985.3
2023-03-06 14:30:00,0.745,0.745,0.731,0.741,877163.8
2023-03-06 15:00:00,0.742,0.745,0.737,0.737,263037.1
2023-03-06 15:30:00,0.737,0.75,0.736,0.747,378601.7
2023-03-06 16:00:00,0.747,0.752,0.739,0.739,348007.1
2023-03-06 16:30:00,0.739,0.742,0.732,0.735,341868.9
2023-03-06 17:00:00,0.735,0.735,0.721,0.726,555041.9
2023-03-06 17:30:00,0.726,0.732,0.724,0.727,283425.9
2023-03-06 18:00:00,0.727,0.731,0.723,0.728,219410.5
2023-03-06 18:30:00,0.728,0.73,0.724,0.724,130235.2
2023-03-06 19:00:00,0.724,0.728,0.711,0.722,542424.5
2023-03-06 19:30:00,0.722,0.73,0.719,0.723,271949.8
2023-03-06 20:00:00,0.722,0.728,0.719,0.72,199871.7
2023-03-06 20:30:00,0.719,0.723,0.713,0.716,181387.5
2023-03-06 21:00:00,0.716,0.727,0.703,0.726,595060.8
2023-03-06 21:30:00,0.727,0.741,0.727,0.733,347559.9
2023-03-06 22:00:00,0.733,0.746,0.733,0.738,394801.9
2023-03-06 22:30:00,0.738,0.745,0.737,0.74,156420.7
2023-03-06 23:00:00,0.74,0.745,0.735,0.738,147434.3
2023-03-06 23:30:00,0.739,0.744,0.739,0.744,106297.4
2023-03-07 00:00:00,0.744,0.754,0.733,0.734,286245.1
2023-03-07 00:30:00,0.734,0.749,0.732,0.747,261675.0
2023-03-07 01:00:00,0.747,0.765,0.747,0.758,667769.8
2023-03-07 01:30:00,0.759,0.762,0.748,0.756,581289.0
2023-03-07 02:00:00,0.756,0.757,0.745,0.748,439481.6
2023-03-07 02:30:00,0.748,0.752,0.745,0.748,176973.5
2023-03-07 03:00:00,0.748,0.749,0.741,0.745,260438.5
2023-03-07 03:30:00,0.744,0.747,0.742,0.745,122727.1
2023-03-07 04:00:00,0.745,0.745,0.739,0.741,166635.3
2023-03-07 04:30:00,0.741,0.741,0.733,0.74,233513.9
2023-03-07 05:00:00,0.74,0.74,0.731,0.733,215440.3
2023-03-07 05:30:00,0.733,0.737,0.732,0.736,106242.1
2023-03-07 06:00:00,0.737,0.737,0.725,0.727,366724.7
2023-03-07 06:30:00,0.726,0.731,0.726,0.729,148439.0
2023-03-07 07:00:00,0.728,0.728,0.72,0.728,370830.1
2023-03-07 07:30:00,0.729,0.733,0.726,0.726,225386.6
2023-03-07 08:00:00,0.726,0.73,0.724,0.729,220010.5
2023-03-07 08:30:00,0.729,0.729,0.723,0.728,225675.5
2023-03-07 09:00:00,0.728,0.732,0.723,0.728,254361.8
2023-03-07 09:30:00,0.727,0.728,0.717,0.72,591571.7
2023-03-07 10:00:00,0.72,0.727,0.718,0.726,189120.3
2023-03-07 10:30:00,0.727,0.729,0.711,0.713,412222.9
2023-03-07 11:00:00,0.714,0.722,0.713,0.722,255906.1
2023-03-07 11:30:00,0.722,0.73,0.718,0.723,517989.6
2023-03-07 12:00:00,0.723,0.734,0.723,0.731,336586.6
2023-03-07 12:30:00,0.732,0.736,0.729,0.734,252597.3
2023-03-07 13:00:00,0.733,0.737,0.725,0.73,223870.4
2023-03-07 13:30:00,0.73,0.742,0.725,0.729,512816.0
2023-03-07 14:00:00,0.728,0.742,0.726,0.737,759672.6
2023-03-07 14:30:00,0.737,0.743,0.729,0.734,459712.1
2023-03-07 15:00:00,0.733,0.745,0.702,0.735,1860926.4
2023-03-07 15:30:00,0.735,0.746,0.73,0.733,1003632.1
2023-03-07 16:00:00,0.733,0.741,0.719,0.721,618418.8
2023-03-07 16:30:00,0.72,0.725,0.714,0.719,642920.6
2023-03-07 17:00:00,0.718,0.724,0.715,0.722,431000.7
2023-03-07 17:30:00,0.722,0.728,0.719,0.721,466167.1
2023-03-07 18:00:00,0.72,0.724,0.711,0.714,1057169.7
2023-03-07 18:30:00,0.713,0.716,0.705,0.708,593070.5
2023-03-07 19:00:00,0.708,0.713,0.694,0.702,949191.5
2023-03-07 19:30:00,0.702,0.705,0.694,0.701,505395.1
2023-03-07 20:00:00,0.699,0.702,0.689,0.697,820179.1
2023-03-07 20:30:00,0.697,0.702,0.695,0.698,358633.0
2023-03-07 21:00:00,0.698,0.709,0.697,0.706,620832.6
2023-03-07 21:30:00,0.706,0.713,0.706,0.708,269857.2
2023-03-07 22:00:00,0.708,0.708,0.699,0.707,420947.0
2023-03-07 22:30:00,0.708,0.712,0.702,0.705,266072.3
2023-03-07 23:00:00,0.705,0.716,0.704,0.713,281078.7
2023-03-07 23:30:00,0.715,0.727,0.713,0.721,614252.6
2023-03-08 00:00:00,0.721,0.73,0.721,0.725,321035.3
2023-03-08 00:30:00,0.725,0.728,0.72,0.727,170421.7
2023-03-08 01:00:00,0.726,0.734,0.723,0.726,241275.9
2023-03-08 01:30:00,0.726,0.727,0.717,0.717,278060.3
2023-03-08 02:00:00,0.718,0.724,0.717,0.719,203744.7
2023-03-08 02:30:00,0.718,0.718,0.714,0.714,52909.9
2023-03-08 03:00:00,0.715,0.719,0.709,0.712,173843.8
2023-03-08 03:30:00,0.711,0.717,0.708,0.717,194444.9
2023-03-08 04:00:00,0.718,0.718,0.711,0.712,110167.9
2023-03-08 04:30:00,0.712,0.716,0.711,0.716,123434.5
2023-03-08 05:00:00,0.717,0.717,0.703,0.703,268264.9
2023-03-08 05:30:00,0.703,0.706,0.693,0.701,712488.3
2023-03-08 06:00:00,0.701,0.711,0.696,0.71,275499.7
2023-03-08 06:30:00,0.71,0.711,0.703,0.707,135973.8
2023-03-08 07:00:00,0.707,0.707,0.696,0.698,189335.2
2023-03-08 07:30:00,0.697,0.7,0.691,0.694,211559.7
2023-03-08 08:00:00,0.694,0.695,0.68,0.689,557106.9
2023-03-08 08:30:00,0.689,0.695,0.688,0.693,215194.2
2023-03-08 09:00:00,0.693,0.694,0.688,0.688,251275.3
2023-03-08 09:30:00,0.688,0.693,0.686,0.692,142022.0
2023-03-08 10:00:00,0.692,0.695,0.686,0.693,327305.2
2023-03-08 10:30:00,0.693,0.709,0.692,0.705,497130.0
2023-03-08 11:00:00,0.706,0.714,0.704,0.706,312269.4
2023-03-08 11:30:00,0.706,0.707,0.697,0.698,242790.3
2023-03-08 12:00:00,0.699,0.7,0.694,0.695,196975.5
2023-03-08 12:30:00,0.695,0.699,0.689,0.691,305269.9
2023-03-08 13:00:00,0.692,0.699,0.688,0.696,256219.1
2023-03-08 13:30:00,0.697,0.708,0.691,0.696,648779.5
2023-03-08 14:00:00,0.696,0.703,0.69,0.699,447443.7
2023-03-08 14:30:00,0.699,0.709,0.698,0.699,428613.1
2023-03-08 15:00:00,0.699,0.715,0.697,0.713,534074.0
2023-03-08 15:30:00,0.712,0.717,0.708,0.714,423163.8
2023-03-08 16:00:00,0.714,0.722,0.708,0.71,324236.6
2023-03-08 16:30:00,0.709,0.719,0.708,0.714,227271.0
2023-03-08 17:00:00,0.714,0.718,0.707,0.708,175609.3
2023-03-08 17:30:00,0.708,0.708,0.695,0.695,265384.7
2023-03-08 18:00:00,0.695,0.703,0.695,0.696,150261.4
2023-03-08 18:30:00,0.696,0.697,0.686,0.691,377037.6
2023-03-08 19:00:00,0.69,0.69,0.675,0.679,499964.0
2023-03-08 19:30:00,0.68,0.686,0.676,0.681,164974.2
2023-03-08 20:00:00,0.68,0.682,0.675,0.68,248273.3
2023-03-08 20:30:00,0.68,0.692,0.68,0.691,294776.4
2023-03-08 21:00:00,0.692,0.697,0.69,0.696,105836.4
2023-03-08 21:30:00,0.696,0.697,0.683,0.687,213183.8
2023-03-08 22:00:00,0.688,0.69,0.685,0.688,186649.9
2023-03-08 22:30:00,0.688,0.69,0.65,0.667,1101865.2
2023-03-08 23:00:00,0.667,0.678,0.66,0.675,1025756.2
2023-03-08 23:30:00,0.675,0.681,0.674,0.675,190223.7
2023-03-09 00:00:00,0.676,0.678,0.666,0.674,225280.1
2023-03-09 00:30:00,0.674,0.675,0.667,0.668,162922.3
2023-03-09 01:00:00,0.668,0.675,0.659,0.67,583756.8
2023-03-09 01:30:00,0.67,0.672,0.667,0.67,128759.3
2023-03-09 02:00:00,0.671,0.683,0.671,0.681,252970.0
2023-03-09 02:30:00,0.681,0.683,0.677,0.678,135843.6
2023-03-09 03:00:00,0.678,0.688,0.677,0.679,420691.4
2023-03-09 03:30:00,0.68,0.684,0.678,0.68,276382.6
2023-03-09 04:00:00,0.681,0.683,0.675,0.678,503119.3
2023-03-09 04:30:00,0.678,0.696,0.678,0.691,486972.1
2023-03-09 05:00:00,0.692,0.695,0.685,0.687,215556.4
2023-03-09 05:30:00,0.687,0.689,0.684,0.687,111293.9
2023-03-09 06:00:00,0.687,0.691,0.686,0.687,117256.7
2023-03-09 06:30:00,0.688,0.688,0.681,0.684,239668.4
2023-03-09 07:00:00,0.684,0.686,0.673,0.674,272777.6
2023-03-09 07:30:00,0.674,0.677,0.669,0.67,246032.1
2023-03-09 08:00:00,0.671,0.68,0.668,0.675,414824.5
2023-03-09 08:30:00,0.675,0.682,0.673,0.68,159555.1
2023-03-09 09:00:00,0.681,0.69,0.677,0.684,370879.3
2023-03-09 09:30:00,0.684,0.686,0.679,0.685,172670.7
2023-03-09 10:00:00,0.685,0.688,0.681,0.687,193668.1
2023-03-09 10:30:00,0.687,0.691,0.678,0.69,259196.4
2023-03-09 11:00:00,0.69,0.694,0.684,0.686,348579.2
2023-03-09 11:30:00,0.686,0.688,0.684,0.686,88640.1
2023-03-09 12:00:00,0.687,0.687,0.677,0.68,258016.7
2023-03-09 12:30:00,0.679,0.684,0.676,0.681,216580.4
2023-03-09 13:00:00,0.681,0.681,0.676,0.678,150218.3
2023-03-09 13:30:00,0.679,0.691,0.679,0.691,341800.2
2023-03-09 14:00:00,0.692,0.71,0.69,0.7,694969.5
2023-03-09 14:30:00,0.7,0.707,0.698,0.701,480372.0
2023-03-09 15:00:00,0.702,0.707,0.695,0.699,398440.8
2023-03-09 15:30:00,0.699,0.702,0.696,0.698,170556.4
2023-03-09 16:00:00,0.698,0.728,0.696,0.713,1843200.1
2023-03-09 16:30:00,0.714,0.717,0.702,0.71,789341.0
2023-03-09 17:00:00,0.71,0.729,0.709,0.723,787598.9
2023-03-09 17:30:00,0.723,0.729,0.714,0.716,767971.1
2023-03-09 18:00:00,0.716,0.722,0.708,0.713,666255.1
2023-03-09 18:30:00,0.712,0.714,0.702,0.707,1109694.2
2023-03-09 19:00:00,0.708,0.726,0.695,0.714,1471166.4
2023-03-09 19:30:00,0.715,0.716,0.688,0.698,1264607.9
2023-03-09 20:00:00,0.698,0.702,0.666,0.677,1228823.0
2023-03-09 20:30:00,0.677,0.682,0.615,0.62,2755599.1
2023-03-09 21:00:00,0.622,0.651,0.62,0.642,1680358.2
2023-03-09 21:30:00,0.642,0.642,0.623,0.624,780810.4
2023-03-09 22:00:00,0.624,0.642,0.623,0.634,883825.1
2023-03-09 22:30:00,0.633,0.64,0.628,0.635,646125.8
2023-03-09 23:00:00,0.634,0.639,0.628,0.638,319253.0
2023-03-09 23:30:00,0.639,0.643,0.634,0.639,256535.6
2023-03-10 00:00:00,0.64,0.649,0.629,0.634,940301.0
2023-03-10 00:30:00,0.633,0.636,0.626,0.632,604759.1
2023-03-10 01:00:00,0.633,0.635,0.616,0.623,1079958.8
2023-03-10 01:30:00,0.623,0.637,0.622,0.634,513671.6
2023-03-10 02:00:00,0.635,0.636,0.625,0.625,722721.8
2023-03-10 02:30:00,0.625,0.629,0.622,0.623,347641.4
2023-03-10 03:00:00,0.623,0.624,0.595,0.614,3111616.7
2023-03-10 03:30:00,0.614,0.616,0.604,0.605,583076.2
2023-03-10 04:00:00,0.606,0.608,0.591,0.598,900858.7
2023-03-10 04:30:00,0.599,0.6,0.596,0.598,349273.9
2023-03-10 05:00:00,0.598,0.611,0.598,0.608,350088.9
2023-03-10 05:30:00,0.607,0.612,0.605,0.607,298488.1
2023-03-10 06:00:00,0.607,0.61,0.599,0.601,344333.0
2023-03-10 06:30:00,0.602,0.604,0.591,0.592,354043.7
2023-03-10 07:00:00,0.592,0.596,0.58,0.593,945997.4
2023-03-10 07:30:00,0.592,0.6,0.591,0.594,448132.6
2023-03-10 08:00:00,0.595,0.595,0.587,0.589,453734.3
2023-03-10 08:30:00,0.589,0.593,0.582,0.591,396855.3
2023-03-10 09:00:00,0.591,0.592,0.584,0.586,332713.0
2023-03-10 09:30:00,0.586,0.588,0.573,0.574,920791.8
2023-03-10 10:00:00,0.574,0.578,0.555,0.557,955632.6
2023-03-10 10:30:00,0.557,0.562,0.538,0.544,3075538.2
2023-03-10 11:00:00,0.545,0.555,0.544,0.551,965533.5
2023-03-10 11:30:00,0.551,0.558,0.55,0.554,626992.5
2023-03-10 12:00:00,0.555,0.56,0.55,0.556,617577.4
2023-03-10 12:30:00,0.558,0.562,0.553,0.559,933601.5
2023-03-10 13:00:00,0.559,0.561,0.552,0.557,355900.6
2023-03-10 13:30:00,0.557,0.575,0.553,0.57,1962074.0
2023-03-10 14:00:00,0.57,0.57,0.559,0.566,1370699.9
2023-03-10 14:30:00,0.567,0.567,0.547,0.556,1519196.8
2023-03-10 15:00:00,0.556,0.561,0.552,0.558,922068.7
2023-03-10 15:30:00,0.557,0.566,0.556,0.565,753054.3
2023-03-10 16:00:00,0.566,0.585,0.562,0.58,1472049.9
2023-03-10 16:30:00,0.581,0.587,0.571,0.573,1139227.6
2023-03-10 17:00:00,0.573,0.574,0.565,0.569,435862.4
2023-03-10 17:30:00,0.57,0.581,0.568,0.571,479108.3
2023-03-10 18:00:00,0.572,0.578,0.57,0.573,339566.2
2023-03-10 18:30:00,0.574,0.577,0.567,0.57,251758.9
2023-03-10 19:00:00,0.57,0.576,0.57,0.573,276122.0
2023-03-10 19:30:00,0.572,0.581,0.572,0.581,394099.2
2023-03-10 20:00:00,0.581,0.586,0.579,0.582,428536.5
2023-03-10 20:30:00,0.582,0.583,0.577,0.578,137084.0
2023-03-10 21:00:00,0.578,0.579,0.568,0.572,327535.7
2023-03-10 21:30:00,0.572,0.583,0.57,0.581,294454.2
2023-03-10 22:00:00,0.581,0.588,0.58,0.583,218687.2
2023-03-10 22:30:00,0.583,0.585,0.58,0.581,234295.9
2023-03-10 23:00:00,0.583,0.594,0.583,0.585,489634.6
2023-03-10 23:30:00,0.586,0.589,0.581,0.581,380689.2
2023-03-11 00:00:00,0.582,0.59,0.581,0.59,323022.4
2023-03-11 00:30:00,0.589,0.599,0.588,0.592,413247.0
2023-03-11 01:00:00,0.592,0.598,0.592,0.594,492826.4
2023-03-11 01:30:00,0.594,0.6,0.592,0.596,412906.9
2023-03-11 02:00:00,0.596,0.597,0.588,0.59,421680.8
2023-03-11 02:30:00,0.59,0.59,0.585,0.588,224940.4
2023-03-11 03:00:00,0.589,0.593,0.581,0.581,328933.7
2023-03-11 03:30:00,0.582,0.585,0.581,0.582,228952.4
2023-03-11 04:00:00,0.582,0.589,0.573,0.587,1512560.8
2023-03-11 04:30:00,0.587,0.587,0.581,0.584,178058.1
2023-03-11 05:00:00,0.585,0.599,0.581,0.598,328646.6
2023-03-11 05:30:00,0.598,0.618,0.596,0.61,999219.7
2023-03-11 06:00:00,0.611,0.626,0.61,0.612,765490.5
2023-03-11 06:30:00,0.611,0.613,0.596,0.601,787990.9
2023-03-11 07:00:00,0.602,0.607,0.587,0.591,697862.1
2023-03-11 07:30:00,0.59,0.59,0.54,0.556,2037444.3
2023-03-11 08:00:00,0.555,0.573,0.554,0.568,803766.1
2023-03-11 08:30:00,0.567,0.583,0.567,0.574,819952.4
2023-03-11 09:00:00,0.576,0.584,0.573,0.577,357524.3
2023-03-11 09:30:00,0.577,0.586,0.57,0.582,635694.8
2023-03-11 10:00:00,0.583,0.592,0.583,0.589,444631.0
2023-03-11 10:30:00,0.589,0.594,0.583,0.585,516105.5
2023-03-11 11:00:00,0.585,0.594,0.583,0.588,488913.0
2023-03-11 11:30:00,0.588,0.591,0.579,0.584,328793.2
2023-03-11 12:00:00,0.585,0.599,0.584,0.599,685273.0
2023-03-11 12:30:00,0.598,0.599,0.585,0.587,226819.8
2023-03-11 13:00:00,0.586,0.6,0.586,0.599,311151.9
2023-03-11 13:30:00,0.599,0.618,0.595,0.609,1389133.2
2023-03-11 14:00:00,0.61,0.623,0.61,0.618,1872290.0
2023-03-11 14:30:00,0.619,0.621,0.595,0.599,1393341.2
2023-03-11 15:00:00,0.598,0.604,0.579,0.585,1738906.3
2023-03-11 15:30:00,0.585,0.589,0.571,0.574,768580.6
2023-03-11 16:00:00,0.574,0.578,0.56,0.561,1227815.2
2023-03-11 16:30:00,0.562,0.585,0.56,0.584,1140705.5
2023-03-11 17:00:00,0.584,0.585,0.575,0.577,406668.6
2023-03-11 17:30:00,0.577,0.586,0.575,0.582,433450.8
2023-03-11 18:00:00,0.582,0.587,0.576,0.577,211126.1
2023-03-11 18:30:00,0.577,0.581,0.575,0.58,164905.5
2023-03-11 19:00:00,0.58,0.582,0.576,0.581,138718.0
2023-03-11 19:30:00,0.581,0.581,0.573,0.575,191066.7
2023-03-11 20:00:00,0.575,0.579,0.573,0.578,96686.2
2023-03-11 20:30:00,0.579,0.589,0.579,0.584,270771.3
2023-03-11 21:00:00,0.585,0.589,0.582,0.584,262420.0
2023-03-11 21:30:00,0.585,0.585,0.579,0.579,169388.0
2023-03-11 22:00:00,0.579,0.588,0.577,0.585,225766.3
2023-03-11 22:30:00,0.584,0.585,0.574,0.575,225433.6
2023-03-11 23:00:00,0.576,0.587,0.576,0.586,201041.5
2023-03-11 23:30:00,0.586,0.589,0.583,0.587,388986.7
2023-03-12 00:00:00,0.588,0.589,0.58,0.582,498888.7
2023-03-12 00:30:00,0.582,0.588,0.577,0.587,250272.5
2023-03-12 01:00:00,0.587,0.604,0.584,0.593,631215.0
2023-03-12 01:30:00,0.593,0.594,0.586,0.589,169600.2
2023-03-12 02:00:00,0.589,0.589,0.582,0.582,189430.9
2023-03-12 02:30:00,0.582,0.589,0.582,0.587,114478.5
2023-03-12 03:00:00,0.587,0.591,0.583,0.584,160093.5
2023-03-12 03:30:00,0.583,0.586,0.577,0.579,439861.4
2023-03-12 04:00:00,0.578,0.584,0.577,0.58,146657.9
2023-03-12 04:30:00,0.58,0.587,0.579,0.583,142546.9
2023-03-12 05:00:00,0.583,0.585,0.579,0.58,188885.0
2023-03-12 05:30:00,0.58,0.581,0.575,0.577,208731.2
2023-03-12 06:00:00,0.577,0.579,0.573,0.576,254553.0
2023-03-12 06:30:00,0.575,0.575,0.566,0.569,348915.8
2023-03-12 07:00:00,0.571,0.577,0.569,0.576,357493.2
2023-03-12 07:30:00,0.577,0.579,0.571,0.575,217469.2
2023-03-12 08:00:00,0.574,0.576,0.568,0.575,228096.5
2023-03-12 08:30:00,0.574,0.575,0.569,0.573,265009.7
2023-03-12 09:00:00,0.572,0.575,0.57,0.575,319557.0
2023-03-12 09:30:00,0.575,0.578,0.572,0.576,383167.2
2023-03-12 10:00:00,0.576,0.576,0.572,0.575,268017.3
2023-03-12 10:30:00,0.575,0.585,0.574,0.579,457398.9
2023-03-12 11:00:00,0.58,0.58,0.575,0.576,179417.6
2023-03-12 11:30:00,0.576,0.585,0.576,0.579,324309.3
2023-03-12 12:00:00,0.578,0.578,0.567,0.569,317414.8
2023-03-12 12:30:00,0.57,0.572,0.568,0.571,200269.0
2023-03-12 13:00:00,0.57,0.576,0.567,0.575,387331.8
2023-03-12 13:30:00,0.575,0.576,0.559,0.568,532388.8
2023-03-12 14:00:00,0.568,0.568,0.563,0.565,206210.7
2023-03-12 14:30:00,0.564,0.567,0.554,0.56,743618.5
2023-03-12 15:00:00,0.56,0.564,0.556,0.562,273761.1
2023-03-12 15:30:00,0.562,0.562,0.555,0.56,296514.3
2023-03-12 16:00:00,0.559,0.564,0.553,0.561,458764.6
2023-03-12 16:30:00,0.562,0.563,0.557,0.561,289036.5
2023-03-12 17:00:00,0.561,0.565,0.546,0.565,906944.3
2023-03-12 17:30:00,0.564,0.573,0.563,0.571,849610.2
2023-03-12 18:00:00,0.571,0.577,0.567,0.576,384434.9
2023-03-12 18:30:00,0.576,0.585,0.574,0.577,569563.1
2023-03-12 19:00:00,0.577,0.59,0.577,0.577,677990.9
2023-03-12 19:30:00,0.578,0.58,0.574,0.576,346486.4
2023-03-12 20:00:00,0.576,0.583,0.575,0.583,143332.9
2023-03-12 20:30:00,0.583,0.59,0.579,0.588,690649.9
2023-03-12 21:00:00,0.588,0.591,0.585,0.588,348346.7
2023-03-12 21:30:00,0.589,0.598,0.588,0.597,503587.7
2023-03-12 22:00:00,0.597,0.642,0.593,0.632,3093440.8
2023-03-12 22:30:00,0.632,0.633,0.61,0.615,1413545.3
2023-03-12 23:00:00,0.616,0.626,0.611,0.624,915613.6
2023-03-12 23:30:00,0.623,0.634,0.62,0.623,860064.7
2023-03-13 00:00:00,0.624,0.628,0.614,0.624,915784.6
2023-03-13 00:30:00,0.623,0.644,0.619,0.628,1552264.4
2023-03-13 01:00:00,0.628,0.635,0.618,0.627,1096814.9
2023-03-13 01:30:00,0.627,0.632,0.622,0.625,442348.6
2023-03-13 02:00:00,0.625,0.638,0.625,0.63,883146.9
2023-03-13 02:30:00,0.63,0.64,0.629,0.636,729598.3
2023-03-13 03:00:00,0.636,0.655,0.636,0.654,1237756.1
2023-03-13 03:30:00,0.654,0.654,0.637,0.638,534687.5
2023-03-13 04:00:00,0.639,0.654,0.637,0.652,445305.5
2023-03-13 04:30:00,0.651,0.654,0.641,0.643,289896.0
2023-03-13 05:00:00,0.643,0.648,0.641,0.642,348603.5
2023-03-13 05:30:00,0.642,0.65,0.641,0.645,440212.3
2023-03-13 06:00:00,0.644,0.668,0.644,0.65,635394.2
2023-03-13 06:30:00,0.65,0.652,0.647,0.65,208830.3
2023-03-13 07:00:00,0.651,0.652,0.642,0.65,297472.2
2023-03-13 07:30:00,0.649,0.658,0.645,0.646,353290.9
2023-03-13 08:00:00,0.647,0.657,0.638,0.638,743418.6
2023-03-13 08:30:00,0.639,0.641,0.624,0.624,1308644.7
2023-03-13 09:00:00,0.625,0.628,0.614,0.615,1261206.8
2023-03-13 09:30:00,0.616,0.619,0.606,0.611,972401.0
2023-03-13 10:00:00,0.611,0.619,0.611,0.614,393740.7
2023-03-13 10:30:00,0.615,0.626,0.614,0.624,575474.1
2023-03-13 11:00:00,0.624,0.627,0.617,0.618,206295.0
2023-03-13 11:30:00,0.618,0.627,0.615,0.622,703658.8
2023-03-13 12:00:00,0.623,0.623,0.615,0.621,373046.6
2023-03-13 12:30:00,0.62,0.635,0.619,0.634,946142.6
2023-03-13 13:00:00,0.634,0.645,0.632,0.635,1346056.4
2023-03-13 13:30:00,0.636,0.637,0.62,0.632,979789.1
2023-03-13 14:00:00,0.631,0.647,0.628,0.64,1374547.8
2023-03-13 14:30:00,0.642,0.694,0.637,0.676,3357123.4
2023-03-13 15:00:00,0.677,0.686,0.666,0.677,2120580.5
2023-03-13 15:30:00,0.677,0.678,0.655,0.674,1699568.7
2023-03-13 16:00:00,0.672,0.687,0.67,0.672,865230.7
2023-03-13 16:30:00,0.673,0.677,0.664,0.67,996748.7
2023-03-13 17:00:00,0.669,0.673,0.663,0.672,503400.9
2023-03-13 17:30:00,0.672,0.675,0.669,0.67,385028.2
2023-03-13 18:00:00,0.671,0.684,0.666,0.683,562143.9
2023-03-13 18:30:00,0.683,0.693,0.682,0.682,700034.5
2023-03-13 19:00:00,0.682,0.687,0.673,0.681,526454.2
2023-03-13 19:30:00,0.681,0.692,0.68,0.691,464789.7
2023-03-13 20:00:00,0.691,0.692,0.677,0.678,514596.8
2023-03-13 20:30:00,0.678,0.688,0.677,0.682,314537.2
2023-03-13 21:00:00,0.682,0.685,0.677,0.678,457240.9
2023-03-13 21:30:00,0.679,0.684,0.676,0.679,316284.6
2023-03-13 22:00:00,0.679,0.686,0.679,0.681,266701.6
2023-03-13 22:30:00,0.681,0.685,0.678,0.683,309792.0
2023-03-13 23:00:00,0.683,0.685,0.666,0.669,726130.4
2023-03-13 23:30:00,0.671,0.675,0.665,0.673,427860.6
2023-03-14 00:00:00,0.672,0.675,0.664,0.668,758663.1
2023-03-14 00:30:00,0.669,0.675,0.659,0.664,694743.7
2023-03-14 01:00:00,0.663,0.672,0.659,0.662,425758.7
2023-03-14 01:30:00,0.662,0.676,0.662,0.669,547391.6
2023-03-14 02:00:00,0.669,0.67,0.663,0.664,384799.0
2023-03-14 02:30:00,0.663,0.672,0.661,0.671,195489.3
2023-03-14 03:00:00,0.67,0.671,0.666,0.669,159038.8
2023-03-14 03:30:00,0.669,0.675,0.669,0.672,197838.9
2023-03-14 04:00:00,0.673,0.681,0.672,0.678,373142.9
2023-03-14 04:30:00,0.677,0.687,0.671,0.677,481477.2
2023-03-14 05:00:00,0.677,0.695,0.672,0.682,1515114.6
2023-03-14 05:30:00,0.683,0.689,0.679,0.682,477898.2
2023-03-14 06:00:00,0.682,0.682,0.67,0.677,599271.6
2023-03-14 06:30:00,0.676,0.678,0.672,0.675,236301.8
2023-03-14 07:00:00,0.675,0.686,0.672,0.678,382549.7
2023-03-14 07:30:00,0.678,0.678,0.665,0.666,405287.1
2023-03-14 08:00:00,0.667,0.67,0.648,0.661,978837.8
2023-03-14 08:30:00,0.661,0.665,0.66,0.662,412420.7
2023-03-14 09:00:00,0.661,0.663,0.655,0.657,297457.7
2023-03-14 09:30:00,0.657,0.672,0.655,0.671,393170.1
2023-03-14 10:00:00,0.671,0.682,0.67,0.675,389205.7
2023-03-14 10:30:00,0.675,0.68,0.675,0.676,292045.2
2023-03-14 11:00:00,0.676,0.677,0.667,0.667,329303.7
2023-03-14 11:30:00,0.668,0.671,0.663,0.669,633453.7
2023-03-14 12:00:00,0.668,0.669,0.654,0.657,1109145.5
2023-03-14 12:30:00,0.657,0.691,0.654,0.686,3569446.1
2023-03-14 13:00:00,0.687,0.712,0.681,0.687,2245264.9
2023-03-14 13:30:00,0.686,0.701,0.686,0.694,1000121.3
2023-03-14 14:00:00,0.694,0.73,0.69,0.722,1713697.9
2023-03-14 14:30:00,0.721,0.727,0.71,0.711,1717952.7
2023-03-14 15:00:00,0.711,0.723,0.709,0.712,1118661.4
2023-03-14 15:30:00,0.712,0.73,0.711,0.722,599200.3
2023-03-14 16:00:00,0.722,0.743,0.713,0.718,1808305.4
2023-03-14 16:30:00,0.718,0.727,0.718,0.721,568416.3
2023-03-14 17:00:00,0.721,0.723,0.705,0.706,699171.3
2023-03-14 17:30:00,0.706,0.717,0.706,0.711,530730.5
2023-03-14 18:00:00,0.711,0.711,0.696,0.709,974518.7
2023-03-14 18:30:00,0.709,0.713,0.694,0.696,341448.7
2023-03-14 19:00:00,0.695,0.702,0.679,0.682,919931.7
2023-03-14 19:30:00,0.682,0.698,0.674,0.695,775638.5
2023-03-14 20:00:00,0.696,0.699,0.688,0.69,468708.3
2023-03-14 20:30:00,0.689,0.691,0.674,0.675,881602.5
2023-03-14 21:00:00,0.674,0.677,0.656,0.662,1028275.4
2023-03-14 21:30:00,0.662,0.676,0.66,0.673,281564.0
2023-03-14 22:00:00,0.674,0.678,0.669,0.672,285187.4
2023-03-14 22:30:00,0.672,0.679,0.671,0.678,189621.8
2023-03-14 23:00:00,0.679,0.68,0.674,0.679,313156.3
2023-03-14 23:30:00,0.678,0.681,0.676,0.68,383250.8
2023-03-15 00:00:00,0.679,0.684,0.668,0.669,608640.0
2023-03-15 00:30:00,0.669,0.675,0.662,0.675,673737.3
2023-03-15 01:00:00,0.676,0.687,0.674,0.682,512315.7
2023-03-15 01:30:00,0.681,0.692,0.681,0.689,442666.5
2023-03-15 02:00:00,0.69,0.696,0.687,0.693,220921.1
2023-03-15 02:30:00,0.693,0.696,0.686,0.689,342081.5
2023-03-15 03:00:00,0.689,0.695,0.684,0.687,289727.4
2023-03-15 03:30:00,0.686,0.691,0.683,0.689,245611.7
2023-03-15 04:00:00,0.689,0.7,0.688,0.7,262100.1
2023-03-15 04:30:00,0.7,0.709,0.696,0.697,453164.4
2023-03-15 05:00:00,0.697,0.706,0.697,0.701,280154.8
2023-03-15 05:30:00,0.7,0.7,0.686,0.692,405967.5
2023-03-15 06:00:00,0.691,0.692,0.68,0.684,412414.5
2023-03-15 06:30:00,0.684,0.695,0.683,0.688,420033.9
2023-03-15 07:00:00,0.688,0.691,0.682,0.69,281731.1
2023-03-15 07:30:00,0.69,0.704,0.688,0.7,663682.4
2023-03-15 08:00:00,0.7,0.708,0.69,0.694,516678.3
2023-03-15 08:30:00,0.694,0.695,0.688,0.692,274968.3
2023-03-15 09:00:00,0.692,0.697,0.686,0.687,298027.8
2023-03-15 09:30:00,0.686,0.689,0.677,0.68,456946.1
2023-03-15 10:00:00,0.679,0.683,0.67,0.672,788796.9
2023-03-15 10:30:00,0.672,0.677,0.67,0.671,472569.0
2023-03-15 11:00:00,0.672,0.672,0.62,0.634,2561907.5
2023-03-15 11:30:00,0.635,0.652,0.632,0.65,1232236.7
2023-03-15 12:00:00,0.65,0.654,0.634,0.644,979200.0
2023-03-15 12:30:00,0.643,0.659,0.634,0.644,935851.8
2023-03-15 13:00:00,0.643,0.652,0.64,0.65,598582.8
2023-03-15 13:30:00,0.65,0.651,0.634,0.636,653495.4
2023-03-15 14:00:00,0.636,0.641,0.63,0.633,394952.8
2023-03-15 14:30:00,0.632,0.633,0.61,0.627,1397905.8
2023-03-15 15:00:00,0.627,0.627,0.612,0.614,606446.9
2023-03-15 15:30:00,0.614,0.619,0.59,0.6,1629126.7
2023-03-15 16:00:00,0.6,0.601,0.589,0.596,985447.5
2023-03-15 16:30:00,0.595,0.602,0.572,0.578,1362474.8
2023-03-15 17:00:00,0.578,0.59,0.574,0.587,1052107.6
2023-03-15 17:30:00,0.588,0.59,0.583,0.587,649498.4
2023-03-15 18:00:00,0.588,0.591,0.578,0.588,507284.9
2023-03-15 18:30:00,0.588,0.59,0.583,0.589,417877.5
2023-03-15 19:00:00,0.59,0.59,0.582,0.589,431131.3
2023-03-15 19:30:00,0.588,0.588,0.572,0.581,683486.9
2023-03-15 20:00:00,0.579,0.58,0.573,0.579,288411.4
2023-03-15 20:30:00,0.579,0.587,0.575,0.582,455290.8
2023-03-15 21:00:00,0.582,0.585,0.578,0.578,243641.8
2023-03-15 21:30:00,0.578,0.584,0.578,0.582,240713.9
2023-03-15 22:00:00,0.583,0.591,0.581,0.585,270153.2
2023-03-15 22:30:00,0.584,0.584,0.571,0.576,479875.6
2023-03-15 23:00:00,0.575,0.582,0.573,0.58,250840.9
2023-03-15 23:30:00,0.58,0.586,0.578,0.583,404720.5
2023-03-16 00:00:00,0.584,0.59,0.577,0.585,350966.6
2023-03-16 00:30:00,0.585,0.585,0.573,0.575,412892.8
2023-03-16 01:00:00,0.575,0.581,0.565,0.58,850238.9
2023-03-16 01:30:00,0.579,0.586,0.575,0.583,662393.1
2023-03-16 02:00:00,0.582,0.591,0.581,0.59,318100.7
2023-03-16 02:30:00,0.589,0.596,0.587,0.595,415356.9
2023-03-16 03:00:00,0.594,0.594,0.585,0.589,279971.7
2023-03-16 03:30:00,0.589,0.59,0.583,0.588,233567.7
2023-03-16 04:00:00,0.588,0.588,0.583,0.585,225772.6
2023-03-16 04:30:00,0.586,0.586,0.577,0.581,331235.7
2023-03-16 05:00:00,0.581,0.588,0.576,0.586,306617.1
2023-03-16 05:30:00,0.586,0.591,0.586,0.588,443096.1
2023-03-16 06:00:00,0.588,0.594,0.587,0.589,415395.1
2023-03-16 06:30:00,0.589,0.59,0.583,0.589,334706.7
2023-03-16 07:00:00,0.59,0.594,0.586,0.593,542240.2
2023-03-16 07:30:00,0.594,0.6,0.592,0.596,466897.1
2023-03-16 08:00:00,0.596,0.596,0.589,0.592,445188.6
2023-03-16 08:30:00,0.592,0.594,0.587,0.591,351188.0
2023-03-16 09:00:00,0.591,0.592,0.578,0.582,702468.1
2023-03-16 09:30:00,0.582,0.594,0.579,0.589,489382.6
2023-03-16 10:00:00,0.589,0.594,0.585,0.592,409554.1
2023-03-16 10:30:00,0.592,0.599,0.59,0.595,679791.2
2023-03-16 11:00:00,0.595,0.599,0.59,0.593,462247.1
2023-03-16 11:30:00,0.593,0.598,0.591,0.592,361697.9
2023-03-16 12:00:00,0.592,0.593,0.582,0.588,665134.1
2023-03-16 12:30:00,0.587,0.588,0.576,0.582,477932.6
2023-03-16 13:00:00,0.582,0.585,0.571,0.578,435532.3
2023-03-16 13:30:00,0.578,0.587,0.576,0.587,369726.8
2023-03-16 14:00:00,0.588,0.589,0.58,0.588,353311.5
2023-03-16 14:30:00,0.588,0.594,0.587,0.589,339149.8
2023-03-16 15:00:00,0.589,0.591,0.585,0.588,433751.4
2023-03-16 15:30:00,0.588,0.594,0.586,0.59,385150.7
2023-03-16 16:00:00,0.59,0.594,0.587,0.59,338091.7
2023-03-16 16:30:00,0.589,0.593,0.587,0.591,389395.4
2023-03-16 17:00:00,0.591,0.591,0.584,0.588,206938.0
2023-03-16 17:30:00,0.588,0.592,0.587,0.589,194988.0
2023-03-16 18:00:00,0.588,0.591,0.585,0.591,103733.5
2023-03-16 18:30:00,0.591,0.592,0.585,0.59,163171.4
2023-03-16 19:00:00,0.591,0.598,0.591,0.596,231485.2
2023-03-16 19:30:00,0.596,0.597,0.591,0.594,169131.8
2023-03-16 20:00:00,0.593,0.594,0.588,0.59,269652.1
2023-03-16 20:30:00,0.59,0.591,0.576,0.58,256396.6
2023-03-16 21:00:00,0.579,0.583,0.578,0.582,207541.4
2023-03-16 21:30:00,0.582,0.588,0.58,0.584,270777.1
2023-03-16 22:00:00,0.583,0.591,0.582,0.589,134996.1
2023-03-16 22:30:00,0.588,0.593,0.588,0.591,118018.8
2023-03-16 23:00:00,0.59,0.593,0.589,0.591,136149.7
2023-03-16 23:30:00,0.591,0.597,0.591,0.595,235095.7
2023-03-17 00:00:00,0.594,0.597,0.589,0.589,211590.1
2023-03-17 00:30:00,0.589,0.589,0.584,0.585,141010.2
2023-03-17 01:00:00,0.586,0.597,0.584,0.596,236471.8
2023-03-17 01:30:00,0.596,0.608,0.592,0.606,533367.6
2023-03-17 02:00:00,0.606,0.611,0.603,0.608,569926.7
2023-03-17 02:30:00,0.609,0.609,0.599,0.604,172232.7
2023-03-17 03:00:00,0.605,0.612,0.605,0.608,300554.4
2023-03-17 03:30:00,0.608,0.615,0.602,0.613,365073.4
2023-03-17 04:00:00,0.613,0.613,0.607,0.607,263204.5
2023-03-17 04:30:00,0.607,0.61,0.605,0.606,160544.4
2023-03-17 05:00:00,0.606,0.607,0.601,0.602,215854.1
2023-03-17 05:30:00,0.601,0.603,0.598,0.602,235685.4
2023-03-17 06:00:00,0.603,0.607,0.601,0.603,173712.8
2023-03-17 06:30:00,0.603,0.613,0.602,0.611,469165.1
2023-03-17 07:00:00,0.612,0.619,0.605,0.608,1197875.1
2023-03-17 07:30:00,0.606,0.619,0.606,0.614,1864060.3
2023-03-17 08:00:00,0.615,0.615,0.607,0.611,245091.1
2023-03-17 08:30:00,0.61,0.612,0.607,0.607,327302.4
2023-03-17 09:00:00,0.608,0.614,0.606,0.611,292723.5
2023-03-17 09:30:00,0.612,0.618,0.61,0.616,546372.3
2023-03-17 10:00:00,0.616,0.639,0.614,0.633,6400363.7
2023-03-17 10:30:00,0.633,0.659,0.632,0.643,1962917.0
2023-03-17 11:00:00,0.643,0.662,0.639,0.652,6868916.8
2023-03-17 11:30:00,0.652,0.671,0.649,0.649,7578988.8
2023-03-17 12:00:00,0.649,0.653,0.636,0.638,951615.5
2023-03-17 12:30:00,0.638,0.646,0.631,0.642,913367.2
2023-03-17 13:00:00,0.642,0.654,0.641,0.646,634463.9
2023-03-17 13:30:00,0.647,0.664,0.64,0.662,753924.7
2023-03-17 14:00:00,0.662,0.686,0.654,0.657,3869648.5
2023-03-17 14:30:00,0.656,0.661,0.623,0.645,2427493.8
2023-03-17 15:00:00,0.644,0.649,0.638,0.642,1039062.2
2023-03-17 15:30:00,0.642,0.647,0.639,0.643,502908.9
2023-03-17 16:00:00,0.644,0.66,0.642,0.651,959304.5
2023-03-17 16:30:00,0.651,0.653,0.644,0.652,345415.7
2023-03-17 17:00:00,0.652,0.658,0.648,0.65,499268.9
2023-03-17 17:30:00,0.65,0.65,0.641,0.644,310058.7
2023-03-17 18:00:00,0.644,0.645,0.636,0.64,337724.9
2023-03-17 18:30:00,0.64,0.647,0.64,0.647,139062.9
2023-03-17 19:00:00,0.646,0.651,0.645,0.649,285904.0
2023-03-17 19:30:00,0.648,0.649,0.642,0.645,240794.9
2023-03-17 20:00:00,0.646,0.648,0.641,0.641,264120.3
2023-03-17 20:30:00,0.641,0.641,0.638,0.639,194242.6
2023-03-17 21:00:00,0.639,0.641,0.636,0.641,244889.6
2023-03-17 21:30:00,0.641,0.652,0.638,0.647,358581.1
2023-03-17 22:00:00,0.647,0.653,0.646,0.652,386508.4
2023-03-17 22:30:00,0.651,0.657,0.648,0.653,390879.0
2023-03-17 23:00:00,0.654,0.663,0.653,0.656,330740.9
2023-03-17 23:30:00,0.656,0.667,0.656,0.661,706290.4
2023-03-18 00:00:00,0.661,0.665,0.649,0.659,581011.2
2023-03-18 00:30:00,0.658,0.67,0.655,0.668,254983.2
2023-03-18 01:00:00,0.668,0.672,0.664,0.668,310916.8
2023-03-18 01:30:00,0.667,0.669,0.662,0.668,386345.4
2023-03-18 02:00:00,0.668,0.669,0.659,0.666,377954.9
2023-03-18 02:30:00,0.666,0.667,0.658,0.661,430217.1
2023-03-18 03:00:00,0.66,0.666,0.657,0.665,332428.4
2023-03-18 03:30:00,0.665,0.68,0.665,0.673,419994.9
2023-03-18 04:00:00,0.674,0.678,0.664,0.668,912373.4
2023-03-18 04:30:00,0.667,0.677,0.659,0.672,1096593.3
2023-03-18 05:00:00,0.672,0.675,0.667,0.672,161513.9
2023-03-18 05:30:00,0.673,0.694,0.669,0.686,1926245.7
2023-03-18 06:00:00,0.686,0.692,0.671,0.674,1259509.1
2023-03-18 06:30:00,0.675,0.686,0.67,0.68,563706.0
2023-03-18 07:00:00,0.681,0.684,0.67,0.673,1021552.9
2023-03-18 07:30:00,0.673,0.684,0.665,0.677,917859.2
2023-03-18 08:00:00,0.676,0.682,0.65,0.656,1571991.0
2023-03-18 08:30:00,0.656,0.659,0.653,0.657,461751.4
2023-03-18 09:00:00,0.656,0.659,0.65,0.651,323769.8
2023-03-18 09:30:00,0.651,0.67,0.647,0.669,806307.7
2023-03-18 10:00:00,0.668,0.669,0.661,0.662,303121.3
2023-03-18 10:30:00,0.663,0.675,0.661,0.673,362711.0
2023-03-18 11:00:00,0.672,0.674,0.665,0.67,358911.0
2023-03-18 11:30:00,0.67,0.673,0.663,0.666,349078.8
2023-03-18 12:00:00,0.666,0.672,0.661,0.667,375578.7
2023-03-18 12:30:00,0.667,0.678,0.667,0.671,387612.0
2023-03-18 13:00:00,0.671,0.674,0.665,0.668,346739.3
2023-03-18 13:30:00,0.668,0.67,0.661,0.667,380038.5
2023-03-18 14:00:00,0.666,0.674,0.663,0.673,294445.9
2023-03-18 14:30:00,0.672,0.676,0.665,0.666,285934.4
2023-03-18 15:00:00,0.667,0.667,0.64,0.652,963276.6
2023-03-18 15:30:00,0.652,0.654,0.624,0.635,1163004.2
2023-03-18 16:00:00,0.636,0.642,0.628,0.635,599432.7
2023-03-18 16:30:00,0.635,0.647,0.6,0.641,1896996.4
2023-03-18 17:00:00,0.64,0.644,0.625,0.627,551764.3
2023-03-18 17:30:00,0.627,0.635,0.621,0.633,472331.0
2023-03-18 18:00:00,0.632,0.636,0.628,0.632,185656.0
2023-03-18 18:30:00,0.631,0.639,0.63,0.637,235832.8
2023-03-18 19:00:00,0.637,0.638,0.63,0.637,220234.5
2023-03-18 19:30:00,0.637,0.639,0.63,0.63,177976.6
2023-03-18 20:00:00,0.63,0.632,0.628,0.629,131820.0
2023-03-18 20:30:00,0.63,0.636,0.628,0.631,175883.7
2023-03-18 21:00:00,0.631,0.632,0.629,0.63,68589.8
2023-03-18 21:30:00,0.631,0.631,0.625,0.626,77005.4
2023-03-18 22:00:00,0.626,0.627,0.624,0.627,118927.2
2023-03-18 22:30:00,0.627,0.629,0.615,0.618,229715.7
2023-03-18 23:00:00,0.619,0.623,0.61,0.613,346589.3
2023-03-18 23:30:00,0.613,0.618,0.611,0.617,120134.1
2023-03-19 00:00:00,0.617,0.63,0.613,0.63,324530.9
2023-03-19 00:30:00,0.63,0.635,0.627,0.63,211613.7
2023-03-19 01:00:00,0.631,0.632,0.618,0.622,817969.9
2023-03-19 01:30:00,0.622,0.627,0.622,0.625,213163.7
2023-03-19 02:00:00,0.626,0.635,0.625,0.633,356138.4
2023-03-19 02:30:00,0.632,0.636,0.625,0.629,217051.9
2023-03-19 03:00:00,0.629,0.634,0.628,0.63,128861.6
2023-03-19 03:30:00,0.63,0.638,0.63,0.635,285572.8
2023-03-19 04:00:00,0.634,0.639,0.63,0.631,166061.4
2023-03-19 04:30:00,0.631,0.632,0.627,0.628,158630.0
2023-03-19 05:00:00,0.628,0.631,0.623,0.631,223141.5
2023-03-19 05:30:00,0.631,0.633,0.626,0.628,148327.0
2023-03-19 06:00:00,0.626,0.629,0.621,0.622,274875.3
2023-03-19 06:30:00,0.621,0.623,0.612,0.614,517133.1
2023-03-19 07:00:00,0.614,0.617,0.604,0.615,476264.0
2023-03-19 07:30:00,0.615,0.623,0.614,0.621,153401.3
2023-03-19 08:00:00,0.621,0.622,0.611,0.619,274806.1
2023-03-19 08:30:00,0.619,0.622,0.615,0.617,265128.7
2023-03-19 09:00:00,0.617,0.622,0.615,0.617,170617.7
2023-03-19 09:30:00,0.617,0.627,0.617,0.626,185926.8
2023-03-19 10:00:00,0.625,0.628,0.621,0.627,299823.2
2023-03-19 10:30:00,0.626,0.627,0.617,0.619,184547.1
2023-03-19 11:00:00,0.619,0.626,0.614,0.625,321196.8
2023-03-19 11:30:00,0.626,0.632,0.622,0.629,177590.4
2023-03-19 12:00:00,0.629,0.633,0.625,0.627,242776.5
2023-03-19 12:30:00,0.627,0.632,0.624,0.628,217559.6
2023-03-19 13:00:00,0.628,0.631,0.62,0.623,228388.2
2023-03-19 13:30:00,0.623,0.625,0.617,0.622,190343.0
2023-03-19 14:00:00,0.622,0.631,0.621,0.629,254481.3
2023-03-19 14:30:00,0.629,0.63,0.627,0.629,195273.3
2023-03-19 15:00:00,0.629,0.637,0.628,0.63,346351.2
2023-03-19 15:30:00,0.63,0.634,0.627,0.629,315804.0
2023-03-19 16:00:00,0.629,0.636,0.628,0.635,284485.0
2023-03-19 16:30:00,0.636,0.649,0.634,0.644,732009.3
2023-03-19 17:00:00,0.644,0.645,0.632,0.635,493599.9
2023-03-19 17:30:00,0.636,0.641,0.635,0.636,135677.2
2023-03-19 18:00:00,0.637,0.64,0.634,0.639,141822.0
2023-03-19 18:30:00,0.639,0.639,0.631,0.635,261881.7
2023-03-19 19:00:00,0.635,0.644,0.635,0.643,319059.7
2023-03-19 19:30:00,0.643,0.645,0.637,0.638,226159.9
2023-03-19 20:00:00,0.638,0.639,0.627,0.629,373588.9
2023-03-19 20:30:00,0.629,0.63,0.62,0.625,267160.0
2023-03-19 21:00:00,0.624,0.631,0.623,0.628,149607.3
2023-03-19 21:30:00,0.627,0.629,0.62,0.622,219479.1
2023-03-19 22:00:00,0.623,0.627,0.62,0.622,184774.4
2023-03-19 22:30:00,0.622,0.63,0.62,0.628,123599.6
2023-03-19 23:00:00,0.628,0.635,0.626,0.634,212677.3
2023-03-19 23:30:00,0.634,0.635,0.62,0.623,156904.7
2023-03-20 00:00:00,0.624,0.628,0.611,0.624,284018.8
2023-03-20 00:30:00,0.624,0.629,0.616,0.621,206383.0
2023-03-20 01:00:00,0.621,0.632,0.617,0.631,171779.4
2023-03-20 01:30:00,0.631,0.635,0.628,0.63,121323.5
2023-03-20 02:00:00,0.63,0.633,0.63,0.631,121976.4
2023-03-20 02:30:00,0.631,0.632,0.616,0.622,276037.9
2023-03-20 03:00:00,0.622,0.625,0.61,0.613,266988.0
2023-03-20 03:30:00,0.613,0.614,0.6,0.602,704739.6
2023-03-20 04:00:00,0.602,0.606,0.592,0.605,862673.7
2023-03-20 04:30:00,0.605,0.606,0.6,0.602,327836.5
2023-03-20 05:00:00,0.602,0.609,0.601,0.604,153422.1
2023-03-20 05:30:00,0.605,0.607,0.6,0.606,139859.1
2023-03-20 06:00:00,0.607,0.613,0.605,0.608,484404.7
2023-03-20 06:30:00,0.608,0.61,0.604,0.606,175443.0
2023-03-20 07:00:00,0.607,0.616,0.606,0.611,271903.5
2023-03-20 07:30:00,0.61,0.621,0.609,0.619,200910.9
2023-03-20 08:00:00,0.618,0.623,0.613,0.618,270643.5
2023-03-20 08:30:00,0.618,0.62,0.613,0.617,186084.0
2023-03-20 09:00:00,0.616,0.619,0.606,0.613,423322.4
2023-03-20 09:30:00,0.613,0.616,0.608,0.61,173059.4
2023-03-20 10:00:00,0.61,0.612,0.603,0.606,291355.5
2023-03-20 10:30:00,0.606,0.61,0.602,0.604,191372.6
2023-03-20 11:00:00,0.605,0.611,0.603,0.61,195093.9
2023-03-20 11:30:00,0.61,0.61,0.602,0.604,170973.6
2023-03-20 12:00:00,0.604,0.609,0.6,0.609,239559.1
2023-03-20 12:30:00,0.608,0.611,0.601,0.602,760332.2
2023-03-20 13:00:00,0.602,0.603,0.594,0.598,406635.8
2023-03-20 13:30:00,0.599,0.601,0.591,0.595,475406.0
2023-03-20 14:00:00,0.595,0.602,0.593,0.598,229071.0
2023-03-20 14:30:00,0.599,0.604,0.598,0.603,156998.8
2023-03-20 15:00:00,0.603,0.605,0.597,0.602,151115.8
2023-03-20 15:30:00,0.602,0.603,0.595,0.596,458868.0
2023-03-20 16:00:00,0.596,0.598,0.586,0.59,416185.6
2023-03-20 16:30:00,0.59,0.592,0.581,0.583,266896.5
2023-03-20 17:00:00,0.582,0.586,0.577,0.585,374442.9
2023-03-20 17:30:00,0.585,0.588,0.577,0.578,349618.3
2023-03-20 18:00:00,0.578,0.579,0.57,0.573,1162436.0
2023-03-20 18:30:00,0.573,0.582,0.573,0.578,262132.5
2023-03-20 19:00:00,0.579,0.58,0.566,0.571,410922.1
2023-03-20 19:30:00,0.571,0.577,0.57,0.577,177801.3
2023-03-20 20:00:00,0.576,0.579,0.574,0.578,146649.9
2023-03-20 20:30:00,0.578,0.581,0.576,0.578,162573.2
2023-03-20 21:00:00,0.579,0.58,0.575,0.577,174953.7
2023-03-20 21:30:00,0.577,0.579,0.572,0.576,129195.8
2023-03-20 22:00:00,0.576,0.577,0.571,0.571,271434.4
2023-03-20 22:30:00,0.571,0.573,0.561,0.569,837449.4
2023-03-20 23:00:00,0.569,0.573,0.561,0.565,401751.3
2023-03-20 23:30:00,0.566,0.566,0.559,0.565,1093205.0
2023-03-21 00:00:00,0.565,0.57,0.561,0.568,261969.2
2023-03-21 00:30:00,0.568,0.579,0.567,0.573,293235.9
2023-03-21 01:00:00,0.573,0.575,0.565,0.567,250611.6
2023-03-21 01:30:00,0.567,0.578,0.564,0.576,230150.5
2023-03-21 02:00:00,0.576,0.577,0.572,0.575,106469.3
2023-03-21 02:30:00,0.575,0.576,0.571,0.574,99418.0
2023-03-21 03:00:00,0.574,0.576,0.572,0.573,158552.3
2023-03-21 03:30:00,0.572,0.576,0.572,0.575,101059.2
2023-03-21 04:00:00,0.576,0.583,0.576,0.577,144773.6
2023-03-21 04:30:00,0.577,0.579,0.572,0.573,301069.2
2023-03-21 05:00:00,0.573,0.576,0.569,0.576,110008.1
2023-03-21 05:30:00,0.575,0.576,0.569,0.57,219973.0
2023-03-21 06:00:00,0.569,0.577,0.567,0.577,175637.3
2023-03-21 06:30:00,0.576,0.578,0.571,0.571,127298.9
2023-03-21 07:00:00,0.571,0.571,0.56,0.565,319009.6
2023-03-21 07:30:00,0.565,0.567,0.562,0.563,114329.5
2023-03-21 08:00:00,0.563,0.568,0.558,0.564,255197.6
2023-03-21 08:30:00,0.564,0.568,0.561,0.565,283833.6
2023-03-21 09:00:00,0.565,0.569,0.563,0.568,166108.5
2023-03-21 09:30:00,0.568,0.577,0.565,0.573,320103.5
2023-03-21 10:00:00,0.573,0.582,0.572,0.577,179287.0
2023-03-21 10:30:00,0.578,0.578,0.573,0.575,155682.8
2023-03-21 11:00:00,0.576,0.577,0.572,0.575,195613.8
2023-03-21 11:30:00,0.575,0.578,0.573,0.576,122582.3
2023-03-21 12:00:00,0.576,0.578,0.574,0.576,152134.1
2023-03-21 12:30:00,0.576,0.595,0.576,0.593,1189598.2
2023-03-21 13:00:00,0.593,0.594,0.588,0.59,553109.6
2023-03-21 13:30:00,0.591,0.601,0.591,0.597,455494.9
2023-03-21 14:00:00,0.597,0.602,0.581,0.587,459585.4
2023-03-21 14:30:00,0.587,0.592,0.586,0.591,152300.4
2023-03-21 15:00:00,0.59,0.593,0.588,0.591,182876.4
2023-03-21 15:30:00,0.59,0.602,0.59,0.601,562773.9
2023-03-21 16:00:00,0.601,0.602,0.594,0.597,273019.1
2023-03-21 16:30:00,0.597,0.6,0.593,0.595,215666.8
2023-03-21 17:00:00,0.594,0.597,0.584,0.586,367197.4
2023-03-21 17:30:00,0.586,0.59,0.582,0.588,203458.8
2023-03-21 18:00:00,0.588,0.589,0.578,0.583,197460.3
2023-03-21 18:30:00,0.583,0.587,0.58,0.584,139526.0
2023-03-21 19:00:00,0.584,0.587,0.581,0.587,94253.6
2023-03-21 19:30:00,0.587,0.595,0.586,0.589,178213.3
2023-03-21 20:00:00,0.589,0.595,0.589,0.591,127852.6
2023-03-21 20:30:00,0.592,0.595,0.588,0.592,148043.3
2023-03-21 21:00:00,0.593,0.595,0.589,0.594,141307.8
2023-03-21 21:30:00,0.594,0.595,0.59,0.593,135225.5
2023-03-21 22:00:00,0.593,0.595,0.584,0.585,243146.9
2023-03-21 22:30:00,0.586,0.592,0.584,0.591,126747.1
2023-03-21 23:00:00,0.591,0.6,0.589,0.599,247139.1
2023-03-21 23:30:00,0.599,0.601,0.597,0.597,246190.7
2023-03-22 00:00:00,0.596,0.601,0.594,0.595,135043.4
2023-03-22 00:30:00,0.595,0.595,0.581,0.584,773026.0
2023-03-22 01:00:00,0.583,0.588,0.58,0.588,134672.3
2023-03-22 01:30:00,0.588,0.591,0.586,0.589,71159.8
2023-03-22 02:00:00,0.59,0.596,0.589,0.592,114987.2
2023-03-22 02:30:00,0.592,0.596,0.59,0.593,58756.1
2023-03-22 03:00:00,0.594,0.599,0.591,0.595,199115.8
2023-03-22 03:30:00,0.594,0.594,0.59,0.591,44803.4
2023-03-22 04:00:00,0.591,0.597,0.591,0.593,52496.3
2023-03-22 04:30:00,0.593,0.594,0.59,0.594,81818.0
2023-03-22 05:00:00,0.595,0.597,0.593,0.595,95937.0
2023-03-22 05:30:00,0.595,0.596,0.59,0.594,165378.7
2023-03-22 06:00:00,0.594,0.601,0.594,0.596,183243.0
2023-03-22 06:30:00,0.596,0.598,0.595,0.598,54596.7
2023-03-22 07:00:00,0.597,0.598,0.59,0.592,203377.8
2023-03-22 07:30:00,0.591,0.592,0.587,0.59,202972.1
2023-03-22 08:00:00,0.59,0.591,0.588,0.59,160171.0
2023-03-22 08:30:00,0.59,0.591,0.583,0.585,153946.5
2023-03-22 09:00:00,0.585,0.586,0.582,0.586,185357.8
2023-03-22 09:30:00,0.586,0.588,0.581,0.583,164773.9
2023-03-22 10:00:00,0.582,0.588,0.582,0.585,125724.6
2023-03-22 10:30:00,0.585,0.587,0.581,0.583,179754.0
2023-03-22 11:00:00,0.584,0.587,0.58,0.58,180131.8
2023-03-22 11:30:00,0.58,0.581,0.577,0.577,209512.6
2023-03-22 12:00:00,0.578,0.583,0.573,0.582,450884.3
2023-03-22 12:30:00,0.582,0.583,0.578,0.579,183732.2
2023-03-22 13:00:00,0.579,0.581,0.575,0.581,208191.1
2023-03-22 13:30:00,0.58,0.583,0.578,0.58,163230.6
2023-03-22 14:00:00,0.579,0.58,0.577,0.578,163163.0
2023-03-22 14:30:00,0.579,0.584,0.576,0.58,406305.3
2023-03-22 15:00:00,0.581,0.585,0.58,0.58,229419.1
2023-03-22 15:30:00,0.581,0.582,0.57,0.575,362899.0
2023-03-22 16:00:00,0.575,0.575,0.569,0.574,227451.4
2023-03-22 16:30:00,0.574,0.576,0.573,0.574,109289.5
2023-03-22 17:00:00,0.574,0.574,0.563,0.566,285114.0
2023-03-22 17:30:00,0.567,0.568,0.561,0.568,523152.6
2023-03-22 18:00:00,0.568,0.578,0.562,0.573,577163.9
2023-03-22 18:30:00,0.574,0.578,0.559,0.568,541407.5
2023-03-22 19:00:00,0.568,0.569,0.55,0.558,752885.7
2023-03-22 19:30:00,0.558,0.558,0.524,0.532,1943591.0
2023-03-22 20:00:00,0.532,0.539,0.528,0.538,640257.6
2023-03-22 20:30:00,0.538,0.543,0.536,0.542,298082.9
2023-03-22 21:00:00,0.542,0.546,0.539,0.546,390909.3
2023-03-22 21:30:00,0.545,0.548,0.54,0.541,165789.6
2023-03-22 22:00:00,0.54,0.545,0.538,0.544,263402.3
2023-03-22 22:30:00,0.544,0.545,0.538,0.543,104602.7
2023-03-22 23:00:00,0.543,0.55,0.542,0.549,163740.2
2023-03-22 23:30:00,0.549,0.55,0.545,0.547,330679.5
2023-03-23 00:00:00,0.547,0.552,0.547,0.55,160872.8
2023-03-23 00:30:00,0.551,0.553,0.547,0.547,94730.1
2023-03-23 01:00:00,0.547,0.55,0.543,0.545,102280.9
2023-03-23 01:30:00,0.545,0.546,0.541,0.542,148129.7
2023-03-23 02:00:00,0.541,0.545,0.541,0.544,81071.3
2023-03-23 02:30:00,0.544,0.549,0.544,0.549,122398.1
2023-03-23 03:00:00,0.549,0.551,0.546,0.549,114439.8
2023-03-23 03:30:00,0.548,0.55,0.546,0.546,63707.2
2023-03-23 04:00:00,0.547,0.551,0.546,0.549,157638.0
2023-03-23 04:30:00,0.549,0.551,0.545,0.548,153886.7
2023-03-23 05:00:00,0.548,0.55,0.547,0.549,114563.9
2023-03-23 05:30:00,0.55,0.56,0.549,0.557,387641.4
2023-03-23 06:00:00,0.557,0.561,0.556,0.561,171057.5
2023-03-23 06:30:00,0.562,0.565,0.557,0.558,198144.7
2023-03-23 07:00:00,0.559,0.561,0.556,0.557,110695.0
2023-03-23 07:30:00,0.557,0.562,0.557,0.558,269459.0
2023-03-23 08:00:00,0.559,0.565,0.557,0.559,298614.9
2023-03-23 08:30:00,0.559,0.559,0.557,0.559,66201.1
2023-03-23 09:00:00,0.559,0.56,0.555,0.559,87407.3
2023-03-23 09:30:00,0.56,0.563,0.557,0.561,155632.1
2023-03-23 10:00:00,0.562,0.564,0.559,0.561,337780.6
2023-03-23 10:30:00,0.56,0.563,0.559,0.561,132085.7
2023-03-23 11:00:00,0.561,0.561,0.553,0.556,185551.7
2023-03-23 11:30:00,0.556,0.559,0.554,0.559,132151.8
2023-03-23 12:00:00,0.559,0.56,0.552,0.552,196272.8
2023-03-23 12:30:00,0.553,0.558,0.551,0.554,304070.8
2023-03-23 13:00:00,0.555,0.556,0.546,0.548,515538.1
2023-03-23 13:30:00,0.548,0.551,0.547,0.551,371625.1
2023-03-23 14:00:00,0.552,0.554,0.55,0.552,153211.3
2023-03-23 14:30:00,0.551,0.563,0.549,0.561,286472.7
2023-03-23 15:00:00,0.563,0.577,0.563,0.57,949299.9
2023-03-23 15:30:00,0.57,0.583,0.57,0.572,576109.8
2023-03-23 16:00:00,0.573,0.576,0.568,0.57,277183.7
2023-03-23 16:30:00,0.57,0.573,0.565,0.569,371400.2
2023-03-23 17:00:00,0.569,0.573,0.563,0.565,390432.0
2023-03-23 17:30:00,0.566,0.569,0.565,0.567,154887.6
2023-03-23 18:00:00,0.568,0.569,0.565,0.566,141692.4
2023-03-23 18:30:00,0.566,0.566,0.553,0.559,484705.4
2023-03-23 19:00:00,0.559,0.563,0.557,0.56,303949.6
2023-03-23 19:30:00,0.562,0.566,0.56,0.564,338173.5
2023-03-23 20:00:00,0.564,0.564,0.56,0.563,233939.8
2023-03-23 20:30:00,0.562,0.565,0.562,0.565,133774.3
2023-03-23 21:00:00,0.565,0.565,0.561,0.563,160385.5
2023-03-23 21:30:00,0.564,0.567,0.563,0.566,67196.1
2023-03-23 22:00:00,0.566,0.568,0.563,0.565,154899.2
2023-03-23 22:30:00,0.564,0.568,0.564,0.565,73461.2
2023-03-23 23:00:00,0.566,0.574,0.566,0.572,100372.8
2023-03-23 23:30:00,0.571,0.574,0.57,0.571,207425.0
2023-03-24 00:00:00,0.571,0.575,0.57,0.57,187479.9
2023-03-24 00:30:00,0.57,0.577,0.569,0.576,187059.6
2023-03-24 01:00:00,0.575,0.587,0.575,0.587,377197.5
2023-03-24 01:30:00,0.586,0.586,0.577,0.577,221147.1
2023-03-24 02:00:00,0.578,0.581,0.577,0.578,108981.2
2023-03-24 02:30:00,0.578,0.58,0.574,0.58,166269.8
2023-03-24 03:00:00,0.58,0.596,0.58,0.594,1039514.8
2023-03-24 03:30:00,0.594,0.594,0.586,0.589,214212.8
2023-03-24 04:00:00,0.589,0.608,0.589,0.598,775391.2
2023-03-24 04:30:00,0.598,0.598,0.591,0.593,117897.2
2023-03-24 05:00:00,0.593,0.604,0.593,0.602,270729.8
2023-03-24 05:30:00,0.602,0.603,0.593,0.593,278204.6
2023-03-24 06:00:00,0.594,0.6,0.594,0.6,155347.6
2023-03-24 06:30:00,0.6,0.601,0.596,0.599,148167.8
2023-03-24 07:00:00,0.599,0.622,0.599,0.615,920811.8
2023-03-24 07:30:00,0.615,0.63,0.606,0.622,1225957.4
2023-03-24 08:00:00,0.622,0.63,0.605,0.609,1391960.4
2023-03-24 08:30:00,0.61,0.618,0.604,0.608,933641.1
2023-03-24 09:00:00,0.608,0.642,0.608,0.633,2410527.9
2023-03-24 09:30:00,0.632,0.646,0.625,0.633,2344034.1
2023-03-24 10:00:00,0.634,0.634,0.612,0.621,1588110.3
2023-03-24 10:30:00,0.621,0.626,0.607,0.614,712063.0
2023-03-24 11:00:00,0.614,0.63,0.613,0.627,926009.0
2023-03-24 11:30:00,0.627,0.627,0.627,0.627,0.0
2023-03-24 12:00:00,0.627,0.627,0.627,0.627,0.0
2023-03-24 12:30:00,0.627,0.627,0.627,0.627,0.0
2023-03-24 14:00:00,0.627,0.627,0.61,0.615,1022436.4
2023-03-24 14:30:00,0.615,0.617,0.603,0.607,778129.7
2023-03-24 15:00:00,0.607,0.612,0.594,0.601,1501365.4
2023-03-24 15:30:00,0.601,0.601,0.593,0.598,548871.2
2023-03-24 16:00:00,0.597,0.599,0.591,0.592,455568.6
2023-03-24 16:30:00,0.593,0.6,0.588,0.596,422166.4
2023-03-24 17:00:00,0.596,0.605,0.592,0.595,618468.6
2023-03-24 17:30:00,0.595,0.596,0.582,0.588,611518.2
2023-03-24 18:00:00,0.589,0.602,0.589,0.598,544604.1
2023-03-24 18:30:00,0.599,0.606,0.594,0.603,319067.5
2023-03-24 19:00:00,0.603,0.615,0.599,0.606,713957.4
2023-03-24 19:30:00,0.605,0.609,0.602,0.608,272507.7
2023-03-24 20:00:00,0.609,0.614,0.604,0.605,471154.0
2023-03-24 20:30:00,0.606,0.61,0.603,0.606,328880.6
2023-03-24 21:00:00,0.606,0.609,0.597,0.601,421262.2
2023-03-24 21:30:00,0.601,0.607,0.598,0.606,261348.7
2023-03-24 22:00:00,0.606,0.607,0.599,0.6,181896.7
2023-03-24 22:30:00,0.6,0.604,0.599,0.603,115771.9
2023-03-24 23:00:00,0.602,0.615,0.602,0.611,302398.1
2023-03-24 23:30:00,0.611,0.614,0.608,0.61,161233.4
2023-03-25 00:00:00,0.61,0.622,0.603,0.605,608527.7
2023-03-25 00:30:00,0.605,0.608,0.6,0.601,456694.7
2023-03-25 01:00:00,0.601,0.603,0.598,0.601,208696.5
2023-03-25 01:30:00,0.601,0.601,0.591,0.597,464109.0
2023-03-25 02:00:00,0.598,0.599,0.594,0.597,122137.3
2023-03-25 02:30:00,0.596,0.599,0.593,0.597,114899.0
2023-03-25 03:00:00,0.597,0.6,0.595,0.598,147604.3
2023-03-25 03:30:00,0.597,0.604,0.594,0.602,280383.3
2023-03-25 04:00:00,0.603,0.605,0.599,0.603,143116.7
2023-03-25 04:30:00,0.603,0.604,0.597,0.597,125409.7
2023-03-25 05:00:00,0.597,0.598,0.594,0.594,153797.6
2023-03-25 05:30:00,0.594,0.596,0.591,0.593,195978.5
2023-03-25 06:00:00,0.593,0.599,0.591,0.597,260193.5
2023-03-25 06:30:00,0.596,0.596,0.592,0.592,186275.0
2023-03-25 07:00:00,0.593,0.596,0.591,0.593,201950.1
2023-03-25 07:30:00,0.593,0.593,0.591,0.593,69932.4
2023-03-25 08:00:00,0.592,0.592,0.58,0.586,626571.5
2023-03-25 08:30:00,0.586,0.586,0.581,0.585,394222.7
2023-03-25 09:00:00,0.585,0.585,0.573,0.576,721698.3
2023-03-25 09:30:00,0.576,0.581,0.572,0.58,240308.4
2023-03-25 10:00:00,0.58,0.584,0.576,0.577,149742.7
2023-03-25 10:30:00,0.577,0.583,0.576,0.579,164543.6
2023-03-25 11:00:00,0.579,0.583,0.578,0.58,127903.3
2023-03-25 11:30:00,0.579,0.588,0.579,0.583,208898.1
2023-03-25 12:00:00,0.583,0.586,0.58,0.58,204852.2
2023-03-25 12:30:00,0.58,0.582,0.576,0.578,222766.8
2023-03-25 13:00:00,0.578,0.582,0.574,0.578,309057.8
2023-03-25 13:30:00,0.579,0.586,0.578,0.585,346327.2
2023-03-25 14:00:00,0.584,0.586,0.582,0.586,188446.3
2023-03-25 14:30:00,0.586,0.587,0.58,0.581,121436.8
2023-03-25 15:00:00,0.581,0.583,0.579,0.583,129193.2
2023-03-25 15:30:00,0.583,0.59,0.583,0.588,300838.9
2023-03-25 16:00:00,0.588,0.592,0.585,0.591,248491.2
2023-03-25 16:30:00,0.592,0.592,0.584,0.584,229716.7
2023-03-25 17:00:00,0.585,0.586,0.578,0.582,282504.9
2023-03-25 17:30:00,0.582,0.582,0.576,0.577,168565.1
2023-03-25 18:00:00,0.577,0.58,0.576,0.578,151287.1
2023-03-25 18:30:00,0.578,0.58,0.575,0.575,93087.2
2023-03-25 19:00:00,0.575,0.576,0.568,0.57,298169.6
2023-03-25 19:30:00,0.569,0.573,0.562,0.566,506834.8
2023-03-25 20:00:00,0.566,0.572,0.565,0.572,118921.6
2023-03-25 20:30:00,0.572,0.575,0.571,0.574,80883.2
2023-03-25 21:00:00,0.573,0.576,0.573,0.574,90525.7
2023-03-25 21:30:00,0.573,0.575,0.571,0.573,60044.1
2023-03-25 22:00:00,0.573,0.578,0.569,0.573,235961.2
2023-03-25 22:30:00,0.573,0.573,0.57,0.571,90132.6
2023-03-25 23:00:00,0.571,0.575,0.57,0.575,67044.1
2023-03-25 23:30:00,0.575,0.582,0.574,0.582,135411.3
2023-03-26 00:00:00,0.581,0.582,0.572,0.574,125262.4
2023-03-26 00:30:00,0.573,0.579,0.572,0.575,490339.2
2023-03-26 01:00:00,0.575,0.576,0.571,0.574,594210.5
2023-03-26 01:30:00,0.574,0.576,0.572,0.573,361437.2
2023-03-26 02:00:00,0.573,0.576,0.572,0.576,44138.2
2023-03-26 02:30:00,0.576,0.577,0.575,0.577,27992.4
2023-03-26 03:00:00,0.577,0.58,0.576,0.577,90342.0
2023-03-26 03:30:00,0.578,0.578,0.575,0.576,51826.7
2023-03-26 04:00:00,0.576,0.577,0.575,0.575,34058.1
2023-03-26 04:30:00,0.575,0.578,0.574,0.578,31296.9
2023-03-26 05:00:00,0.578,0.579,0.577,0.578,38727.8
2023-03-26 05:30:00,0.577,0.582,0.576,0.581,90130.6
2023-03-26 06:00:00,0.581,0.583,0.579,0.58,60284.4
2023-03-26 06:30:00,0.579,0.582,0.578,0.58,191842.6
2023-03-26 07:00:00,0.58,0.583,0.579,0.583,130821.5
2023-03-26 07:30:00,0.583,0.588,0.58,0.588,273789.1
2023-03-26 08:00:00,0.587,0.589,0.582,0.584,286461.4
2023-03-26 08:30:00,0.584,0.589,0.582,0.584,230254.4
2023-03-26 09:00:00,0.583,0.586,0.583,0.584,99930.0
2023-03-26 09:30:00,0.584,0.584,0.58,0.583,81300.7
2023-03-26 10:00:00,0.582,0.583,0.58,0.58,84770.8
2023-03-26 10:30:00,0.58,0.582,0.579,0.581,56220.2
2023-03-26 11:00:00,0.581,0.581,0.577,0.577,118437.1
2023-03-26 11:30:00,0.577,0.581,0.576,0.579,96128.6
2023-03-26 12:00:00,0.58,0.584,0.58,0.582,169076.6
2023-03-26 12:30:00,0.583,0.585,0.582,0.584,180219.1
2023-03-26 13:00:00,0.583,0.584,0.58,0.582,120845.0
2023-03-26 13:30:00,0.582,0.587,0.56,0.582,1103705.4
2023-03-26 14:00:00,0.582,0.583,0.575,0.575,285213.1
2023-03-26 14:30:00,0.575,0.576,0.564,0.568,955725.6
2023-03-26 15:00:00,0.568,0.571,0.566,0.571,205266.5
2023-03-26 15:30:00,0.571,0.573,0.568,0.573,141482.1
2023-03-26 16:00:00,0.572,0.573,0.57,0.571,113994.5
2023-03-26 16:30:00,0.572,0.575,0.566,0.568,185144.3
2023-03-26 17:00:00,0.568,0.573,0.565,0.572,210703.6
2023-03-26 17:30:00,0.572,0.575,0.572,0.574,125596.7
2023-03-26 18:00:00,0.575,0.576,0.571,0.574,123759.7
2023-03-26 18:30:00,0.574,0.575,0.572,0.573,67741.7
2023-03-26 19:00:00,0.573,0.574,0.571,0.571,61505.0
2023-03-26 19:30:00,0.572,0.576,0.571,0.574,46433.1
2023-03-26 20:00:00,0.574,0.576,0.573,0.574,76803.0
2023-03-26 20:30:00,0.575,0.575,0.57,0.573,90414.9
2023-03-26 21:00:00,0.572,0.575,0.571,0.573,51662.5
2023-03-26 21:30:00,0.572,0.574,0.572,0.574,39374.8
2023-03-26 22:00:00,0.574,0.578,0.573,0.574,196240.3
2023-03-26 22:30:00,0.574,0.576,0.574,0.575,96240.4
2023-03-26 23:00:00,0.575,0.58,0.574,0.578,192562.1
2023-03-26 23:30:00,0.578,0.58,0.576,0.576,112094.8
2023-03-27 00:00:00,0.576,0.578,0.573,0.578,93639.6
2023-03-27 00:30:00,0.578,0.578,0.574,0.575,206384.8
2023-03-27 01:00:00,0.575,0.576,0.566,0.569,336924.5
2023-03-27 01:30:00,0.569,0.569,0.565,0.566,78483.5
2023-03-27 02:00:00,0.565,0.569,0.564,0.567,162850.7
2023-03-27 02:30:00,0.567,0.567,0.564,0.567,157144.7
2023-03-27 03:00:00,0.566,0.568,0.564,0.565,46142.5
2023-03-27 03:30:00,0.565,0.568,0.564,0.567,142549.4
2023-03-27 04:00:00,0.567,0.569,0.565,0.568,106439.5
2023-03-27 04:30:00,0.568,0.569,0.565,0.567,116071.0
2023-03-27 05:00:00,0.567,0.569,0.565,0.566,106767.3
2023-03-27 05:30:00,0.565,0.566,0.551,0.554,1007743.0
2023-03-27 06:00:00,0.554,0.557,0.553,0.557,283073.0
2023-03-27 06:30:00,0.558,0.559,0.555,0.558,105169.2
2023-03-27 07:00:00,0.558,0.56,0.556,0.557,151001.7
2023-03-27 07:30:00,0.557,0.558,0.554,0.558,144983.8
2023-03-27 08:00:00,0.557,0.557,0.55,0.554,338397.4
2023-03-27 08:30:00,0.554,0.559,0.554,0.558,184478.4
2023-03-27 09:00:00,0.557,0.563,0.553,0.562,331444.8
2023-03-27 09:30:00,0.563,0.564,0.559,0.561,321047.5
2023-03-27 10:00:00,0.561,0.562,0.557,0.558,200286.6
2023-03-27 10:30:00,0.558,0.561,0.556,0.556,239219.1
2023-03-27 11:00:00,0.557,0.562,0.557,0.561,275626.9
2023-03-27 11:30:00,0.561,0.562,0.558,0.56,167262.3
2023-03-27 12:00:00,0.561,0.561,0.556,0.556,247055.7
2023-03-27 12:30:00,0.557,0.558,0.551,0.553,264985.5
2023-03-27 13:00:00,0.553,0.555,0.551,0.554,211435.7
2023-03-27 13:30:00,0.554,0.557,0.552,0.553,187893.3
2023-03-27 14:00:00,0.554,0.556,0.546,0.549,311092.4
2023-03-27 14:30:00,0.549,0.551,0.546,0.547,324146.8
2023-03-27 15:00:00,0.545,0.546,0.524,0.537,1589948.3
2023-03-27 15:30:00,0.536,0.542,0.534,0.541,353779.0
2023-03-27 16:00:00,0.54,0.543,0.536,0.54,353350.2
2023-03-27 16:30:00,0.54,0.543,0.538,0.54,403497.0
2023-03-27 17:00:00,0.54,0.542,0.537,0.537,124168.4
2023-03-27 17:30:00,0.538,0.539,0.534,0.536,217215.1
2023-03-27 18:00:00,0.535,0.538,0.534,0.536,155927.7
2023-03-27 18:30:00,0.536,0.538,0.534,0.537,89766.4
2023-03-27 19:00:00,0.538,0.538,0.536,0.537,38966.5
2023-03-27 19:30:00,0.537,0.538,0.528,0.532,265528.1
2023-03-27 20:00:00,0.532,0.534,0.53,0.531,230749.3
2023-03-27 20:30:00,0.532,0.533,0.53,0.533,88927.8
2023-03-27 21:00:00,0.532,0.537,0.532,0.535,153889.2
2023-03-27 21:30:00,0.535,0.538,0.534,0.538,55880.3
2023-03-27 22:00:00,0.537,0.539,0.534,0.538,168258.6
2023-03-27 22:30:00,0.538,0.539,0.535,0.536,120907.5
2023-03-27 23:00:00,0.536,0.54,0.536,0.54,135620.1
2023-03-27 23:30:00,0.54,0.547,0.54,0.545,185967.9
2023-03-28 00:00:00,0.544,0.544,0.537,0.54,217167.0
2023-03-28 00:30:00,0.539,0.539,0.532,0.533,273180.0
2023-03-28 01:00:00,0.534,0.538,0.531,0.537,297480.8
2023-03-28 01:30:00,0.537,0.541,0.537,0.539,138581.2
2023-03-28 02:00:00,0.539,0.539,0.534,0.535,100948.1
2023-03-28 02:30:00,0.535,0.538,0.534,0.535,97871.0
2023-03-28 03:00:00,0.535,0.539,0.535,0.537,144380.6
2023-03-28 03:30:00,0.537,0.538,0.534,0.536,98942.9
2023-03-28 04:00:00,0.537,0.537,0.533,0.535,166854.8
2023-03-28 04:30:00,0.536,0.538,0.532,0.538,149591.0
2023-03-28 05:00:00,0.538,0.541,0.537,0.537,181554.6
2023-03-28 05:30:00,0.538,0.539,0.536,0.539,108150.7
2023-03-28 06:00:00,0.539,0.547,0.539,0.544,275189.8
2023-03-28 06:30:00,0.544,0.546,0.541,0.543,174818.8
2023-03-28 07:00:00,0.543,0.545,0.54,0.543,106155.9
2023-03-28 07:30:00,0.543,0.552,0.543,0.546,472847.3
2023-03-28 08:00:00,0.546,0.547,0.541,0.543,137082.9
2023-03-28 08:30:00,0.543,0.549,0.543,0.548,96572.0
2023-03-28 09:00:00,0.548,0.549,0.539,0.539,618072.8
2023-03-28 09:30:00,0.539,0.54,0.533,0.535,345523.9
2023-03-28 10:00:00,0.535,0.539,0.534,0.537,191310.6
2023-03-28 10:30:00,0.537,0.537,0.534,0.536,64469.7
2023-03-28 11:00:00,0.536,0.543,0.536,0.541,257420.3
2023-03-28 11:30:00,0.541,0.547,0.54,0.543,153110.8
2023-03-28 12:00:00,0.544,0.546,0.536,0.538,222166.3
2023-03-28 12:30:00,0.538,0.544,0.538,0.541,177701.6
2023-03-28 13:00:00,0.541,0.542,0.536,0.537,184527.5
2023-03-28 13:30:00,0.538,0.543,0.537,0.539,196313.7
2023-03-28 14:00:00,0.539,0.544,0.538,0.543,191178.9
2023-03-28 14:30:00,0.543,0.543,0.538,0.54,118819.6
2023-03-28 15:00:00,0.54,0.543,0.539,0.542,150196.0
2023-03-28 15:30:00,0.542,0.545,0.54,0.543,266906.7
2023-03-28 16:00:00,0.544,0.544,0.539,0.54,135682.0
2023-03-28 16:30:00,0.54,0.542,0.54,0.541,122683.1
2023-03-28 17:00:00,0.542,0.544,0.537,0.541,184897.1
2023-03-28 17:30:00,0.541,0.543,0.539,0.543,118862.7
2023-03-28 18:00:00,0.543,0.545,0.541,0.542,198739.6
2023-03-28 18:30:00,0.542,0.55,0.54,0.549,151838.6
2023-03-28 19:00:00,0.549,0.551,0.547,0.55,299320.2
2023-03-28 19:30:00,0.55,0.555,0.548,0.552,184725.0
2023-03-28 20:00:00,0.552,0.556,0.552,0.553,147289.4
2023-03-28 20:30:00,0.554,0.555,0.551,0.552,73741.9
2023-03-28 21:00:00,0.552,0.554,0.55,0.55,81197.4
2023-03-28 21:30:00,0.55,0.551,0.548,0.548,75534.9
2023-03-28 22:00:00,0.549,0.554,0.548,0.554,68700.7
2023-03-28 22:30:00,0.554,0.555,0.551,0.553,85359.9
2023-03-28 23:00:00,0.552,0.558,0.552,0.558,206217.7
2023-03-28 23:30:00,0.557,0.557,0.553,0.555,91185.1
2023-03-29 00:00:00,0.556,0.558,0.554,0.557,147517.6
2023-03-29 00:30:00,0.557,0.558,0.551,0.554,256619.1
2023-03-29 01:00:00,0.554,0.561,0.554,0.558,323994.3
2023-03-29 01:30:00,0.558,0.56,0.554,0.556,116918.7
2023-03-29 02:00:00,0.556,0.558,0.556,0.557,126960.2
2023-03-29 02:30:00,0.557,0.561,0.557,0.56,132820.5
2023-03-29 03:00:00,0.56,0.568,0.56,0.563,425688.4
2023-03-29 03:30:00,0.564,0.574,0.563,0.573,397208.8
2023-03-29 04:00:00,0.573,0.574,0.567,0.57,181737.9
2023-03-29 04:30:00,0.57,0.576,0.57,0.573,172556.0
2023-03-29 05:00:00,0.575,0.583,0.575,0.579,418458.6
2023-03-29 05:30:00,0.579,0.58,0.572,0.575,301941.0
2023-03-29 06:00:00,0.576,0.588,0.576,0.588,470332.6
2023-03-29 06:30:00,0.587,0.589,0.581,0.586,873923.5
2023-03-29 07:00:00,0.585,0.587,0.581,0.584,410001.4
2023-03-29 07:30:00,0.583,0.584,0.576,0.576,277606.1
2023-03-29 08:00:00,0.576,0.584,0.574,0.582,500502.9
2023-03-29 08:30:00,0.582,0.584,0.578,0.581,248608.5
2023-03-29 09:00:00,0.581,0.584,0.579,0.579,196617.3
2023-03-29 09:30:00,0.579,0.581,0.576,0.577,167242.6
2023-03-29 10:00:00,0.577,0.579,0.575,0.577,105309.6
2023-03-29 10:30:00,0.577,0.579,0.574,0.576,129720.0
2023-03-29 11:00:00,0.576,0.578,0.573,0.577,157205.8
2023-03-29 11:30:00,0.578,0.579,0.575,0.577,102857.0
2023-03-29 12:00:00,0.578,0.581,0.57,0.574,534479.0
2023-03-29 12:30:00,0.575,0.575,0.571,0.575,193369.5
2023-03-29 13:00:00,0.574,0.575,0.573,0.574,159399.5
2023-03-29 13:30:00,0.574,0.578,0.573,0.576,206409.0
2023-03-29 14:00:00,0.576,0.579,0.572,0.573,253960.7
2023-03-29 14:30:00,0.573,0.574,0.566,0.568,389720.0
2023-03-29 15:00:00,0.567,0.572,0.567,0.57,245285.3
2023-03-29 15:30:00,0.57,0.572,0.57,0.572,178260.2
2023-03-29 16:00:00,0.572,0.572,0.568,0.571,273873.9
2023-03-29 16:30:00,0.57,0.573,0.568,0.569,109518.3
2023-03-29 17:00:00,0.569,0.576,0.569,0.575,132707.3
2023-03-29 17:30:00,0.574,0.575,0.571,0.574,111702.8
2023-03-29 18:00:00,0.574,0.575,0.571,0.572,84183.6
2023-03-29 18:30:00,0.571,0.576,0.571,0.576,83723.3
2023-03-29 19:00:00,0.575,0.576,0.574,0.574,56176.9
2023-03-29 19:30:00,0.575,0.577,0.574,0.577,56863.3
2023-03-29 20:00:00,0.577,0.579,0.577,0.579,69158.6
2023-03-29 20:30:00,0.579,0.579,0.574,0.575,112391.5
2023-03-29 21:00:00,0.575,0.581,0.574,0.581,140967.2
2023-03-29 21:30:00,0.581,0.581,0.575,0.575,66492.7
2023-03-29 22:00:00,0.575,0.576,0.57,0.576,147149.1
2023-03-29 22:30:00,0.575,0.579,0.573,0.576,294318.2
2023-03-29 23:00:00,0.577,0.584,0.577,0.582,395775.4
2023-03-29 23:30:00,0.582,0.582,0.579,0.58,93820.6
2023-03-30 00:00:00,0.58,0.581,0.578,0.578,141473.8
2023-03-30 00:30:00,0.578,0.579,0.568,0.57,490845.7
2023-03-30 01:00:00,0.57,0.573,0.566,0.572,248555.0
2023-03-30 01:30:00,0.572,0.574,0.571,0.573,134460.0
2023-03-30 02:00:00,0.574,0.584,0.574,0.583,378699.5
2023-03-30 02:30:00,0.584,0.588,0.582,0.582,398543.9
2023-03-30 03:00:00,0.583,0.587,0.57,0.573,434070.0
2023-03-30 03:30:00,0.572,0.576,0.572,0.574,204373.7
2023-03-30 04:00:00,0.575,0.583,0.575,0.58,285090.5
2023-03-30 04:30:00,0.58,0.581,0.577,0.579,156177.2
2023-03-30 05:00:00,0.579,0.58,0.577,0.578,285518.7
2023-03-30 05:30:00,0.578,0.584,0.577,0.581,184784.9
2023-03-30 06:00:00,0.581,0.586,0.578,0.579,561277.5
2023-03-30 06:30:00,0.579,0.581,0.575,0.576,223872.2
2023-03-30 07:00:00,0.576,0.582,0.575,0.581,159622.9
2023-03-30 07:30:00,0.581,0.582,0.578,0.579,263412.6
2023-03-30 08:00:00,0.578,0.58,0.575,0.576,232513.3
2023-03-30 08:30:00,0.576,0.576,0.572,0.574,188423.6
2023-03-30 09:00:00,0.574,0.574,0.569,0.572,289475.4
2023-03-30 09:30:00,0.573,0.575,0.571,0.573,242804.3
2023-03-30 10:00:00,0.573,0.575,0.57,0.571,187836.5
2023-03-30 10:30:00,0.57,0.57,0.567,0.569,112611.5
2023-03-30 11:00:00,0.57,0.571,0.565,0.566,124346.0
2023-03-30 11:30:00,0.567,0.572,0.567,0.571,273097.1
2023-03-30 12:00:00,0.57,0.57,0.561,0.562,297025.3
2023-03-30 12:30:00,0.562,0.568,0.562,0.566,120331.5
2023-03-30 13:00:00,0.565,0.566,0.564,0.566,119390.0
2023-03-30 13:30:00,0.565,0.565,0.561,0.561,210421.5
2023-03-30 14:00:00,0.561,0.561,0.553,0.559,454405.1
2023-03-30 14:30:00,0.559,0.561,0.556,0.557,184496.1
2023-03-30 15:00:00,0.557,0.56,0.554,0.555,188125.0
2023-03-30 15:30:00,0.555,0.556,0.552,0.555,306975.9
2023-03-30 16:00:00,0.554,0.554,0.548,0.552,404331.5
2023-03-30 16:30:00,0.552,0.555,0.551,0.553,111558.8
2023-03-30 17:00:00,0.553,0.555,0.552,0.554,75284.5
2023-03-30 17:30:00,0.554,0.554,0.549,0.55,184320.1
2023-03-30 18:00:00,0.549,0.549,0.544,0.548,271237.9
2023-03-30 18:30:00,0.548,0.551,0.548,0.551,61091.4
2023-03-30 19:00:00,0.55,0.552,0.55,0.551,285988.5
2023-03-30 19:30:00,0.551,0.552,0.549,0.551,100470.3
2023-03-30 20:00:00,0.55,0.55,0.547,0.549,82729.9
2023-03-30 20:30:00,0.549,0.552,0.548,0.552,275272.2
2023-03-30 21:00:00,0.551,0.552,0.546,0.546,315716.7
2023-03-30 21:30:00,0.547,0.548,0.545,0.548,196510.4
2023-03-30 22:00:00,0.548,0.55,0.547,0.549,101166.9
2023-03-30 22:30:00,0.549,0.55,0.546,0.546,316526.4
2023-03-30 23:00:00,0.546,0.551,0.544,0.546,522977.0
2023-03-30 23:30:00,0.546,0.549,0.546,0.548,65465.6
2023-03-31 00:00:00,0.548,0.552,0.546,0.551,402552.7
2023-03-31 00:30:00,0.551,0.552,0.549,0.55,104330.6
2023-03-31 01:00:00,0.551,0.558,0.55,0.554,246691.8
2023-03-31 01:30:00,0.554,0.554,0.55,0.551,287284.4
2023-03-31 02:00:00,0.551,0.552,0.55,0.551,82018.8
2023-03-31 02:30:00,0.552,0.552,0.549,0.55,117654.7
2023-03-31 03:00:00,0.549,0.551,0.548,0.549,92906.7
2023-03-31 03:30:00,0.55,0.551,0.548,0.55,82082.8
2023-03-31 04:00:00,0.549,0.549,0.547,0.549,142959.8
2023-03-31 04:30:00,0.549,0.552,0.548,0.551,121131.9
2023-03-31 05:00:00,0.551,0.553,0.548,0.549,284121.0
2023-03-31 05:30:00,0.55,0.551,0.545,0.548,403932.0
2023-03-31 06:00:00,0.547,0.547,0.545,0.546,265639.2
2023-03-31 06:30:00,0.546,0.547,0.544,0.545,149954.8
2023-03-31 07:00:00,0.545,0.546,0.537,0.54,446096.8
2023-03-31 07:30:00,0.54,0.543,0.537,0.542,221212.3
2023-03-31 08:00:00,0.542,0.544,0.54,0.541,143593.5
2023-03-31 08:30:00,0.541,0.545,0.54,0.543,203241.7
2023-03-31 09:00:00,0.543,0.547,0.543,0.545,129221.2
2023-03-31 09:30:00,0.544,0.544,0.542,0.543,117633.5
2023-03-31 10:00:00,0.543,0.547,0.542,0.546,161316.8
2023-03-31 10:30:00,0.546,0.547,0.545,0.545,95037.5
2023-03-31 11:00:00,0.545,0.547,0.544,0.545,68112.6
2023-03-31 11:30:00,0.546,0.547,0.545,0.546,115218.5
2023-03-31 12:00:00,0.546,0.547,0.543,0.545,111783.3
2023-03-31 12:30:00,0.545,0.55,0.545,0.549,278535.0
2023-03-31 13:00:00,0.549,0.55,0.547,0.549,268412.6
2023-03-31 13:30:00,0.549,0.552,0.549,0.551,272337.6
2023-03-31 14:00:00,0.552,0.556,0.551,0.553,277082.1
2023-03-31 14:30:00,0.553,0.556,0.553,0.553,202277.9
2023-03-31 15:00:00,0.554,0.556,0.55,0.55,283053.4
2023-03-31 15:30:00,0.549,0.553,0.548,0.551,203664.6
2023-03-31 16:00:00,0.551,0.553,0.55,0.551,123622.6
2023-03-31 16:30:00,0.551,0.554,0.55,0.553,117013.3
2023-03-31 17:00:00,0.553,0.556,0.552,0.554,182047.6
2023-03-31 17:30:00,0.554,0.554,0.549,0.552,151792.5
2023-03-31 18:00:00,0.552,0.553,0.551,0.553,46282.1
2023-03-31 18:30:00,0.553,0.555,0.553,0.553,85126.1
2023-03-31 19:00:00,0.554,0.554,0.552,0.554,61705.6
2023-03-31 19:30:00,0.554,0.556,0.553,0.555,118240.2
2023-03-31 20:00:00,0.554,0.556,0.551,0.551,140698.5
2023-03-31 20:30:00,0.552,0.555,0.551,0.552,86559.1
2023-03-31 21:00:00,0.552,0.554,0.551,0.553,96084.5
2023-03-31 21:30:00,0.553,0.556,0.552,0.554,65674.4
2023-03-31 22:00:00,0.554,0.558,0.554,0.557,80609.6
2023-03-31 22:30:00,0.557,0.562,0.557,0.561,233455.7
2023-03-31 23:00:00,0.56,0.561,0.558,0.558,229015.1
2023-03-31 23:30:00,0.559,0.56,0.556,0.558,96336.9
2023-04-01 00:00:00,0.558,0.562,0.558,0.559,87294.6
2023-04-01 00:30:00,0.56,0.561,0.558,0.56,125745.3
2023-04-01 01:00:00,0.56,0.56,0.557,0.558,92666.9
2023-04-01 01:30:00,0.558,0.559,0.556,0.558,322089.4
2023-04-01 02:00:00,0.558,0.561,0.558,0.559,197404.5
2023-04-01 02:30:00,0.56,0.56,0.557,0.559,62625.4
2023-04-01 03:00:00,0.559,0.561,0.559,0.56,84350.3
2023-04-01 03:30:00,0.56,0.562,0.559,0.561,112115.8
2023-04-01 04:00:00,0.561,0.562,0.559,0.56,126938.3
2023-04-01 04:30:00,0.56,0.562,0.56,0.561,41511.6
2023-04-01 05:00:00,0.561,0.562,0.556,0.556,131702.6
2023-04-01 05:30:00,0.556,0.557,0.555,0.557,66681.7
2023-04-01 06:00:00,0.557,0.557,0.548,0.549,351991.9
2023-04-01 06:30:00,0.549,0.549,0.546,0.549,297470.3
2023-04-01 07:00:00,0.549,0.549,0.546,0.549,122186.4
2023-04-01 07:30:00,0.549,0.551,0.548,0.551,103893.6
2023-04-01 08:00:00,0.55,0.551,0.544,0.547,194967.0
2023-04-01 08:30:00,0.547,0.553,0.546,0.551,444662.2
2023-04-01 09:00:00,0.551,0.551,0.548,0.55,144696.6
2023-04-01 09:30:00,0.551,0.553,0.55,0.552,195097.4
2023-04-01 10:00:00,0.551,0.552,0.549,0.55,90746.0
2023-04-01 10:30:00,0.55,0.552,0.55,0.551,50306.9
2023-04-01 11:00:00,0.551,0.554,0.55,0.552,191497.5
2023-04-01 11:30:00,0.551,0.552,0.549,0.55,136552.9
2023-04-01 12:00:00,0.55,0.551,0.549,0.55,91958.6
2023-04-01 12:30:00,0.551,0.553,0.549,0.552,180575.1
2023-04-01 13:00:00,0.552,0.553,0.55,0.552,98073.7
2023-04-01 13:30:00,0.552,0.553,0.55,0.55,46213.2
2023-04-01 14:00:00,0.55,0.551,0.547,0.548,160049.2
2023-04-01 14:30:00,0.548,0.549,0.545,0.548,100913.6
2023-04-01 15:00:00,0.547,0.55,0.547,0.549,107256.7
2023-04-01 15:30:00,0.549,0.55,0.548,0.55,139203.4
2023-04-01 16:00:00,0.55,0.552,0.549,0.549,206667.5
2023-04-01 16:30:00,0.549,0.55,0.546,0.547,103907.1
2023-04-01 17:00:00,0.547,0.553,0.546,0.55,325952.2
2023-04-01 17:30:00,0.549,0.55,0.548,0.55,42329.6
2023-04-01 18:00:00,0.549,0.55,0.548,0.549,68753.2
2023-04-01 18:30:00,0.549,0.556,0.548,0.553,364253.4
2023-04-01 19:00:00,0.552,0.554,0.551,0.552,103265.3
2023-04-01 19:30:00,0.553,0.554,0.551,0.554,134002.8
2023-04-01 20:00:00,0.554,0.559,0.553,0.555,192397.8
2023-04-01 20:30:00,0.556,0.558,0.555,0.556,166607.3
2023-04-01 21:00:00,0.557,0.56,0.556,0.557,143850.8
2023-04-01 21:30:00,0.557,0.558,0.554,0.555,120279.8
2023-04-01 22:00:00,0.556,0.558,0.556,0.557,52430.3
2023-04-01 22:30:00,0.558,0.559,0.556,0.556,175317.5
2023-04-01 23:00:00,0.557,0.56,0.557,0.557,189968.8
2023-04-01 23:30:00,0.557,0.558,0.553,0.554,69660.3
2023-04-02 00:00:00,0.555,0.559,0.555,0.556,102218.1
2023-04-02 00:30:00,0.557,0.557,0.551,0.551,113286.8
2023-04-02 01:00:00,0.551,0.564,0.551,0.563,430988.5
2023-04-02 01:30:00,0.563,0.574,0.563,0.569,1121878.7
2023-04-02 02:00:00,0.569,0.58,0.564,0.576,942912.5
2023-04-02 02:30:00,0.576,0.585,0.573,0.585,1140638.5
2023-04-02 03:00:00,0.586,0.587,0.576,0.579,594651.7
2023-04-02 03:30:00,0.579,0.585,0.578,0.578,361982.9
2023-04-02 04:00:00,0.578,0.584,0.577,0.579,351128.9
2023-04-02 04:30:00,0.58,0.583,0.575,0.576,312847.4
2023-04-02 05:00:00,0.577,0.58,0.572,0.573,250179.7
2023-04-02 05:30:00,0.573,0.58,0.571,0.58,425340.3
2023-04-02 06:00:00,0.58,0.595,0.58,0.592,1267201.8
2023-04-02 06:30:00,0.592,0.597,0.588,0.59,840044.2
2023-04-02 07:00:00,0.591,0.595,0.588,0.59,363285.8
2023-04-02 07:30:00,0.589,0.59,0.585,0.587,488047.7
2023-04-02 08:00:00,0.588,0.592,0.582,0.591,718488.6
2023-04-02 08:30:00,0.591,0.62,0.591,0.616,3375492.0
2023-04-02 09:00:00,0.615,0.628,0.61,0.615,2396377.0
2023-04-02 09:30:00,0.615,0.616,0.608,0.612,950775.6
2023-04-02 10:00:00,0.611,0.616,0.606,0.61,604449.6
2023-04-02 10:30:00,0.609,0.621,0.608,0.612,846582.5
2023-04-02 11:00:00,0.611,0.619,0.608,0.619,641910.4
2023-04-02 11:30:00,0.618,0.626,0.613,0.62,1784621.6
2023-04-02 12:00:00,0.621,0.633,0.609,0.614,2041337.8
2023-04-02 12:30:00,0.614,0.623,0.612,0.614,841218.0
2023-04-02 13:00:00,0.614,0.619,0.61,0.616,930003.8
2023-04-02 13:30:00,0.616,0.623,0.616,0.617,669731.4
2023-04-02 14:00:00,0.616,0.619,0.612,0.618,760993.3
2023-04-02 14:30:00,0.618,0.651,0.617,0.624,4032227.4
2023-04-02 15:00:00,0.623,0.63,0.618,0.622,1741031.1
2023-04-02 15:30:00,0.621,0.622,0.593,0.597,3046148.7
2023-04-02 16:00:00,0.597,0.606,0.594,0.6,926442.8
2023-04-02 16:30:00,0.6,0.604,0.597,0.603,578115.7
2023-04-02 17:00:00,0.603,0.609,0.602,0.605,433984.4
2023-04-02 17:30:00,0.605,0.614,0.605,0.608,595221.3
2023-04-02 18:00:00,0.608,0.612,0.607,0.609,424544.1
2023-04-02 18:30:00,0.608,0.615,0.607,0.608,302913.9
2023-04-02 19:00:00,0.608,0.609,0.601,0.606,324573.6
2023-04-02 19:30:00,0.606,0.608,0.596,0.603,442995.3
2023-04-02 20:00:00,0.602,0.613,0.601,0.611,496635.0
2023-04-02 20:30:00,0.611,0.62,0.607,0.614,553695.3
2023-04-02 21:00:00,0.614,0.618,0.612,0.614,280855.9
2023-04-02 21:30:00,0.615,0.619,0.612,0.616,259245.8
2023-04-02 22:00:00,0.617,0.625,0.605,0.612,1093730.9
2023-04-02 22:30:00,0.612,0.622,0.612,0.619,406918.5
2023-04-02 23:00:00,0.62,0.638,0.617,0.621,1793346.4
2023-04-02 23:30:00,0.621,0.625,0.615,0.618,638855.5
2023-04-03 00:00:00,0.618,0.642,0.611,0.635,1819624.7
2023-04-03 00:30:00,0.635,0.641,0.62,0.625,1980730.4
2023-04-03 01:00:00,0.624,0.624,0.605,0.609,967764.4
2023-04-03 01:30:00,0.609,0.614,0.596,0.601,1070374.2
2023-04-03 02:00:00,0.601,0.612,0.598,0.609,476149.3
2023-04-03 02:30:00,0.608,0.61,0.6,0.601,312626.0
2023-04-03 03:00:00,0.601,0.602,0.582,0.585,1015227.6
2023-04-03 03:30:00,0.586,0.587,0.58,0.584,645334.4
2023-04-03 04:00:00,0.584,0.592,0.584,0.592,304946.7
2023-04-03 04:30:00,0.592,0.593,0.585,0.588,270581.3
2023-04-03 05:00:00,0.588,0.588,0.583,0.588,235435.3
2023-04-03 05:30:00,0.587,0.591,0.585,0.585,257688.3
2023-04-03 06:00:00,0.585,0.59,0.583,0.588,248595.0
2023-04-03 06:30:00,0.589,0.594,0.587,0.594,361268.5
2023-04-03 07:00:00,0.593,0.602,0.592,0.596,576054.3
2023-04-03 07:30:00,0.596,0.599,0.592,0.599,440133.6
2023-04-03 08:00:00,0.599,0.604,0.598,0.601,526193.0
2023-04-03 08:30:00,0.601,0.602,0.594,0.6,637621.5
2023-04-03 09:00:00,0.6,0.604,0.599,0.6,260077.8
2023-04-03 09:30:00,0.6,0.602,0.595,0.596,589493.0
2023-04-03 10:00:00,0.597,0.6,0.594,0.599,341401.1
2023-04-03 10:30:00,0.599,0.6,0.59,0.59,374733.9
2023-04-03 11:00:00,0.59,0.597,0.59,0.596,142040.4
2023-04-03 11:30:00,0.596,0.6,0.594,0.598,251957.7
2023-04-03 12:00:00,0.598,0.598,0.588,0.59,227885.5
2023-04-03 12:30:00,0.59,0.593,0.589,0.593,215865.7
2023-04-03 13:00:00,0.593,0.594,0.587,0.59,278202.3
2023-04-03 13:30:00,0.589,0.593,0.587,0.589,234495.1
2023-04-03 14:00:00,0.59,0.59,0.583,0.586,233005.8
2023-04-03 14:30:00,0.585,0.587,0.582,0.584,338398.1
2023-04-03 15:00:00,0.583,0.587,0.581,0.581,573417.2
2023-04-03 15:30:00,0.582,0.584,0.58,0.583,145984.4
2023-04-03 16:00:00,0.584,0.584,0.573,0.574,730017.4
2023-04-03 16:30:00,0.575,0.577,0.572,0.576,284575.9
2023-04-03 17:00:00,0.576,0.577,0.572,0.572,279671.6
2023-04-03 17:30:00,0.573,0.575,0.567,0.571,391811.4
2023-04-03 18:00:00,0.571,0.573,0.568,0.573,324009.3
2023-04-03 18:30:00,0.573,0.579,0.572,0.576,332225.2
2023-04-03 19:00:00,0.576,0.579,0.574,0.575,376081.6
2023-04-03 19:30:00,0.575,0.578,0.572,0.573,146352.2
2023-04-03 20:00:00,0.573,0.576,0.558,0.568,683366.1
2023-04-03 20:30:00,0.568,0.574,0.56,0.57,629280.2
2023-04-03 21:00:00,0.57,0.572,0.56,0.57,606497.0
2023-04-03 21:30:00,0.57,0.575,0.57,0.574,161488.0
2023-04-03 22:00:00,0.574,0.577,0.572,0.576,122102.4
2023-04-03 22:30:00,0.575,0.576,0.571,0.572,152545.2
2023-04-03 23:00:00,0.573,0.576,0.573,0.574,80971.5
2023-04-03 23:30:00,0.574,0.574,0.57,0.572,212431.0
2023-04-04 00:00:00,0.572,0.577,0.571,0.575,303220.2
2023-04-04 00:30:00,0.574,0.576,0.57,0.574,293755.0
2023-04-04 01:00:00,0.574,0.576,0.571,0.574,191810.9
2023-04-04 01:30:00,0.575,0.575,0.573,0.575,64347.5
2023-04-04 02:00:00,0.576,0.577,0.574,0.577,121016.6
2023-04-04 02:30:00,0.577,0.578,0.576,0.576,123891.0
2023-04-04 03:00:00,0.575,0.578,0.575,0.578,112939.3
2023-04-04 03:30:00,0.578,0.581,0.578,0.578,249458.0
2023-04-04 04:00:00,0.578,0.578,0.572,0.573,149601.3
2023-04-04 04:30:00,0.572,0.573,0.566,0.57,262378.5
2023-04-04 05:00:00,0.57,0.575,0.569,0.575,110596.9
2023-04-04 05:30:00,0.574,0.574,0.57,0.571,327677.1
2023-04-04 06:00:00,0.571,0.573,0.571,0.572,68378.2
2023-04-04 06:30:00,0.571,0.576,0.569,0.576,233067.7
2023-04-04 07:00:00,0.576,0.576,0.572,0.575,489838.8
2023-04-04 07:30:00,0.575,0.576,0.574,0.574,51936.6
2023-04-04 08:00:00,0.574,0.576,0.573,0.575,106936.7
2023-04-04 08:30:00,0.576,0.579,0.575,0.578,117610.3
2023-04-04 09:00:00,0.578,0.579,0.574,0.577,201149.0
2023-04-04 09:30:00,0.577,0.577,0.574,0.576,153403.9
2023-04-04 10:00:00,0.576,0.577,0.572,0.575,239214.5
2023-04-04 10:30:00,0.575,0.576,0.569,0.574,207797.2
2023-04-04 11:00:00,0.574,0.579,0.572,0.573,233255.6
2023-04-04 11:30:00,0.574,0.577,0.571,0.575,294910.0
2023-04-04 12:00:00,0.575,0.577,0.572,0.577,172688.4
2023-04-04 12:30:00,0.577,0.578,0.573,0.575,330577.8
2023-04-04 13:00:00,0.575,0.58,0.574,0.578,383639.9
2023-04-04 13:30:00,0.578,0.579,0.574,0.575,362950.1
2023-04-04 14:00:00,0.576,0.58,0.575,0.579,300472.6
2023-04-04 14:30:00,0.578,0.579,0.576,0.577,176200.3
2023-04-04 15:00:00,0.578,0.58,0.575,0.577,352601.6
2023-04-04 15:30:00,0.577,0.58,0.576,0.58,179404.5
2023-04-04 16:00:00,0.58,0.59,0.578,0.59,609245.8
2023-04-04 16:30:00,0.59,0.598,0.588,0.591,668117.4
2023-04-04 17:00:00,0.592,0.596,0.585,0.587,568841.1
2023-04-04 17:30:00,0.587,0.59,0.583,0.583,376972.3
2023-04-04 18:00:00,0.584,0.585,0.577,0.578,214729.4
2023-04-04 18:30:00,0.578,0.582,0.577,0.578,231260.7
2023-04-04 19:00:00,0.578,0.581,0.578,0.58,173987.7
2023-04-04 19:30:00,0.578,0.58,0.577,0.578,79017.4
2023-04-04 20:00:00,0.579,0.58,0.578,0.58,65818.2
2023-04-04 20:30:00,0.581,0.583,0.58,0.582,142353.7
2023-04-04 21:00:00,0.582,0.583,0.578,0.579,170133.6
2023-04-04 21:30:00,0.578,0.579,0.576,0.579,92211.5
2023-04-04 22:00:00,0.579,0.581,0.578,0.579,143268.4
2023-04-04 22:30:00,0.579,0.579,0.576,0.578,164664.6
2023-04-04 23:00:00,0.578,0.579,0.575,0.576,82478.4
2023-04-04 23:30:00,0.577,0.583,0.576,0.583,130078.0
2023-04-05 00:00:00,0.582,0.583,0.575,0.58,406448.1
2023-04-05 00:30:00,0.58,0.586,0.58,0.585,315231.0
2023-04-05 01:00:00,0.585,0.59,0.584,0.586,470900.5
2023-04-05 01:30:00,0.586,0.589,0.584,0.585,238940.4
2023-04-05 02:00:00,0.585,0.588,0.585,0.588,98800.2
2023-04-05 02:30:00,0.588,0.591,0.585,0.589,221069.3
2023-04-05 03:00:00,0.589,0.59,0.587,0.588,92638.1
2023-04-05 03:30:00,0.588,0.593,0.587,0.591,133356.7
2023-04-05 04:00:00,0.591,0.595,0.59,0.591,141058.6
2023-04-05 04:30:00,0.592,0.593,0.59,0.59,91905.4
2023-04-05 05:00:00,0.59,0.596,0.589,0.594,167774.5
2023-04-05 05:30:00,0.594,0.595,0.591,0.592,128502.7
2023-04-05 06:00:00,0.592,0.596,0.589,0.59,470619.3
2023-04-05 06:30:00,0.591,0.592,0.587,0.589,238606.9
2023-04-05 07:00:00,0.589,0.589,0.586,0.586,101699.9
2023-04-05 07:30:00,0.586,0.587,0.583,0.586,170562.2
2023-04-05 08:00:00,0.585,0.593,0.585,0.592,287800.2
2023-04-05 08:30:00,0.592,0.592,0.586,0.588,140885.5
2023-04-05 09:00:00,0.587,0.589,0.586,0.586,142703.7
2023-04-05 09:30:00,0.586,0.588,0.585,0.587,88735.6
2023-04-05 10:00:00,0.588,0.595,0.586,0.595,318384.2
2023-04-05 10:30:00,0.596,0.606,0.594,0.601,1290619.1
2023-04-05 11:00:00,0.6,0.601,0.594,0.595,330804.9
2023-04-05 11:30:00,0.596,0.597,0.594,0.596,189923.3
2023-04-05 12:00:00,0.596,0.596,0.59,0.593,243712.7
2023-04-05 12:30:00,0.592,0.595,0.585,0.591,510822.6
2023-04-05 13:00:00,0.591,0.591,0.583,0.584,296367.2
2023-04-05 13:30:00,0.585,0.587,0.583,0.587,325134.1
2023-04-05 14:00:00,0.587,0.588,0.577,0.582,390658.0
2023-04-05 14:30:00,0.582,0.584,0.578,0.579,257782.8
2023-04-05 15:00:00,0.578,0.578,0.569,0.575,647388.0
2023-04-05 15:30:00,0.575,0.581,0.574,0.579,187919.1
2023-04-05 16:00:00,0.578,0.579,0.572,0.574,272470.0
2023-04-05 16:30:00,0.574,0.578,0.573,0.576,126233.1
2023-04-05 17:00:00,0.577,0.579,0.576,0.579,150118.1
2023-04-05 17:30:00,0.578,0.58,0.577,0.578,108771.3
2023-04-05 18:00:00,0.578,0.579,0.574,0.574,64176.6
2023-04-05 18:30:00,0.574,0.578,0.574,0.577,252875.7
2023-04-05 19:00:00,0.578,0.579,0.571,0.579,163233.9
2023-04-05 19:30:00,0.579,0.58,0.576,0.578,100956.9
2023-04-05 20:00:00,0.577,0.578,0.574,0.574,119746.6
2023-04-05 20:30:00,0.574,0.575,0.573,0.575,51280.6
2023-04-05 21:00:00,0.574,0.576,0.574,0.575,35822.2
2023-04-05 21:30:00,0.576,0.578,0.575,0.578,191137.8
2023-04-05 22:00:00,0.578,0.58,0.577,0.578,44838.4
2023-04-05 22:30:00,0.578,0.582,0.578,0.581,42270.4
2023-04-05 23:00:00,0.582,0.582,0.581,0.582,67348.1
2023-04-05 23:30:00,0.581,0.586,0.581,0.584,173893.5
2023-04-06 00:00:00,0.585,0.585,0.577,0.579,317182.5
2023-04-06 00:30:00,0.581,0.583,0.575,0.576,221098.6
2023-04-06 01:00:00,0.576,0.579,0.573,0.574,95282.2
2023-04-06 01:30:00,0.574,0.579,0.571,0.578,122935.5
2023-04-06 02:00:00,0.578,0.578,0.573,0.574,474380.2
2023-04-06 02:30:00,0.574,0.574,0.571,0.572,104584.5
2023-04-06 03:00:00,0.572,0.574,0.57,0.572,79908.0
2023-04-06 03:30:00,0.572,0.574,0.571,0.573,103216.6
2023-04-06 04:00:00,0.574,0.574,0.571,0.572,38502.1
2023-04-06 04:30:00,0.572,0.572,0.569,0.57,105559.7
2023-04-06 05:00:00,0.57,0.572,0.569,0.571,157546.1
2023-04-06 05:30:00,0.571,0.571,0.565,0.566,328980.5
2023-04-06 06:00:00,0.566,0.569,0.564,0.569,207971.7
2023-04-06 06:30:00,0.568,0.571,0.568,0.57,95838.4
2023-04-06 07:00:00,0.57,0.571,0.57,0.571,39489.9
2023-04-06 07:30:00,0.571,0.571,0.563,0.564,205309.1
2023-04-06 08:00:00,0.563,0.567,0.561,0.565,457744.6
2023-04-06 08:30:00,0.565,0.568,0.565,0.567,73088.0
2023-04-06 09:00:00,0.568,0.569,0.566,0.569,150712.7
2023-04-06 09:30:00,0.568,0.569,0.564,0.565,78974.4
2023-04-06 10:00:00,0.565,0.565,0.561,0.565,214300.2
2023-04-06 10:30:00,0.565,0.565,0.562,0.564,89714.0
2023-04-06 11:00:00,0.564,0.567,0.564,0.566,71650.0
2023-04-06 11:30:00,0.566,0.569,0.566,0.568,89324.0
2023-04-06 12:00:00,0.567,0.568,0.564,0.566,104518.0
2023-04-06 12:30:00,0.566,0.566,0.562,0.563,168915.8
2023-04-06 13:00:00,0.564,0.567,0.562,0.566,204125.8
2023-04-06 13:30:00,0.566,0.566,0.56,0.563,285166.6
2023-04-06 14:00:00,0.564,0.565,0.563,0.563,93729.4
2023-04-06 14:30:00,0.564,0.565,0.561,0.563,187775.4
2023-04-06 15:00:00,0.563,0.568,0.562,0.568,138252.3
2023-04-06 15:30:00,0.568,0.57,0.567,0.569,210566.8
2023-04-06 16:00:00,0.569,0.57,0.566,0.568,198481.1
2023-04-06 16:30:00,0.568,0.57,0.566,0.566,82305.7
2023-04-06 17:00:00,0.566,0.569,0.566,0.569,34393.9
2023-04-06 17:30:00,0.568,0.569,0.567,0.568,109450.5
2023-04-06 18:00:00,0.567,0.568,0.566,0.567,19785.5
2023-04-06 18:30:00,0.569,0.569,0.564,0.564,58754.2
2023-04-06 19:00:00,0.565,0.566,0.563,0.565,93667.6
2023-04-06 19:30:00,0.566,0.567,0.565,0.566,38880.6
2023-04-06 20:00:00,0.566,0.569,0.566,0.569,64390.4
2023-04-06 20:30:00,0.569,0.57,0.564,0.565,157494.8
2023-04-06 21:00:00,0.564,0.566,0.562,0.566,212103.2
2023-04-06 21:30:00,0.565,0.566,0.564,0.565,53307.6
2023-04-06 22:00:00,0.565,0.567,0.563,0.563,53057.4
2023-04-06 22:30:00,0.563,0.567,0.563,0.566,30313.9
2023-04-06 23:00:00,0.566,0.568,0.566,0.568,69619.6
2023-04-06 23:30:00,0.568,0.569,0.567,0.567,49267.7
2023-04-07 00:00:00,0.568,0.569,0.565,0.568,118871.2
2023-04-07 00:30:00,0.568,0.574,0.568,0.573,138496.9
2023-04-07 01:00:00,0.573,0.575,0.571,0.574,403450.1
2023-04-07 01:30:00,0.573,0.575,0.572,0.572,92826.1
2023-04-07 02:00:00,0.572,0.573,0.569,0.57,146339.1
2023-04-07 02:30:00,0.57,0.571,0.566,0.57,154329.9
2023-04-07 03:00:00,0.57,0.57,0.568,0.568,30594.8
2023-04-07 03:30:00,0.568,0.571,0.568,0.57,94832.7
2023-04-07 04:00:00,0.57,0.572,0.569,0.572,70911.7
2023-04-07 04:30:00,0.573,0.574,0.572,0.573,76367.0
2023-04-07 05:00:00,0.573,0.574,0.567,0.568,176006.8
2023-04-07 05:30:00,0.568,0.568,0.565,0.566,179892.0
2023-04-07 06:00:00,0.566,0.567,0.564,0.566,87396.5
2023-04-07 06:30:00,0.566,0.567,0.564,0.566,97633.9
2023-04-07 07:00:00,0.566,0.567,0.564,0.565,61598.2
2023-04-07 07:30:00,0.564,0.565,0.556,0.557,608815.9
2023-04-07 08:00:00,0.557,0.56,0.554,0.56,258805.5
2023-04-07 08:30:00,0.559,0.562,0.558,0.558,108951.4
2023-04-07 09:00:00,0.558,0.561,0.557,0.559,271237.8
2023-04-07 09:30:00,0.559,0.561,0.558,0.56,47162.5
2023-04-07 10:00:00,0.561,0.564,0.559,0.561,163884.7
2023-04-07 10:30:00,0.562,0.564,0.562,0.563,45116.0
2023-04-07 11:00:00,0.563,0.564,0.561,0.562,59205.8
2023-04-07 11:30:00,0.562,0.564,0.559,0.56,127243.6
2023-04-07 12:00:00,0.56,0.562,0.558,0.56,136557.0
2023-04-07 12:30:00,0.56,0.565,0.559,0.562,197794.8
2023-04-07 13:00:00,0.563,0.564,0.561,0.561,41100.3
2023-04-07 13:30:00,0.561,0.565,0.56,0.563,122689.0
2023-04-07 14:00:00,0.562,0.566,0.562,0.566,115233.1
2023-04-07 14:30:00,0.566,0.567,0.564,0.564,152096.0
2023-04-07 15:00:00,0.564,0.568,0.564,0.566,152686.1
2023-04-07 15:30:00,0.567,0.567,0.565,0.566,115908.9
2023-04-07 16:00:00,0.565,0.568,0.563,0.563,81895.8
2023-04-07 16:30:00,0.564,0.564,0.56,0.562,103712.6
2023-04-07 17:00:00,0.562,0.563,0.56,0.562,71449.6
2023-04-07 17:30:00,0.562,0.562,0.56,0.561,43041.9
2023-04-07 18:00:00,0.561,0.562,0.56,0.562,82857.4
2023-04-07 18:30:00,0.561,0.562,0.56,0.56,30799.9
2023-04-07 19:00:00,0.561,0.561,0.559,0.559,26068.3
2023-04-07 19:30:00,0.559,0.561,0.559,0.56,22076.0
2023-04-07 20:00:00,0.56,0.561,0.559,0.56,47101.1
2023-04-07 20:30:00,0.561,0.561,0.56,0.56,16790.8
2023-04-07 21:00:00,0.56,0.562,0.559,0.561,51937.1
2023-04-07 21:30:00,0.562,0.562,0.561,0.561,40015.0
2023-04-07 22:00:00,0.561,0.562,0.561,0.561,16629.3
2023-04-07 22:30:00,0.562,0.566,0.561,0.566,101163.4
2023-04-07 23:00:00,0.566,0.566,0.565,0.565,45363.3
2023-04-07 23:30:00,0.565,0.566,0.564,0.565,54193.1
2023-04-08 00:00:00,0.566,0.567,0.564,0.565,55848.3
2023-04-08 00:30:00,0.566,0.566,0.561,0.562,62612.9
2023-04-08 01:00:00,0.562,0.563,0.561,0.563,102288.4
2023-04-08 01:30:00,0.562,0.563,0.561,0.562,180587.5
2023-04-08 02:00:00,0.562,0.564,0.561,0.563,88003.3
2023-04-08 02:30:00,0.564,0.565,0.563,0.564,105249.6
2023-04-08 03:00:00,0.564,0.569,0.563,0.569,165451.9
2023-04-08 03:30:00,0.569,0.57,0.568,0.569,79038.4
2023-04-08 04:00:00,0.569,0.574,0.569,0.572,147925.5
2023-04-08 04:30:00,0.572,0.573,0.57,0.571,56531.0
2023-04-08 05:00:00,0.571,0.573,0.571,0.573,85246.8
2023-04-08 05:30:00,0.573,0.575,0.571,0.573,173075.2
2023-04-08 06:00:00,0.574,0.579,0.573,0.575,208600.9
2023-04-08 06:30:00,0.575,0.578,0.573,0.576,98994.2
2023-04-08 07:00:00,0.576,0.576,0.572,0.573,153316.1
2023-04-08 07:30:00,0.574,0.575,0.572,0.572,151619.8
2023-04-08 08:00:00,0.572,0.577,0.572,0.574,133361.4
2023-04-08 08:30:00,0.575,0.576,0.57,0.571,126295.2
2023-04-08 09:00:00,0.57,0.573,0.569,0.571,79544.1
2023-04-08 09:30:00,0.571,0.575,0.571,0.573,82920.7
2023-04-08 10:00:00,0.573,0.575,0.572,0.573,76552.8
2023-04-08 10:30:00,0.573,0.574,0.569,0.569,62171.2
2023-04-08 11:00:00,0.569,0.571,0.569,0.571,70105.6
2023-04-08 11:30:00,0.571,0.573,0.57,0.57,64938.3
2023-04-08 12:00:00,0.571,0.574,0.571,0.573,36935.0
2023-04-08 12:30:00,0.573,0.574,0.571,0.571,31037.7
2023-04-08 13:00:00,0.572,0.574,0.569,0.57,86345.4
2023-04-08 13:30:00,0.569,0.57,0.568,0.568,137121.6
2023-04-08 14:00:00,0.569,0.571,0.567,0.567,117449.7
2023-04-08 14:30:00,0.567,0.569,0.567,0.568,157077.0
2023-04-08 15:00:00,0.568,0.57,0.567,0.567,40837.4
2023-04-08 15:30:00,0.568,0.568,0.565,0.565,83673.3
2023-04-08 16:00:00,0.566,0.568,0.566,0.566,103435.4
2023-04-08 16:30:00,0.566,0.567,0.565,0.567,31636.7
2023-04-08 17:00:00,0.566,0.568,0.564,0.566,188394.1
2023-04-08 17:30:00,0.566,0.569,0.563,0.564,220733.6
2023-04-08 18:00:00,0.563,0.568,0.562,0.565,196489.0
2023-04-08 18:30:00,0.565,0.566,0.56,0.56,269927.1
2023-04-08 19:00:00,0.561,0.561,0.56,0.56,39338.6
2023-04-08 19:30:00,0.56,0.562,0.559,0.561,273399.1
2023-04-08 20:00:00,0.56,0.563,0.56,0.562,78377.3
2023-04-08 20:30:00,0.563,0.565,0.563,0.564,80073.2
2023-04-08 21:00:00,0.564,0.567,0.564,0.567,71131.8
2023-04-08 21:30:00,0.566,0.567,0.566,0.567,122750.7
2023-04-08 22:00:00,0.566,0.568,0.565,0.565,153063.0
2023-04-08 22:30:00,0.564,0.565,0.563,0.565,83575.0
2023-04-08 23:00:00,0.565,0.568,0.564,0.567,41707.4
2023-04-08 23:30:00,0.568,0.568,0.567,0.567,36476.0
2023-04-09 00:00:00,0.567,0.576,0.567,0.576,243321.6
2023-04-09 00:30:00,0.576,0.577,0.572,0.575,122917.6
2023-04-09 01:00:00,0.575,0.576,0.574,0.574,93860.4
2023-04-09 01:30:00,0.574,0.575,0.571,0.572,103311.4
2023-04-09 02:00:00,0.573,0.574,0.573,0.573,25174.8
2023-04-09 02:30:00,0.573,0.574,0.57,0.57,169021.2
2023-04-09 03:00:00,0.57,0.571,0.569,0.57,30526.2
2023-04-09 03:30:00,0.57,0.571,0.57,0.57,40020.7
2023-04-09 04:00:00,0.569,0.569,0.566,0.567,128584.8
2023-04-09 04:30:00,0.568,0.569,0.568,0.568,43266.8
2023-04-09 05:00:00,0.568,0.572,0.568,0.571,236997.9
2023-04-09 05:30:00,0.571,0.571,0.567,0.568,93615.8
2023-04-09 06:00:00,0.567,0.567,0.562,0.564,161509.4
2023-04-09 06:30:00,0.563,0.565,0.56,0.561,247712.9
2023-04-09 07:00:00,0.56,0.562,0.557,0.561,278623.6
2023-04-09 07:30:00,0.561,0.563,0.56,0.562,84871.8
2023-04-09 08:00:00,0.562,0.562,0.56,0.561,56863.0
2023-04-09 08:30:00,0.561,0.562,0.56,0.561,83836.2
2023-04-09 09:00:00,0.561,0.563,0.56,0.562,53497.6
2023-04-09 09:30:00,0.562,0.562,0.56,0.562,58424.7
2023-04-09 10:00:00,0.562,0.564,0.561,0.564,61078.9
2023-04-09 10:30:00,0.563,0.565,0.561,0.563,69790.3
2023-04-09 11:00:00,0.562,0.564,0.561,0.562,62005.5
2023-04-09 11:30:00,0.563,0.566,0.563,0.564,181129.8
2023-04-09 12:00:00,0.564,0.567,0.563,0.567,70046.4
2023-04-09 12:30:00,0.567,0.571,0.565,0.567,296909.3
2023-04-09 13:00:00,0.567,0.568,0.563,0.564,142596.5
2023-04-09 13:30:00,0.564,0.564,0.561,0.562,137901.4
2023-04-09 14:00:00,0.562,0.563,0.559,0.561,89177.8
2023-04-09 14:30:00,0.56,0.561,0.559,0.56,93668.2
2023-04-09 15:00:00,0.56,0.563,0.56,0.562,41548.9
2023-04-09 15:30:00,0.563,0.572,0.562,0.571,566897.4
2023-04-09 16:00:00,0.572,0.575,0.57,0.573,228133.3
2023-04-09 16:30:00,0.573,0.574,0.571,0.571,65772.2
2023-04-09 17:00:00,0.572,0.58,0.571,0.574,352018.4
2023-04-09 17:30:00,0.574,0.576,0.573,0.576,165806.3
2023-04-09 18:00:00,0.576,0.58,0.573,0.579,299466.1
2023-04-09 18:30:00,0.579,0.583,0.576,0.578,296313.8
2023-04-09 19:00:00,0.579,0.581,0.575,0.579,173061.7
2023-04-09 19:30:00,0.58,0.581,0.574,0.576,244597.0
2023-04-09 20:00:00,0.577,0.579,0.574,0.576,168094.3
2023-04-09 20:30:00,0.576,0.578,0.575,0.575,95732.4
2023-04-09 21:00:00,0.575,0.577,0.575,0.576,86454.3
2023-04-09 21:30:00,0.576,0.58,0.576,0.58,52659.5
2023-04-09 22:00:00,0.579,0.583,0.577,0.579,166325.1
2023-04-09 22:30:00,0.579,0.581,0.578,0.578,65474.3
2023-04-09 23:00:00,0.579,0.579,0.577,0.577,77248.9
2023-04-09 23:30:00,0.577,0.577,0.574,0.575,75299.3
2023-04-10 00:00:00,0.575,0.583,0.575,0.579,264795.8
2023-04-10 00:30:00,0.578,0.579,0.576,0.577,196878.4
2023-04-10 01:00:00,0.577,0.578,0.571,0.571,236930.5
2023-04-10 01:30:00,0.571,0.572,0.57,0.571,167089.9
2023-04-10 02:00:00,0.571,0.573,0.57,0.571,66845.1
2023-04-10 02:30:00,0.57,0.573,0.57,0.571,59046.7
2023-04-10 03:00:00,0.57,0.573,0.57,0.573,54548.2
2023-04-10 03:30:00,0.574,0.575,0.573,0.574,63365.9
2023-04-10 04:00:00,0.573,0.574,0.572,0.573,47889.3
2023-04-10 04:30:00,0.573,0.573,0.57,0.57,76743.8
2023-04-10 05:00:00,0.57,0.571,0.567,0.569,95766.2
2023-04-10 05:30:00,0.569,0.571,0.569,0.57,45469.3
2023-04-10 06:00:00,0.57,0.57,0.569,0.569,31963.4
2023-04-10 06:30:00,0.57,0.57,0.568,0.57,67157.9
2023-04-10 07:00:00,0.57,0.57,0.568,0.569,44938.0
2023-04-10 07:30:00,0.569,0.57,0.569,0.57,71302.7
2023-04-10 08:00:00,0.57,0.572,0.569,0.571,52405.2
2023-04-10 08:30:00,0.57,0.574,0.57,0.573,140250.2
2023-04-10 09:00:00,0.572,0.574,0.572,0.573,65131.8
2023-04-10 09:30:00,0.574,0.574,0.572,0.573,120392.8
2023-04-10 10:00:00,0.573,0.578,0.573,0.575,162315.6
2023-04-10 10:30:00,0.575,0.579,0.574,0.578,121720.5
2023-04-10 11:00:00,0.578,0.579,0.576,0.576,166431.0
2023-04-10 11:30:00,0.576,0.576,0.573,0.574,88896.9
2023-04-10 12:00:00,0.573,0.574,0.57,0.573,135878.5
2023-04-10 12:30:00,0.573,0.573,0.57,0.57,90818.7
2023-04-10 13:00:00,0.57,0.571,0.569,0.57,94523.3
2023-04-10 13:30:00,0.57,0.571,0.566,0.567,283172.9
2023-04-10 14:00:00,0.567,0.569,0.566,0.568,184885.5
2023-04-10 14:30:00,0.567,0.57,0.567,0.569,69636.6
2023-04-10 15:00:00,0.569,0.573,0.568,0.571,98415.6
2023-04-10 15:30:00,0.572,0.572,0.57,0.571,121929.6
2023-04-10 16:00:00,0.571,0.573,0.567,0.573,169683.4
2023-04-10 16:30:00,0.573,0.581,0.572,0.58,393403.5
2023-04-10 17:00:00,0.581,0.583,0.573,0.576,638793.5
2023-04-10 17:30:00,0.576,0.578,0.574,0.574,155495.2
2023-04-10 18:00:00,0.575,0.58,0.575,0.577,109108.3
2023-04-10 18:30:00,0.577,0.579,0.576,0.579,117395.4
2023-04-10 19:00:00,0.579,0.58,0.573,0.574,156941.0
2023-04-10 19:30:00,0.574,0.578,0.574,0.578,182540.6
2023-04-10 20:00:00,0.577,0.579,0.575,0.575,207838.3
2023-04-10 20:30:00,0.575,0.577,0.575,0.576,77713.8
2023-04-10 21:00:00,0.576,0.58,0.575,0.578,130816.5
2023-04-10 21:30:00,0.579,0.58,0.577,0.579,105056.4
2023-04-10 22:00:00,0.578,0.582,0.578,0.58,195936.7
2023-04-10 22:30:00,0.58,0.582,0.579,0.581,128549.5
2023-04-10 23:00:00,0.581,0.585,0.581,0.581,243883.2
2023-04-10 23:30:00,0.582,0.588,0.581,0.585,285702.9
2023-04-11 00:00:00,0.585,0.588,0.585,0.585,126396.2
2023-04-11 00:30:00,0.586,0.589,0.585,0.586,177746.4
2023-04-11 01:00:00,0.586,0.587,0.581,0.582,121995.1
2023-04-11 01:30:00,0.582,0.595,0.582,0.593,469522.1
2023-04-11 02:00:00,0.594,0.594,0.587,0.59,196767.9
2023-04-11 02:30:00,0.591,0.591,0.587,0.589,156188.5
2023-04-11 03:00:00,0.589,0.589,0.584,0.586,188111.3
2023-04-11 03:30:00,0.586,0.589,0.585,0.589,170209.3
2023-04-11 04:00:00,0.588,0.589,0.585,0.587,57750.3
2023-04-11 04:30:00,0.588,0.589,0.585,0.588,67015.1
2023-04-11 05:00:00,0.588,0.59,0.588,0.589,61132.3
2023-04-11 05:30:00,0.59,0.59,0.577,0.584,294062.9
2023-04-11 06:00:00,0.584,0.59,0.583,0.589,271543.4
2023-04-11 06:30:00,0.589,0.59,0.586,0.587,128481.0
2023-04-11 07:00:00,0.586,0.59,0.586,0.588,144162.2
2023-04-11 07:30:00,0.588,0.591,0.588,0.588,120936.9
2023-04-11 08:00:00,0.588,0.589,0.584,0.586,539695.9
2023-04-11 08:30:00,0.586,0.589,0.584,0.587,308911.4
2023-04-11 09:00:00,0.587,0.587,0.58,0.583,192347.0
2023-04-11 09:30:00,0.583,0.584,0.582,0.584,50655.6
2023-04-11 10:00:00,0.584,0.586,0.583,0.585,61210.0
2023-04-11 10:30:00,0.585,0.586,0.584,0.586,56881.7
2023-04-11 11:00:00,0.585,0.587,0.585,0.585,33538.4
2023-04-11 11:30:00,0.585,0.586,0.584,0.585,77094.3
2023-04-11 12:00:00,0.585,0.587,0.583,0.584,100511.8
2023-04-11 12:30:00,0.584,0.586,0.583,0.585,85003.6
2023-04-11 13:00:00,0.585,0.585,0.582,0.584,121733.1
2023-04-11 13:30:00,0.584,0.585,0.582,0.584,102350.0
2023-04-11 14:00:00,0.583,0.585,0.582,0.584,135535.6
2023-04-11 14:30:00,0.584,0.585,0.578,0.58,175455.3
2023-04-11 15:00:00,0.581,0.584,0.58,0.581,117934.7
2023-04-11 15:30:00,0.581,0.582,0.579,0.581,104966.0
2023-04-11 16:00:00,0.581,0.583,0.579,0.581,277736.7
2023-04-11 16:30:00,0.581,0.583,0.579,0.579,74024.0
2023-04-11 17:00:00,0.579,0.58,0.577,0.578,61700.9
2023-04-11 17:30:00,0.579,0.58,0.578,0.579,85917.0
2023-04-11 18:00:00,0.578,0.583,0.578,0.582,70705.8
2023-04-11 18:30:00,0.581,0.583,0.581,0.582,15922.4
2023-04-11 19:00:00,0.582,0.585,0.58,0.585,241425.4
2023-04-11 19:30:00,0.584,0.584,0.578,0.58,153227.4
2023-04-11 20:00:00,0.58,0.58,0.577,0.578,116402.6
2023-04-11 20:30:00,0.579,0.58,0.577,0.58,55589.0
2023-04-11 21:00:00,0.58,0.58,0.578,0.58,20152.9
2023-04-11 21:30:00,0.579,0.581,0.579,0.58,32729.2
2023-04-11 22:00:00,0.58,0.582,0.579,0.581,21822.6
2023-04-11 22:30:00,0.581,0.583,0.581,0.582,47398.2
2023-04-11 23:00:00,0.582,0.583,0.581,0.581,46298.6
2023-04-11 23:30:00,0.581,0.585,0.579,0.583,165044.0
2023-04-12 00:00:00,0.582,0.584,0.581,0.582,130244.1
2023-04-12 00:30:00,0.581,0.582,0.576,0.576,97847.9
2023-04-12 01:00:00,0.576,0.577,0.573,0.577,128591.9
2023-04-12 01:30:00,0.577,0.577,0.568,0.569,230145.5
2023-04-12 02:00:00,0.569,0.569,0.559,0.56,557028.0
2023-04-12 02:30:00,0.56,0.564,0.558,0.563,203453.2
2023-04-12 03:00:00,0.562,0.562,0.56,0.562,152502.8
2023-04-12 03:30:00,0.561,0.564,0.56,0.563,121208.1
2023-04-12 04:00:00,0.563,0.564,0.556,0.561,326479.6
2023-04-12 04:30:00,0.561,0.564,0.56,0.564,48116.1
2023-04-12 05:00:00,0.563,0.565,0.563,0.565,41947.2
2023-04-12 05:30:00,0.565,0.567,0.563,0.564,74228.9
2023-04-12 06:00:00,0.563,0.564,0.561,0.562,85889.7
2023-04-12 06:30:00,0.562,0.564,0.561,0.563,95650.7
2023-04-12 07:00:00,0.563,0.565,0.562,0.565,110360.2
2023-04-12 07:30:00,0.565,0.566,0.563,0.564,71460.8
2023-04-12 08:00:00,0.563,0.565,0.562,0.564,104822.4
2023-04-12 08:30:00,0.563,0.564,0.56,0.561,88840.9
2023-04-12 09:00:00,0.561,0.564,0.56,0.563,176347.3
2023-04-12 09:30:00,0.563,0.564,0.562,0.563,98707.0
2023-04-12 10:00:00,0.563,0.564,0.562,0.563,85645.1
2023-04-12 10:30:00,0.564,0.564,0.56,0.561,374878.6
2023-04-12 11:00:00,0.562,0.563,0.56,0.561,109418.2
2023-04-12 11:30:00,0.561,0.562,0.559,0.562,68208.4
2023-04-12 12:00:00,0.562,0.563,0.558,0.562,170285.5
2023-04-12 12:30:00,0.562,0.569,0.562,0.564,360270.4
2023-04-12 13:00:00,0.564,0.569,0.562,0.567,234801.9
2023-04-12 13:30:00,0.566,0.568,0.563,0.564,149544.4
2023-04-12 14:00:00,0.564,0.568,0.563,0.568,172535.6
2023-04-12 14:30:00,0.568,0.569,0.565,0.565,157367.6
2023-04-12 15:00:00,0.565,0.566,0.561,0.564,166584.3
2023-04-12 15:30:00,0.565,0.567,0.564,0.564,114281.0
2023-04-12 16:00:00,0.565,0.566,0.564,0.565,138736.4
2023-04-12 16:30:00,0.565,0.566,0.563,0.563,91768.8
2023-04-12 17:00:00,0.563,0.566,0.563,0.564,90712.6
2023-04-12 17:30:00,0.565,0.567,0.563,0.564,252364.1
2023-04-12 18:00:00,0.564,0.566,0.562,0.562,222584.1
2023-04-12 18:30:00,0.563,0.564,0.561,0.563,186899.7
2023-04-12 19:00:00,0.564,0.564,0.561,0.561,85996.6
2023-04-12 19:30:00,0.562,0.564,0.562,0.563,92225.6
2023-04-12 20:00:00,0.563,0.565,0.563,0.565,69784.9
2023-04-12 20:30:00,0.565,0.566,0.564,0.564,57110.1
2023-04-12 21:00:00,0.565,0.566,0.564,0.566,196431.7
2023-04-12 21:30:00,0.566,0.566,0.564,0.565,106646.7
2023-04-12 22:00:00,0.566,0.566,0.564,0.566,55701.1
2023-04-12 22:30:00,0.566,0.568,0.564,0.564,136906.4
2023-04-12 23:00:00,0.565,0.569,0.564,0.568,56495.5
2023-04-12 23:30:00,0.568,0.569,0.566,0.567,44924.2
2023-04-13 00:00:00,0.566,0.57,0.566,0.567,178189.2
2023-04-13 00:30:00,0.567,0.568,0.565,0.566,83505.5
2023-04-13 01:00:00,0.565,0.566,0.563,0.566,86231.3
2023-04-13 01:30:00,0.565,0.567,0.565,0.567,54351.7
2023-04-13 02:00:00,0.566,0.568,0.565,0.568,66283.8
2023-04-13 02:30:00,0.567,0.569,0.565,0.569,139269.0
2023-04-13 03:00:00,0.568,0.57,0.568,0.569,81264.3
2023-04-13 03:30:00,0.569,0.571,0.567,0.57,96561.9
2023-04-13 04:00:00,0.57,0.571,0.569,0.57,25729.2
2023-04-13 04:30:00,0.57,0.571,0.569,0.57,68575.6
2023-04-13 05:00:00,0.57,0.572,0.569,0.571,89472.8
2023-04-13 05:30:00,0.571,0.572,0.569,0.572,51581.9
2023-04-13 06:00:00,0.572,0.574,0.571,0.573,154591.6
2023-04-13 06:30:00,0.572,0.573,0.569,0.57,160529.2
2023-04-13 07:00:00,0.57,0.573,0.57,0.572,69938.9
2023-04-13 07:30:00,0.572,0.573,0.57,0.573,86837.9
2023-04-13 08:00:00,0.573,0.579,0.572,0.579,270744.3
2023-04-13 08:30:00,0.579,0.589,0.577,0.585,907895.6
2023-04-13 09:00:00,0.585,0.59,0.584,0.586,586377.9
2023-04-13 09:30:00,0.586,0.587,0.582,0.583,143947.1
2023-04-13 10:00:00,0.583,0.585,0.579,0.58,269456.8
2023-04-13 10:30:00,0.58,0.583,0.58,0.582,136711.4
2023-04-13 11:00:00,0.582,0.582,0.58,0.581,55762.5
2023-04-13 11:30:00,0.581,0.582,0.578,0.578,73546.3
2023-04-13 12:00:00,0.579,0.583,0.578,0.582,109898.4
2023-04-13 12:30:00,0.583,0.586,0.579,0.585,125731.0
2023-04-13 13:00:00,0.584,0.598,0.583,0.596,1005883.4
2023-04-13 13:30:00,0.595,0.597,0.59,0.59,254517.5
2023-04-13 14:00:00,0.59,0.599,0.59,0.594,334797.8
2023-04-13 14:30:00,0.594,0.595,0.592,0.594,148837.4
2023-04-13 15:00:00,0.593,0.594,0.588,0.59,203882.4
2023-04-13 15:30:00,0.59,0.591,0.588,0.588,78278.9
2023-04-13 16:00:00,0.588,0.592,0.588,0.589,93733.9
2023-04-13 16:30:00,0.59,0.59,0.586,0.588,152041.3
2023-04-13 17:00:00,0.588,0.592,0.588,0.591,151551.5
2023-04-13 17:30:00,0.591,0.594,0.59,0.592,103561.8
2023-04-13 18:00:00,0.593,0.597,0.593,0.594,185208.3
2023-04-13 18:30:00,0.594,0.596,0.594,0.595,62853.5
2023-04-13 19:00:00,0.595,0.596,0.593,0.593,71891.2
2023-04-13 19:30:00,0.594,0.594,0.592,0.593,48754.5
2023-04-13 20:00:00,0.593,0.593,0.589,0.593,136017.9
2023-04-13 20:30:00,0.592,0.594,0.592,0.593,49012.9
2023-04-13 21:00:00,0.593,0.603,0.593,0.601,285460.6
2023-04-13 21:30:00,0.602,0.602,0.58,0.592,1319317.4
2023-04-13 22:00:00,0.592,0.602,0.592,0.601,343142.6
2023-04-13 22:30:00,0.601,0.601,0.597,0.6,244919.3
2023-04-13 23:00:00,0.6,0.6,0.595,0.598,109681.3
2023-04-13 23:30:00,0.598,0.606,0.598,0.604,240898.8
2023-04-14 00:00:00,0.603,0.614,0.602,0.606,602716.5
2023-04-14 00:30:00,0.607,0.613,0.604,0.607,550059.2
2023-04-14 01:00:00,0.607,0.612,0.604,0.604,465377.6
2023-04-14 01:30:00,0.605,0.607,0.6,0.602,484730.7
2023-04-14 02:00:00,0.602,0.608,0.602,0.604,261238.7
2023-04-14 02:30:00,0.605,0.607,0.596,0.6,388423.8
2023-04-14 03:00:00,0.6,0.602,0.598,0.602,205716.2
2023-04-14 03:30:00,0.602,0.603,0.599,0.599,186848.0
2023-04-14 04:00:00,0.6,0.605,0.6,0.603,163562.2
2023-04-14 04:30:00,0.603,0.608,0.603,0.607,197956.9
2023-04-14 05:00:00,0.606,0.607,0.603,0.605,107457.6
2023-04-14 05:30:00,0.604,0.606,0.602,0.605,236508.2
2023-04-14 06:00:00,0.604,0.607,0.603,0.606,145642.6
2023-04-14 06:30:00,0.606,0.609,0.603,0.608,280336.7
2023-04-14 07:00:00,0.607,0.609,0.604,0.605,314353.8
2023-04-14 07:30:00,0.605,0.606,0.6,0.601,272809.8
2023-04-14 08:00:00,0.602,0.605,0.6,0.601,138185.9
2023-04-14 08:30:00,0.601,0.608,0.601,0.607,165489.9
2023-04-14 09:00:00,0.608,0.609,0.606,0.608,139878.8
2023-04-14 09:30:00,0.607,0.611,0.606,0.611,306717.4
2023-04-14 10:00:00,0.612,0.617,0.61,0.614,344657.4
2023-04-14 10:30:00,0.614,0.621,0.612,0.617,335012.2
2023-04-14 11:00:00,0.617,0.624,0.617,0.624,296513.7
2023-04-14 11:30:00,0.624,0.63,0.621,0.622,830680.6
2023-04-14 12:00:00,0.622,0.629,0.62,0.622,247460.6
2023-04-14 12:30:00,0.622,0.622,0.602,0.604,672346.5
2023-04-14 13:00:00,0.604,0.612,0.604,0.607,325242.3
2023-04-14 13:30:00,0.608,0.608,0.604,0.606,224201.8
2023-04-14 14:00:00,0.605,0.608,0.598,0.599,393697.7
2023-04-14 14:30:00,0.6,0.603,0.596,0.598,345622.3
2023-04-14 15:00:00,0.598,0.6,0.589,0.591,552251.2
2023-04-14 15:30:00,0.591,0.593,0.585,0.591,478291.4
2023-04-14 16:00:00,0.591,0.594,0.589,0.591,217792.0
2023-04-14 16:30:00,0.591,0.6,0.59,0.599,266819.7
2023-04-14 17:00:00,0.598,0.6,0.597,0.6,160923.5
2023-04-14 17:30:00,0.6,0.601,0.598,0.601,170290.4
2023-04-14 18:00:00,0.601,0.606,0.601,0.602,183652.0
2023-04-14 18:30:00,0.602,0.603,0.6,0.601,76161.9
2023-04-14 19:00:00,0.6,0.605,0.599,0.605,173413.8
2023-04-14 19:30:00,0.605,0.608,0.605,0.607,85781.3
2023-04-14 20:00:00,0.608,0.611,0.607,0.61,177902.4
2023-04-14 20:30:00,0.61,0.614,0.609,0.61,173251.7
2023-04-14 21:00:00,0.609,0.611,0.607,0.609,140185.6
2023-04-14 21:30:00,0.608,0.61,0.607,0.609,85764.1
2023-04-14 22:00:00,0.61,0.612,0.609,0.612,75597.7
2023-04-14 22:30:00,0.612,0.613,0.61,0.613,101131.8
2023-04-14 23:00:00,0.613,0.614,0.608,0.612,180129.7
2023-04-14 23:30:00,0.611,0.612,0.609,0.61,105459.8
2023-04-15 00:00:00,0.61,0.621,0.61,0.619,455513.5
2023-04-15 00:30:00,0.619,0.62,0.611,0.611,186773.2
2023-04-15 01:00:00,0.611,0.612,0.607,0.608,176127.0
2023-04-15 01:30:00,0.608,0.613,0.606,0.609,272447.9
2023-04-15 02:00:00,0.608,0.611,0.608,0.61,159404.4
2023-04-15 02:30:00,0.61,0.611,0.607,0.61,124791.6
2023-04-15 03:00:00,0.611,0.612,0.608,0.609,166768.7
2023-04-15 03:30:00,0.609,0.61,0.607,0.609,72975.2
2023-04-15 04:00:00,0.609,0.609,0.603,0.605,79240.2
2023-04-15 04:30:00,0.605,0.608,0.605,0.608,186249.2
2023-04-15 05:00:00,0.608,0.61,0.608,0.61,68794.9
2023-04-15 05:30:00,0.609,0.61,0.607,0.61,54396.2
2023-04-15 06:00:00,0.609,0.611,0.605,0.607,167825.5
2023-04-15 06:30:00,0.607,0.607,0.603,0.605,131203.6
2023-04-15 07:00:00,0.605,0.608,0.604,0.608,56008.2
2023-04-15 07:30:00,0.608,0.611,0.607,0.61,123412.1
2023-04-15 08:00:00,0.61,0.611,0.607,0.609,72408.3
2023-04-15 08:30:00,0.608,0.61,0.605,0.608,266837.9
2023-04-15 09:00:00,0.608,0.611,0.606,0.611,102516.4
2023-04-15 09:30:00,0.61,0.612,0.61,0.612,137602.0
2023-04-15 10:00:00,0.612,0.614,0.611,0.612,89829.8
2023-04-15 10:30:00,0.612,0.615,0.612,0.614,69385.8
2023-04-15 11:00:00,0.614,0.62,0.613,0.617,309747.0
2023-04-15 11:30:00,0.618,0.621,0.615,0.617,166473.7
2023-04-15 12:00:00,0.617,0.617,0.612,0.615,108746.9
2023-04-15 12:30:00,0.615,0.617,0.615,0.617,85946.5
2023-04-15 13:00:00,0.617,0.621,0.614,0.615,194972.9
2023-04-15 13:30:00,0.616,0.616,0.612,0.616,344099.5
2023-04-15 14:00:00,0.616,0.627,0.614,0.626,414686.1
2023-04-15 14:30:00,0.626,0.639,0.625,0.631,1647914.9
2023-04-15 15:00:00,0.631,0.645,0.627,0.635,862956.7
2023-04-15 15:30:00,0.634,0.64,0.631,0.634,650543.8
2023-04-15 16:00:00,0.635,0.64,0.629,0.637,553754.8
2023-04-15 16:30:00,0.637,0.643,0.635,0.639,362790.9
2023-04-15 17:00:00,0.639,0.644,0.632,0.637,586749.6
2023-04-15 17:30:00,0.637,0.638,0.63,0.633,221410.6
2023-04-15 18:00:00,0.633,0.64,0.633,0.638,216004.8
2023-04-15 18:30:00,0.638,0.641,0.636,0.638,122716.9
2023-04-15 19:00:00,0.637,0.639,0.632,0.633,112724.7
2023-04-15 19:30:00,0.634,0.637,0.631,0.636,258371.1
2023-04-15 20:00:00,0.636,0.636,0.631,0.635,164875.1
2023-04-15 20:30:00,0.635,0.636,0.63,0.632,278982.4
2023-04-15 21:00:00,0.631,0.633,0.627,0.633,149293.1
2023-04-15 21:30:00,0.634,0.638,0.632,0.634,236297.7
2023-04-15 22:00:00,0.633,0.637,0.632,0.635,225417.9
2023-04-15 22:30:00,0.635,0.64,0.635,0.639,206949.7
2023-04-15 23:00:00,0.639,0.644,0.638,0.643,278945.5
2023-04-15 23:30:00,0.643,0.655,0.642,0.645,1325961.6
2023-04-16 00:00:00,0.646,0.651,0.637,0.646,868250.4
2023-04-16 00:30:00,0.646,0.648,0.64,0.641,383359.3
2023-04-16 01:00:00,0.64,0.642,0.628,0.641,824364.4
2023-04-16 01:30:00,0.641,0.674,0.64,0.656,2659461.8
2023-04-16 02:00:00,0.656,0.659,0.65,0.656,599574.8
2023-04-16 02:30:00,0.656,0.676,0.654,0.671,1405083.2
2023-04-16 03:00:00,0.67,0.674,0.661,0.672,994534.1
2023-04-16 03:30:00,0.671,0.682,0.663,0.68,1315753.1
2023-04-16 04:00:00,0.679,0.713,0.674,0.706,4442445.5
2023-04-16 04:30:00,0.705,0.73,0.698,0.709,3757012.8
2023-04-16 05:00:00,0.708,0.74,0.701,0.734,4268804.9
2023-04-16 05:30:00,0.734,0.744,0.725,0.734,2487940.7
2023-04-16 06:00:00,0.734,0.742,0.691,0.706,5119006.5
2023-04-16 06:30:00,0.706,0.72,0.705,0.716,1396966.9
2023-04-16 07:00:00,0.717,0.718,0.702,0.712,1165126.1
2023-04-16 07:30:00,0.711,0.714,0.702,0.711,884036.7
2023-04-16 08:00:00,0.712,0.722,0.705,0.717,954640.0
2023-04-16 08:30:00,0.717,0.728,0.715,0.716,1694206.3
2023-04-16 09:00:00,0.716,0.719,0.691,0.694,1590481.5
2023-04-16 09:30:00,0.694,0.698,0.686,0.696,955295.7
2023-04-16 10:00:00,0.697,0.699,0.682,0.688,908196.0
2023-04-16 10:30:00,0.688,0.69,0.679,0.687,785177.5
2023-04-16 11:00:00,0.687,0.689,0.681,0.684,479770.4
2023-04-16 11:30:00,0.684,0.69,0.683,0.685,525687.1
2023-04-16 12:00:00,0.686,0.695,0.685,0.687,621437.6
2023-04-16 12:30:00,0.687,0.703,0.683,0.696,1083407.5
2023-04-16 13:00:00,0.696,0.706,0.691,0.704,772018.5
2023-04-16 13:30:00,0.703,0.704,0.688,0.698,888229.8
2023-04-16 14:00:00,0.698,0.717,0.697,0.712,1773153.9
2023-04-16 14:30:00,0.712,0.719,0.709,0.711,984801.9
2023-04-16 15:00:00,0.71,0.714,0.703,0.705,612849.6
2023-04-16 15:30:00,0.706,0.71,0.703,0.704,549867.1
2023-04-16 16:00:00,0.703,0.739,0.7,0.728,2382983.7
2023-04-16 16:30:00,0.728,0.728,0.708,0.711,1099581.9
2023-04-16 17:00:00,0.71,0.713,0.704,0.704,498079.1
2023-04-16 17:30:00,0.705,0.705,0.693,0.696,880212.2
2023-04-16 18:00:00,0.696,0.701,0.691,0.692,284485.1
2023-04-16 18:30:00,0.692,0.699,0.691,0.699,119487.4
2023-04-16 19:00:00,0.699,0.701,0.691,0.693,267339.4
2023-04-16 19:30:00,0.694,0.695,0.685,0.688,378596.9
2023-04-16 20:00:00,0.688,0.691,0.683,0.69,486701.4
2023-04-16 20:30:00,0.69,0.691,0.687,0.688,218497.3
2023-04-16 21:00:00,0.688,0.69,0.68,0.683,716040.9
2023-04-16 21:30:00,0.684,0.692,0.682,0.691,511680.2
2023-04-16 22:00:00,0.692,0.696,0.691,0.695,323547.4
2023-04-16 22:30:00,0.696,0.699,0.692,0.697,465886.4
2023-04-16 23:00:00,0.698,0.703,0.697,0.697,239919.1
2023-04-16 23:30:00,0.698,0.7,0.692,0.695,350804.7
2023-04-17 00:00:00,0.695,0.696,0.681,0.681,734724.1
2023-04-17 00:30:00,0.682,0.685,0.662,0.667,1786847.7
2023-04-17 01:00:00,0.666,0.681,0.659,0.679,850887.0
2023-04-17 01:30:00,0.679,0.682,0.672,0.672,427010.6
2023-04-17 02:00:00,0.672,0.677,0.67,0.676,498125.4
2023-04-17 02:30:00,0.677,0.681,0.674,0.678,285943.8
2023-04-17 03:00:00,0.678,0.681,0.674,0.678,263428.8
2023-04-17 03:30:00,0.678,0.678,0.671,0.674,348850.2
2023-04-17 04:00:00,0.674,0.677,0.666,0.667,244838.0
2023-04-17 04:30:00,0.667,0.672,0.664,0.67,321528.7
2023-04-17 05:00:00,0.67,0.672,0.667,0.669,181339.3
2023-04-17 05:30:00,0.669,0.675,0.667,0.675,272624.4
2023-04-17 06:00:00,0.675,0.675,0.67,0.671,157479.7
2023-04-17 06:30:00,0.672,0.672,0.663,0.665,578464.0
2023-04-17 07:00:00,0.666,0.669,0.661,0.661,402002.5
2023-04-17 07:30:00,0.662,0.663,0.658,0.658,401394.4
2023-04-17 08:00:00,0.658,0.663,0.657,0.661,286025.9
2023-04-17 08:30:00,0.661,0.665,0.659,0.664,161820.4
2023-04-17 09:00:00,0.664,0.665,0.662,0.662,94433.8
2023-04-17 09:30:00,0.662,0.662,0.657,0.659,191610.0
2023-04-17 10:00:00,0.658,0.659,0.653,0.655,271810.1
2023-04-17 10:30:00,0.655,0.662,0.654,0.661,238242.5
2023-04-17 11:00:00,0.661,0.662,0.652,0.654,177897.8
2023-04-17 11:30:00,0.654,0.658,0.642,0.655,770538.2
2023-04-17 12:00:00,0.655,0.658,0.654,0.656,187706.0
2023-04-17 12:30:00,0.656,0.656,0.652,0.655,117646.0
2023-04-17 13:00:00,0.654,0.654,0.647,0.648,353709.2
2023-04-17 13:30:00,0.647,0.654,0.645,0.653,311292.9
2023-04-17 14:00:00,0.652,0.654,0.65,0.651,169593.2
2023-04-17 14:30:00,0.651,0.652,0.646,0.651,117106.9
2023-04-17 15:00:00,0.652,0.655,0.648,0.654,224553.7
2023-04-17 15:30:00,0.654,0.654,0.647,0.651,212482.8
2023-04-17 16:00:00,0.651,0.665,0.65,0.663,811083.7
2023-04-17 16:30:00,0.664,0.664,0.657,0.659,244800.2
2023-04-17 17:00:00,0.659,0.666,0.659,0.66,414324.5
2023-04-17 17:30:00,0.66,0.663,0.658,0.658,209896.6
2023-04-17 18:00:00,0.659,0.662,0.657,0.662,98449.0
2023-04-17 18:30:00,0.661,0.662,0.657,0.659,195310.7
2023-04-17 19:00:00,0.658,0.661,0.657,0.657,245370.3
2023-04-17 19:30:00,0.658,0.658,0.653,0.656,200221.1
2023-04-17 20:00:00,0.656,0.66,0.655,0.656,214513.7
2023-04-17 20:30:00,0.656,0.658,0.653,0.654,125364.0
2023-04-17 21:00:00,0.654,0.656,0.651,0.651,145333.9
2023-04-17 21:30:00,0.652,0.658,0.652,0.656,101965.4
2023-04-17 22:00:00,0.657,0.662,0.657,0.661,175807.0
2023-04-17 22:30:00,0.662,0.666,0.66,0.662,146712.6
2023-04-17 23:00:00,0.662,0.663,0.66,0.662,80883.9
2023-04-17 23:30:00,0.662,0.667,0.661,0.665,230839.9
2023-04-18 00:00:00,0.666,0.669,0.66,0.669,373783.4
2023-04-18 00:30:00,0.669,0.672,0.657,0.657,349665.8
2023-04-18 01:00:00,0.657,0.658,0.639,0.642,907703.9
2023-04-18 01:30:00,0.642,0.654,0.642,0.654,293231.3
2023-04-18 02:00:00,0.655,0.664,0.654,0.661,454925.9
2023-04-18 02:30:00,0.661,0.667,0.661,0.665,151315.5
2023-04-18 03:00:00,0.664,0.664,0.66,0.661,149858.4
2023-04-18 03:30:00,0.661,0.664,0.661,0.664,87112.5
2023-04-18 04:00:00,0.664,0.665,0.661,0.662,137756.0
2023-04-18 04:30:00,0.662,0.662,0.661,0.662,44189.8
2023-04-18 05:00:00,0.662,0.664,0.661,0.664,140608.7
2023-04-18 05:30:00,0.663,0.677,0.662,0.671,1087042.1
2023-04-18 06:00:00,0.67,0.674,0.667,0.672,337243.2
2023-04-18 06:30:00,0.673,0.676,0.673,0.675,201567.3
2023-04-18 07:00:00,0.675,0.675,0.666,0.669,262142.4
2023-04-18 07:30:00,0.669,0.671,0.668,0.67,133952.8
2023-04-18 08:00:00,0.67,0.672,0.662,0.663,300656.8
2023-04-18 08:30:00,0.663,0.666,0.662,0.665,225671.7
2023-04-18 09:00:00,0.665,0.671,0.664,0.67,120406.6
2023-04-18 09:30:00,0.67,0.674,0.669,0.673,245195.2
2023-04-18 10:00:00,0.672,0.688,0.671,0.683,642506.3
2023-04-18 10:30:00,0.683,0.705,0.681,0.701,1011375.7
2023-04-18 11:00:00,0.7,0.703,0.693,0.693,1024234.5
2023-04-18 11:30:00,0.693,0.697,0.686,0.694,483478.7
2023-04-18 12:00:00,0.693,0.694,0.68,0.682,599466.9
2023-04-18 12:30:00,0.683,0.684,0.67,0.671,541399.6
2023-04-18 13:00:00,0.671,0.674,0.668,0.672,305512.5
2023-04-18 13:30:00,0.671,0.677,0.669,0.674,337026.1
2023-04-18 14:00:00,0.675,0.675,0.666,0.667,333679.5
2023-04-18 14:30:00,0.668,0.675,0.664,0.672,203776.8
2023-04-18 15:00:00,0.672,0.674,0.666,0.668,283689.6
2023-04-18 15:30:00,0.668,0.671,0.666,0.671,148741.5
2023-04-18 16:00:00,0.671,0.673,0.669,0.672,248559.7
2023-04-18 16:30:00,0.672,0.676,0.67,0.673,214285.0
2023-04-18 17:00:00,0.673,0.677,0.672,0.674,92287.2
2023-04-18 17:30:00,0.674,0.675,0.668,0.669,213153.8
2023-04-18 18:00:00,0.668,0.673,0.664,0.672,159951.4
2023-04-18 18:30:00,0.672,0.676,0.67,0.673,92133.6
2023-04-18 19:00:00,0.673,0.674,0.669,0.67,57071.2
2023-04-18 19:30:00,0.67,0.671,0.668,0.668,65562.7
2023-04-18 20:00:00,0.668,0.67,0.666,0.67,52872.9
2023-04-18 20:30:00,0.67,0.671,0.668,0.671,74391.2
2023-04-18 21:00:00,0.671,0.671,0.665,0.669,148406.3
2023-04-18 21:30:00,0.669,0.673,0.667,0.673,62021.3
2023-04-18 22:00:00,0.672,0.673,0.671,0.672,34887.7
2023-04-18 22:30:00,0.672,0.674,0.671,0.673,193624.9
2023-04-18 23:00:00,0.673,0.676,0.672,0.675,121075.2
2023-04-18 23:30:00,0.674,0.678,0.674,0.676,199717.4
2023-04-19 00:00:00,0.676,0.676,0.667,0.668,193384.9
2023-04-19 00:30:00,0.668,0.669,0.666,0.668,135272.0
2023-04-19 01:00:00,0.668,0.669,0.661,0.665,221957.4
2023-04-19 01:30:00,0.666,0.668,0.664,0.666,122749.0
2023-04-19 02:00:00,0.666,0.669,0.664,0.668,213371.0
2023-04-19 02:30:00,0.667,0.684,0.665,0.68,945138.6
2023-04-19 03:00:00,0.679,0.682,0.675,0.677,486461.0
2023-04-19 03:30:00,0.677,0.677,0.673,0.674,95924.9
2023-04-19 04:00:00,0.674,0.674,0.667,0.67,292134.5
2023-04-19 04:30:00,0.67,0.672,0.668,0.671,182129.4
2023-04-19 05:00:00,0.671,0.673,0.67,0.671,83258.1
2023-04-19 05:30:00,0.671,0.676,0.671,0.676,89825.1
2023-04-19 06:00:00,0.676,0.676,0.668,0.669,149323.9
2023-04-19 06:30:00,0.668,0.671,0.665,0.668,132960.2
2023-04-19 07:00:00,0.668,0.669,0.662,0.666,396697.4
2023-04-19 07:30:00,0.665,0.666,0.661,0.663,99805.1
2023-04-19 08:00:00,0.663,0.663,0.584,0.61,3187107.1
2023-04-19 08:30:00,0.61,0.617,0.607,0.609,1085894.5
2023-04-19 09:00:00,0.608,0.618,0.605,0.613,828825.3
2023-04-19 09:30:00,0.614,0.62,0.613,0.617,474737.4
2023-04-19 10:00:00,0.616,0.619,0.615,0.618,216389.1
2023-04-19 10:30:00,0.617,0.618,0.61,0.615,396974.7
2023-04-19 11:00:00,0.615,0.619,0.613,0.618,213978.8
2023-04-19 11:30:00,0.618,0.626,0.616,0.622,700748.5
2023-04-19 12:00:00,0.621,0.621,0.615,0.618,341395.5
2023-04-19 12:30:00,0.618,0.62,0.613,0.615,275815.6
2023-04-19 13:00:00,0.615,0.623,0.615,0.621,704367.9
2023-04-19 13:30:00,0.621,0.623,0.62,0.622,181954.9
2023-04-19 14:00:00,0.622,0.627,0.622,0.623,218515.2
2023-04-19 14:30:00,0.623,0.633,0.621,0.621,1048078.1
2023-04-19 15:00:00,0.622,0.622,0.618,0.62,321430.4
2023-04-19 15:30:00,0.62,0.621,0.615,0.619,289607.6
2023-04-19 16:00:00,0.618,0.626,0.615,0.625,728877.4
2023-04-19 16:30:00,0.625,0.625,0.621,0.622,113996.2
2023-04-19 17:00:00,0.622,0.623,0.616,0.619,132752.2
2023-04-19 17:30:00,0.619,0.62,0.612,0.62,198925.9
2023-04-19 18:00:00,0.621,0.622,0.614,0.615,115971.9
2023-04-19 18:30:00,0.615,0.618,0.613,0.617,311138.5
2023-04-19 19:00:00,0.617,0.621,0.616,0.618,107945.3
2023-04-19 19:30:00,0.619,0.622,0.615,0.616,119788.5
2023-04-19 20:00:00,0.616,0.617,0.609,0.612,494614.6
2023-04-19 20:30:00,0.612,0.613,0.61,0.613,68379.7
2023-04-19 21:00:00,0.612,0.613,0.6,0.606,321635.5
2023-04-19 21:30:00,0.606,0.613,0.604,0.612,166219.1
2023-04-19 22:00:00,0.612,0.614,0.609,0.61,67719.0
2023-04-19 22:30:00,0.609,0.61,0.6,0.608,751872.1
2023-04-19 23:00:00,0.608,0.608,0.59,0.603,408407.8
2023-04-19 23:30:00,0.603,0.609,0.601,0.606,233397.3
2023-04-20 00:00:00,0.606,0.609,0.602,0.609,205713.3
2023-04-20 00:30:00,0.609,0.61,0.605,0.606,153771.7
2023-04-20 01:00:00,0.607,0.607,0.603,0.605,167044.1
2023-04-20 01:30:00,0.605,0.611,0.605,0.61,119206.5
2023-04-20 02:00:00,0.61,0.61,0.604,0.606,141692.5
2023-04-20 02:30:00,0.606,0.606,0.598,0.601,274616.2
2023-04-20 03:00:00,0.601,0.605,0.596,0.604,172814.9
2023-04-20 03:30:00,0.604,0.607,0.602,0.604,189019.4
2023-04-20 04:00:00,0.604,0.607,0.602,0.607,132952.0
2023-04-20 04:30:00,0.607,0.607,0.602,0.605,152742.2
2023-04-20 05:00:00,0.605,0.606,0.603,0.603,90341.4
2023-04-20 05:30:00,0.602,0.604,0.598,0.601,206274.4
2023-04-20 06:00:00,0.601,0.606,0.6,0.604,111833.8
2023-04-20 06:30:00,0.603,0.604,0.6,0.601,108772.9
2023-04-20 07:00:00,0.6,0.601,0.598,0.599,173550.5
2023-04-20 07:30:00,0.599,0.6,0.596,0.597,169205.5
2023-04-20 08:00:00,0.597,0.603,0.594,0.602,169585.0
2023-04-20 08:30:00,0.603,0.604,0.598,0.6,164203.8
2023-04-20 09:00:00,0.6,0.604,0.6,0.603,129684.8
2023-04-20 09:30:00,0.603,0.605,0.601,0.602,102853.1
2023-04-20 10:00:00,0.602,0.604,0.598,0.599,181348.1
2023-04-20 10:30:00,0.599,0.602,0.598,0.601,121641.0
2023-04-20 11:00:00,0.601,0.602,0.597,0.6,165874.7
2023-04-20 11:30:00,0.6,0.6,0.593,0.595,169557.9
2023-04-20 12:00:00,0.595,0.602,0.592,0.601,346649.2
2023-04-20 12:30:00,0.602,0.607,0.602,0.603,340084.3
2023-04-20 13:00:00,0.603,0.603,0.598,0.599,406821.3
2023-04-20 13:30:00,0.598,0.604,0.598,0.6,218035.7
2023-04-20 14:00:00,0.6,0.604,0.597,0.597,161996.2
2023-04-20 14:30:00,0.597,0.599,0.594,0.597,211478.7
2023-04-20 15:00:00,0.596,0.597,0.59,0.593,474058.4
2023-04-20 15:30:00,0.592,0.593,0.579,0.581,852449.9
2023-04-20 16:00:00,0.582,0.588,0.572,0.585,787732.5
2023-04-20 16:30:00,0.585,0.585,0.575,0.579,359463.4
2023-04-20 17:00:00,0.578,0.581,0.572,0.581,281611.2
2023-04-20 17:30:00,0.581,0.581,0.574,0.574,143545.0
2023-04-20 18:00:00,0.574,0.579,0.572,0.572,191067.7
2023-04-20 18:30:00,0.572,0.579,0.572,0.578,325273.9
2023-04-20 19:00:00,0.578,0.578,0.573,0.573,114058.9
2023-04-20 19:30:00,0.574,0.58,0.574,0.579,110298.4
2023-04-20 20:00:00,0.579,0.583,0.577,0.58,95541.4
2023-04-20 20:30:00,0.581,0.581,0.579,0.579,33632.5
2023-04-20 21:00:00,0.579,0.581,0.578,0.579,81617.9
2023-04-20 21:30:00,0.579,0.58,0.577,0.58,61081.3
2023-04-20 22:00:00,0.58,0.584,0.579,0.582,161733.1
2023-04-20 22:30:00,0.582,0.582,0.579,0.581,47774.3
2023-04-20 23:00:00,0.581,0.583,0.579,0.581,162563.7
2023-04-20 23:30:00,0.581,0.584,0.581,0.583,101874.9
2023-04-21 00:00:00,0.583,0.587,0.583,0.583,165999.6
2023-04-21 00:30:00,0.583,0.589,0.581,0.587,177380.2
2023-04-21 01:00:00,0.587,0.59,0.585,0.585,118556.6
2023-04-21 01:30:00,0.585,0.585,0.581,0.581,80613.0
2023-04-21 02:00:00,0.582,0.584,0.58,0.581,80649.5
2023-04-21 02:30:00,0.581,0.583,0.579,0.583,104595.9
2023-04-21 03:00:00,0.583,0.585,0.58,0.582,81063.6
2023-04-21 03:30:00,0.583,0.586,0.582,0.586,113732.9
2023-04-21 04:00:00,0.586,0.587,0.585,0.586,99059.2
2023-04-21 04:30:00,0.586,0.587,0.581,0.583,295755.9
2023-04-21 05:00:00,0.584,0.584,0.582,0.583,26585.1
2023-04-21 05:30:00,0.583,0.584,0.581,0.582,76892.5
2023-04-21 06:00:00,0.581,0.584,0.58,0.583,229945.0
2023-04-21 06:30:00,0.583,0.583,0.572,0.575,292312.5
2023-04-21 07:00:00,0.575,0.578,0.574,0.574,87459.0
2023-04-21 07:30:00,0.574,0.583,0.573,0.582,136782.6
2023-04-21 08:00:00,0.583,0.585,0.578,0.578,184790.3
2023-04-21 08:30:00,0.578,0.579,0.575,0.577,208516.9
2023-04-21 09:00:00,0.577,0.577,0.571,0.573,186379.6
2023-04-21 09:30:00,0.572,0.577,0.571,0.574,183002.4
2023-04-21 10:00:00,0.574,0.577,0.573,0.576,73824.8
2023-04-21 10:30:00,0.576,0.576,0.57,0.571,132381.4
2023-04-21 11:00:00,0.571,0.573,0.568,0.572,170148.1
2023-04-21 11:30:00,0.572,0.573,0.57,0.571,98836.5
2023-04-21 12:00:00,0.571,0.573,0.563,0.572,226509.5
2023-04-21 12:30:00,0.572,0.575,0.571,0.574,73495.5
2023-04-21 13:00:00,0.574,0.577,0.572,0.574,83371.6
2023-04-21 13:30:00,0.574,0.579,0.572,0.573,182970.4
2023-04-21 14:00:00,0.573,0.585,0.571,0.585,544085.1
2023-04-21 14:30:00,0.584,0.584,0.576,0.577,178888.9
2023-04-21 15:00:00,0.578,0.58,0.576,0.577,77510.8
2023-04-21 15:30:00,0.577,0.581,0.577,0.579,125614.0
2023-04-21 16:00:00,0.578,0.579,0.571,0.571,174269.5
2023-04-21 16:30:00,0.572,0.574,0.57,0.572,105270.2
2023-04-21 17:00:00,0.572,0.573,0.561,0.564,299963.2
2023-04-21 17:30:00,0.565,0.568,0.564,0.566,68853.9
2023-04-21 18:00:00,0.566,0.567,0.563,0.564,117426.2
2023-04-21 18:30:00,0.565,0.565,0.561,0.563,100327.9
2023-04-21 19:00:00,0.563,0.563,0.541,0.55,944336.2
2023-04-21 19:30:00,0.549,0.552,0.545,0.546,282425.0
2023-04-21 20:00:00,0.545,0.546,0.538,0.543,332882.5
2023-04-21 20:30:00,0.543,0.547,0.542,0.542,229374.0
2023-04-21 21:00:00,0.542,0.545,0.54,0.545,135367.3
2023-04-21 21:30:00,0.545,0.553,0.544,0.55,729712.1
2023-04-21 22:00:00,0.55,0.552,0.547,0.55,101620.1
2023-04-21 22:30:00,0.55,0.555,0.548,0.555,73121.2
2023-04-21 23:00:00,0.553,0.559,0.553,0.558,79253.5
2023-04-21 23:30:00,0.558,0.559,0.556,0.557,46134.2
2023-04-22 00:00:00,0.557,0.558,0.551,0.553,219154.5
2023-04-22 00:30:00,0.553,0.554,0.548,0.549,138974.7
2023-04-22 01:00:00,0.55,0.552,0.546,0.55,194869.4
2023-04-22 01:30:00,0.55,0.555,0.549,0.554,59442.2
2023-04-22 02:00:00,0.554,0.555,0.551,0.553,141747.3
2023-04-22 02:30:00,0.553,0.555,0.552,0.554,96964.2
2023-04-22 03:00:00,0.554,0.556,0.552,0.556,50858.4
2023-04-22 03:30:00,0.556,0.557,0.555,0.556,43286.2
2023-04-22 04:00:00,0.555,0.558,0.554,0.558,144659.5
2023-04-22 04:30:00,0.558,0.567,0.558,0.562,1073270.9
2023-04-22 05:00:00,0.562,0.562,0.559,0.562,157782.6
2023-04-22 05:30:00,0.562,0.572,0.562,0.57,348123.3
2023-04-22 06:00:00,0.57,0.571,0.562,0.562,282940.6
2023-04-22 06:30:00,0.563,0.566,0.562,0.564,68459.6
2023-04-22 07:00:00,0.565,0.567,0.564,0.566,62173.7
2023-04-22 07:30:00,0.567,0.567,0.56,0.56,121401.9
2023-04-22 08:00:00,0.56,0.562,0.558,0.56,185024.8
2023-04-22 08:30:00,0.56,0.562,0.557,0.557,194828.9
2023-04-22 09:00:00,0.557,0.558,0.552,0.556,340631.3
2023-04-22 09:30:00,0.557,0.56,0.556,0.556,122344.6
2023-04-22 10:00:00,0.556,0.559,0.555,0.558,168185.3
2023-04-22 10:30:00,0.558,0.56,0.556,0.559,150278.3
2023-04-22 11:00:00,0.559,0.56,0.558,0.559,37874.9
2023-04-22 11:30:00,0.559,0.561,0.557,0.559,79787.7
2023-04-22 12:00:00,0.559,0.559,0.554,0.555,280320.6
2023-04-22 12:30:00,0.555,0.557,0.551,0.556,325474.8
2023-04-22 13:00:00,0.556,0.558,0.554,0.554,163029.9
2023-04-22 13:30:00,0.554,0.556,0.552,0.555,84720.4
2023-04-22 14:00:00,0.555,0.558,0.554,0.556,61438.0
2023-04-22 14:30:00,0.556,0.562,0.555,0.562,121607.0
2023-04-22 15:00:00,0.562,0.565,0.558,0.563,323524.9
2023-04-22 15:30:00,0.562,0.563,0.558,0.56,155559.5
2023-04-22 16:00:00,0.56,0.567,0.559,0.564,263724.4
2023-04-22 16:30:00,0.564,0.566,0.562,0.562,68763.5
2023-04-22 17:00:00,0.563,0.566,0.562,0.566,79126.7
2023-04-22 17:30:00,0.565,0.566,0.562,0.563,93181.4
2023-04-22 18:00:00,0.564,0.564,0.56,0.56,61036.8
2023-04-22 18:30:00,0.561,0.562,0.559,0.562,62124.9
2023-04-22 19:00:00,0.561,0.569,0.56,0.568,437721.3
2023-04-22 19:30:00,0.568,0.568,0.564,0.566,244540.9
2023-04-22 20:00:00,0.566,0.569,0.564,0.566,112714.4
2023-04-22 20:30:00,0.566,0.57,0.566,0.568,51831.7
2023-04-22 21:00:00,0.568,0.569,0.566,0.569,68980.8
2023-04-22 21:30:00,0.569,0.573,0.569,0.572,76391.1
2023-04-22 22:00:00,0.573,0.574,0.571,0.572,163207.1
2023-04-22 22:30:00,0.573,0.576,0.571,0.573,94744.8
2023-04-22 23:00:00,0.573,0.576,0.573,0.573,103980.4
2023-04-22 23:30:00,0.573,0.579,0.573,0.579,93238.1
2023-04-23 00:00:00,0.578,0.58,0.572,0.573,329098.9
2023-04-23 00:30:00,0.573,0.573,0.566,0.571,426578.1
2023-04-23 01:00:00,0.572,0.575,0.572,0.574,142114.9
2023-04-23 01:30:00,0.574,0.575,0.568,0.571,144387.5
2023-04-23 02:00:00,0.57,0.573,0.568,0.571,123838.8
2023-04-23 02:30:00,0.571,0.573,0.57,0.573,107506.0
2023-04-23 03:00:00,0.573,0.581,0.572,0.58,231489.9
2023-04-23 03:30:00,0.58,0.595,0.58,0.593,833943.0
2023-04-23 04:00:00,0.592,0.592,0.583,0.589,549312.3
2023-04-23 04:30:00,0.589,0.603,0.587,0.594,954599.9
2023-04-23 05:00:00,0.594,0.594,0.589,0.59,250066.2
2023-04-23 05:30:00,0.591,0.596,0.591,0.596,167809.6
2023-04-23 06:00:00,0.595,0.6,0.593,0.596,167118.2
2023-04-23 06:30:00,0.596,0.6,0.589,0.589,643148.4
2023-04-23 07:00:00,0.59,0.594,0.589,0.591,229676.3
2023-04-23 07:30:00,0.592,0.596,0.592,0.594,246622.6
2023-04-23 08:00:00,0.594,0.613,0.594,0.601,1112316.0
2023-04-23 08:30:00,0.601,0.607,0.598,0.604,350315.7
2023-04-23 09:00:00,0.605,0.61,0.602,0.603,354302.9
2023-04-23 09:30:00,0.603,0.609,0.601,0.607,291891.0
2023-04-23 10:00:00,0.607,0.616,0.607,0.608,553701.3
2023-04-23 10:30:00,0.608,0.62,0.606,0.61,793119.7
2023-04-23 11:00:00,0.611,0.621,0.606,0.621,679391.4
2023-04-23 11:30:00,0.621,0.628,0.617,0.623,759349.1
2023-04-23 12:00:00,0.622,0.637,0.621,0.637,1531581.7
2023-04-23 12:30:00,0.638,0.638,0.624,0.624,696103.0
2023-04-23 13:00:00,0.625,0.632,0.619,0.62,903978.2
2023-04-23 13:30:00,0.62,0.628,0.616,0.626,904451.3
2023-04-23 14:00:00,0.626,0.633,0.623,0.631,373163.8
2023-04-23 14:30:00,0.632,0.637,0.625,0.63,527338.8
2023-04-23 15:00:00,0.629,0.632,0.613,0.616,1419032.3
2023-04-23 15:30:00,0.615,0.622,0.61,0.621,874525.5
2023-04-23 16:00:00,0.621,0.625,0.612,0.623,583041.3
2023-04-23 16:30:00,0.623,0.631,0.622,0.625,559922.0
2023-04-23 17:00:00,0.625,0.626,0.615,0.616,531628.8
2023-04-23 17:30:00,0.616,0.619,0.612,0.616,305892.3
2023-04-23 18:00:00,0.616,0.618,0.606,0.607,415794.2
2023-04-23 18:30:00,0.607,0.613,0.599,0.599,718489.3
2023-04-23 19:00:00,0.599,0.604,0.599,0.602,277807.9
2023-04-23 19:30:00,0.603,0.608,0.601,0.603,209263.9
2023-04-23 20:00:00,0.602,0.603,0.599,0.602,409691.1
2023-04-23 20:30:00,0.601,0.604,0.599,0.601,162307.5
2023-04-23 21:00:00,0.601,0.61,0.601,0.605,179338.8
2023-04-23 21:30:00,0.605,0.609,0.603,0.607,158788.8
2023-04-23 22:00:00,0.607,0.613,0.604,0.613,284138.5
2023-04-23 22:30:00,0.612,0.62,0.612,0.616,445941.7
2023-04-23 23:00:00,0.616,0.617,0.613,0.614,225822.8
2023-04-23 23:30:00,0.614,0.615,0.609,0.614,156911.0
2023-04-24 00:00:00,0.614,0.617,0.602,0.603,284430.2
2023-04-24 00:30:00,0.603,0.629,0.602,0.622,792773.9
2023-04-24 01:00:00,0.622,0.627,0.615,0.617,426583.5
2023-04-24 01:30:00,0.617,0.633,0.614,0.624,566752.6
2023-04-24 02:00:00,0.625,0.626,0.616,0.616,212376.8
2023-04-24 02:30:00,0.617,0.621,0.616,0.619,208383.7
2023-04-24 03:00:00,0.619,0.62,0.608,0.609,420020.3
2023-04-24 03:30:00,0.61,0.614,0.609,0.612,282645.6
2023-04-24 04:00:00,0.613,0.613,0.605,0.606,331999.5
2023-04-24 04:30:00,0.607,0.612,0.603,0.604,366680.0
2023-04-24 05:00:00,0.604,0.61,0.603,0.605,159500.9
2023-04-24 05:30:00,0.605,0.608,0.591,0.592,1034753.9
2023-04-24 06:00:00,0.592,0.597,0.588,0.592,744692.4
2023-04-24 06:30:00,0.592,0.598,0.587,0.596,554315.0
2023-04-24 07:00:00,0.595,0.602,0.594,0.598,655138.0
2023-04-24 07:30:00,0.598,0.599,0.592,0.593,234611.0
2023-04-24 08:00:00,0.593,0.598,0.592,0.593,207467.7
2023-04-24 08:30:00,0.593,0.596,0.589,0.596,303503.4
2023-04-24 09:00:00,0.595,0.625,0.595,0.621,1387919.3
2023-04-24 09:30:00,0.621,0.628,0.62,0.626,996152.3
2023-04-24 10:00:00,0.626,0.665,0.626,0.634,2376307.6
2023-04-24 10:30:00,0.634,0.645,0.632,0.636,864355.1
2023-04-24 11:00:00,0.637,0.643,0.634,0.634,679186.2
2023-04-24 11:30:00,0.634,0.639,0.623,0.629,1086020.5
2023-04-24 12:00:00,0.628,0.637,0.628,0.636,489065.2
2023-04-24 12:30:00,0.635,0.643,0.63,0.637,425840.3
2023-04-24 13:00:00,0.637,0.649,0.637,0.644,627681.8
2023-04-24 13:30:00,0.645,0.664,0.644,0.654,1620022.9
2023-04-24 14:00:00,0.654,0.659,0.644,0.646,816141.7
2023-04-24 14:30:00,0.646,0.648,0.64,0.645,418523.9
2023-04-24 15:00:00,0.645,0.655,0.643,0.645,489112.0
2023-04-24 15:30:00,0.644,0.65,0.642,0.644,873118.4
2023-04-24 16:00:00,0.644,0.657,0.644,0.652,499207.2
2023-04-24 16:30:00,0.651,0.656,0.644,0.646,471040.6
2023-04-24 17:00:00,0.646,0.658,0.641,0.656,651078.4
2023-04-24 17:30:00,0.657,0.662,0.653,0.66,528780.4
2023-04-24 18:00:00,0.66,0.661,0.652,0.653,407393.5
2023-04-24 18:30:00,0.653,0.658,0.651,0.657,197229.0
2023-04-24 19:00:00,0.657,0.659,0.652,0.654,236395.5
2023-04-24 19:30:00,0.654,0.678,0.653,0.664,1108171.7
2023-04-24 20:00:00,0.664,0.665,0.656,0.656,700862.9
2023-04-24 20:30:00,0.656,0.66,0.654,0.66,266575.4
2023-04-24 21:00:00,0.659,0.661,0.655,0.658,213859.7
2023-04-24 21:30:00,0.658,0.658,0.655,0.656,119542.2
2023-04-24 22:00:00,0.655,0.656,0.65,0.652,199024.4
2023-04-24 22:30:00,0.653,0.657,0.652,0.654,126631.5
2023-04-24 23:00:00,0.653,0.656,0.652,0.655,133373.5
2023-04-24 23:30:00,0.655,0.663,0.654,0.66,462258.9
2023-04-25 00:00:00,0.66,0.664,0.648,0.65,986321.4
2023-04-25 00:30:00,0.651,0.653,0.647,0.647,373420.7
2023-04-25 01:00:00,0.648,0.652,0.647,0.649,184755.0
2023-04-25 01:30:00,0.649,0.652,0.646,0.651,290511.5
2023-04-25 02:00:00,0.651,0.659,0.65,0.657,269354.6
2023-04-25 02:30:00,0.656,0.656,0.652,0.654,192434.3
2023-04-25 03:00:00,0.654,0.657,0.65,0.656,156345.7
2023-04-25 03:30:00,0.656,0.665,0.651,0.653,487507.0
2023-04-25 04:00:00,0.652,0.657,0.648,0.652,356823.8
2023-04-25 04:30:00,0.652,0.658,0.651,0.654,248902.1
2023-04-25 05:00:00,0.654,0.655,0.645,0.649,392671.4
2023-04-25 05:30:00,0.648,0.656,0.648,0.654,291181.1
2023-04-25 06:00:00,0.655,0.662,0.655,0.659,507652.7
2023-04-25 06:30:00,0.659,0.674,0.659,0.663,1010905.6
2023-04-25 07:00:00,0.662,0.664,0.653,0.656,495316.1
2023-04-25 07:30:00,0.655,0.656,0.647,0.651,480307.3
2023-04-25 08:00:00,0.651,0.659,0.65,0.659,420360.8
2023-04-25 08:30:00,0.659,0.664,0.657,0.663,434136.0
2023-04-25 09:00:00,0.663,0.668,0.662,0.664,470357.1
2023-04-25 09:30:00,0.665,0.669,0.661,0.665,399766.5
2023-04-25 10:00:00,0.664,0.665,0.659,0.659,336513.9
2023-04-25 10:30:00,0.659,0.663,0.657,0.659,227141.0
2023-04-25 11:00:00,0.659,0.668,0.658,0.665,277167.3
2023-04-25 11:30:00,0.665,0.668,0.663,0.663,165107.1
2023-04-25 12:00:00,0.663,0.667,0.66,0.665,221781.3
2023-04-25 12:30:00,0.664,0.681,0.662,0.67,785309.8
2023-04-25 13:00:00,0.669,0.674,0.66,0.661,672200.1
2023-04-25 13:30:00,0.66,0.662,0.651,0.652,871547.6
2023-04-25 14:00:00,0.653,0.654,0.644,0.647,799410.1
2023-04-25 14:30:00,0.648,0.652,0.641,0.641,757483.6
2023-04-25 15:00:00,0.641,0.645,0.638,0.64,561640.5
2023-04-25 15:30:00,0.639,0.646,0.638,0.643,1210335.9
2023-04-25 16:00:00,0.643,0.643,0.634,0.637,1217284.8
2023-04-25 16:30:00,0.637,0.64,0.633,0.635,312823.6
2023-04-25 17:00:00,0.634,0.634,0.625,0.632,846333.0
2023-04-25 17:30:00,0.631,0.636,0.629,0.631,227379.0
2023-04-25 18:00:00,0.631,0.631,0.625,0.63,270309.0
2023-04-25 18:30:00,0.63,0.63,0.622,0.623,256214.5
2023-04-25 19:00:00,0.624,0.624,0.621,0.622,136359.7
2023-04-25 19:30:00,0.622,0.626,0.622,0.626,190167.0
2023-04-25 20:00:00,0.625,0.632,0.624,0.628,211169.9
2023-04-25 20:30:00,0.627,0.631,0.625,0.627,146414.6
2023-04-25 21:00:00,0.628,0.633,0.628,0.63,464762.6
2023-04-25 21:30:00,0.63,0.636,0.626,0.636,208257.6
2023-04-25 22:00:00,0.636,0.637,0.627,0.634,208385.9
2023-04-25 22:30:00,0.634,0.637,0.632,0.637,258026.2
2023-04-25 23:00:00,0.637,0.639,0.635,0.639,158427.3
2023-04-25 23:30:00,0.638,0.644,0.638,0.642,221694.9
2023-04-26 00:00:00,0.642,0.652,0.639,0.65,703781.2
2023-04-26 00:30:00,0.651,0.658,0.648,0.654,371265.0
2023-04-26 01:00:00,0.654,0.66,0.652,0.655,223968.3
2023-04-26 01:30:00,0.655,0.66,0.65,0.651,514141.2
2023-04-26 02:00:00,0.652,0.652,0.638,0.639,531221.5
2023-04-26 02:30:00,0.64,0.641,0.631,0.636,549968.5
2023-04-26 03:00:00,0.636,0.637,0.628,0.63,360513.5
2023-04-26 03:30:00,0.63,0.63,0.625,0.626,221946.7
2023-04-26 04:00:00,0.626,0.629,0.624,0.626,312020.7
2023-04-26 04:30:00,0.626,0.629,0.622,0.623,340610.7
2023-04-26 05:00:00,0.623,0.627,0.623,0.627,184863.3
2023-04-26 05:30:00,0.627,0.632,0.625,0.632,420897.6
2023-04-26 06:00:00,0.631,0.632,0.622,0.624,398326.6
2023-04-26 06:30:00,0.623,0.625,0.622,0.624,149641.4
2023-04-26 07:00:00,0.624,0.624,0.616,0.62,419379.0
2023-04-26 07:30:00,0.62,0.627,0.62,0.626,201008.4
2023-04-26 08:00:00,0.626,0.63,0.623,0.63,404381.9
2023-04-26 08:30:00,0.63,0.631,0.625,0.631,329188.0
2023-04-26 09:00:00,0.631,0.632,0.626,0.627,257794.2
2023-04-26 09:30:00,0.627,0.63,0.626,0.63,184449.1
2023-04-26 10:00:00,0.63,0.63,0.625,0.628,222391.8
2023-04-26 10:30:00,0.628,0.636,0.628,0.629,396944.6
2023-04-26 11:00:00,0.629,0.634,0.628,0.629,404904.4
2023-04-26 11:30:00,0.629,0.635,0.629,0.635,202929.6
2023-04-26 12:00:00,0.634,0.642,0.634,0.641,612126.2
2023-04-26 12:30:00,0.641,0.65,0.637,0.64,674095.0
2023-04-26 13:00:00,0.639,0.646,0.637,0.646,481796.7
2023-04-26 13:30:00,0.646,0.651,0.641,0.65,417181.8
2023-04-26 14:00:00,0.65,0.655,0.637,0.642,783728.1
2023-04-26 14:30:00,0.643,0.653,0.64,0.652,465898.9
2023-04-26 15:00:00,0.652,0.659,0.649,0.651,666685.4
2023-04-26 15:30:00,0.651,0.653,0.649,0.651,327582.4
2023-04-26 16:00:00,0.652,0.657,0.65,0.656,262172.6
2023-04-26 16:30:00,0.656,0.659,0.653,0.656,259026.1
2023-04-26 17:00:00,0.656,0.657,0.651,0.654,142710.2
2023-04-26 17:30:00,0.653,0.654,0.646,0.648,174749.0
2023-04-26 18:00:00,0.648,0.652,0.646,0.652,115490.5
2023-04-26 18:30:00,0.652,0.653,0.651,0.653,67191.1
2023-04-26 19:00:00,0.653,0.653,0.642,0.643,152059.8
2023-04-26 19:30:00,0.643,0.645,0.616,0.625,947981.4
2023-04-26 20:00:00,0.625,0.625,0.596,0.614,1048575.4
2023-04-26 20:30:00,0.614,0.632,0.614,0.631,402429.5
2023-04-26 21:00:00,0.631,0.634,0.625,0.632,231947.7
2023-04-26 21:30:00,0.633,0.634,0.622,0.624,802610.3
2023-04-26 22:00:00,0.625,0.625,0.613,0.615,311956.7
2023-04-26 22:30:00,0.615,0.615,0.603,0.608,792008.0
2023-04-26 23:00:00,0.609,0.613,0.608,0.611,155746.9
2023-04-26 23:30:00,0.611,0.614,0.608,0.612,388387.9
2023-04-27 00:00:00,0.612,0.633,0.61,0.629,639809.3
2023-04-27 00:30:00,0.629,0.631,0.62,0.625,236619.5
2023-04-27 01:00:00,0.625,0.628,0.613,0.619,227200.9
2023-04-27 01:30:00,0.619,0.62,0.613,0.616,167361.8
2023-04-27 02:00:00,0.616,0.621,0.615,0.616,214648.1
2023-04-27 02:30:00,0.616,0.618,0.615,0.617,67940.0
2023-04-27 03:00:00,0.616,0.617,0.61,0.613,189616.7
2023-04-27 03:30:00,0.612,0.613,0.609,0.61,207389.8
2023-04-27 04:00:00,0.61,0.616,0.609,0.614,392349.7
2023-04-27 04:30:00,0.615,0.621,0.614,0.621,95800.3
2023-04-27 05:00:00,0.621,0.621,0.617,0.62,162501.4
2023-04-27 05:30:00,0.62,0.622,0.617,0.617,127213.3
2023-04-27 06:00:00,0.617,0.618,0.611,0.611,140142.3
2023-04-27 06:30:00,0.612,0.613,0.603,0.611,320786.1
2023-04-27 07:00:00,0.609,0.61,0.607,0.608,103494.3
2023-04-27 07:30:00,0.608,0.609,0.6,0.604,1060917.6
2023-04-27 08:00:00,0.604,0.604,0.596,0.601,721100.3
2023-04-27 08:30:00,0.601,0.603,0.597,0.597,133275.2
2023-04-27 09:00:00,0.597,0.6,0.595,0.596,199057.5
2023-04-27 09:30:00,0.596,0.6,0.596,0.596,115834.8
2023-04-27 10:00:00,0.596,0.597,0.593,0.595,106442.8
2023-04-27 10:30:00,0.595,0.598,0.594,0.595,172201.0
2023-04-27 11:00:00,0.596,0.599,0.595,0.596,254819.5
2023-04-27 11:30:00,0.596,0.597,0.588,0.593,485284.5
2023-04-27 12:00:00,0.593,0.597,0.592,0.595,177180.5
2023-04-27 12:30:00,0.594,0.6,0.589,0.599,464277.0
2023-04-27 13:00:00,0.599,0.608,0.598,0.607,454772.9
2023-04-27 13:30:00,0.606,0.608,0.603,0.603,169959.2
2023-04-27 14:00:00,0.603,0.606,0.6,0.6,165889.3
2023-04-27 14:30:00,0.6,0.602,0.598,0.599,151473.0
2023-04-27 15:00:00,0.599,0.61,0.599,0.606,265910.1
2023-04-27 15:30:00,0.606,0.607,0.596,0.602,263463.1
2023-04-27 16:00:00,0.602,0.604,0.599,0.603,114101.5
2023-04-27 16:30:00,0.603,0.608,0.603,0.608,277383.8
2023-04-27 17:00:00,0.607,0.612,0.606,0.61,278494.3
2023-04-27 17:30:00,0.61,0.614,0.61,0.61,131499.4
2023-04-27 18:00:00,0.61,0.614,0.609,0.612,161067.5
2023-04-27 18:30:00,0.612,0.615,0.61,0.61,127977.5
2023-04-27 19:00:00,0.611,0.613,0.606,0.612,259483.6
2023-04-27 19:30:00,0.612,0.618,0.611,0.615,143954.5
2023-04-27 20:00:00,0.615,0.618,0.612,0.616,120249.2
2023-04-27 20:30:00,0.616,0.621,0.615,0.621,158051.7
2023-04-27 21:00:00,0.62,0.622,0.616,0.618,225200.5
2023-04-27 21:30:00,0.618,0.618,0.613,0.615,80822.0
2023-04-27 22:00:00,0.615,0.619,0.613,0.615,269895.9
2023-04-27 22:30:00,0.615,0.617,0.607,0.611,158443.4
2023-04-27 23:00:00,0.612,0.616,0.611,0.615,64870.9
2023-04-27 23:30:00,0.615,0.617,0.613,0.614,95341.2
2023-04-28 00:00:00,0.614,0.615,0.608,0.61,125122.8
2023-04-28 00:30:00,0.61,0.613,0.608,0.613,221126.4
2023-04-28 01:00:00,0.612,0.613,0.607,0.608,110380.2
2023-04-28 01:30:00,0.608,0.612,0.606,0.61,74668.9
2023-04-28 02:00:00,0.611,0.612,0.603,0.605,76902.9
2023-04-28 02:30:00,0.604,0.607,0.604,0.605,73170.0
2023-04-28 03:00:00,0.605,0.607,0.604,0.605,42682.9
2023-04-28 03:30:00,0.605,0.608,0.604,0.607,59066.9
2023-04-28 04:00:00,0.607,0.609,0.606,0.608,63152.8
2023-04-28 04:30:00,0.608,0.608,0.604,0.605,42412.1
2023-04-28 05:00:00,0.604,0.604,0.601,0.603,96919.1
2023-04-28 05:30:00,0.602,0.605,0.601,0.602,82985.9
2023-04-28 06:00:00,0.602,0.605,0.6,0.604,207899.4
2023-04-28 06:30:00,0.604,0.606,0.602,0.606,67459.6
2023-04-28 07:00:00,0.606,0.609,0.605,0.607,62229.4
2023-04-28 07:30:00,0.607,0.609,0.606,0.608,115722.8
2023-04-28 08:00:00,0.609,0.609,0.601,0.603,136911.7
2023-04-28 08:30:00,0.603,0.604,0.596,0.601,253789.3
2023-04-28 09:00:00,0.601,0.603,0.598,0.601,94546.4
2023-04-28 09:30:00,0.6,0.603,0.6,0.601,69381.9
2023-04-28 10:00:00,0.6,0.606,0.599,0.605,286756.7
2023-04-28 10:30:00,0.605,0.607,0.603,0.605,68569.2
2023-04-28 11:00:00,0.604,0.608,0.603,0.608,150642.8
2023-04-28 11:30:00,0.607,0.61,0.606,0.608,159724.0
2023-04-28 12:00:00,0.608,0.611,0.606,0.608,225481.5
2023-04-28 12:30:00,0.608,0.609,0.599,0.599,284800.0
2023-04-28 13:00:00,0.599,0.603,0.599,0.602,60687.7
2023-04-28 13:30:00,0.602,0.603,0.589,0.593,848316.3
2023-04-28 14:00:00,0.593,0.597,0.591,0.594,204225.2
2023-04-28 14:30:00,0.594,0.594,0.586,0.589,377725.1
2023-04-28 15:00:00,0.589,0.59,0.584,0.589,143252.0
2023-04-28 15:30:00,0.589,0.592,0.587,0.592,132263.0
2023-04-28 16:00:00,0.592,0.593,0.587,0.588,131869.0
2023-04-28 16:30:00,0.588,0.589,0.586,0.588,103226.8
2023-04-28 17:00:00,0.589,0.589,0.584,0.587,150497.9
2023-04-28 17:30:00,0.586,0.587,0.584,0.585,114187.9
2023-04-28 18:00:00,0.585,0.586,0.583,0.585,85885.9
2023-04-28 18:30:00,0.585,0.588,0.583,0.588,98880.5
2023-04-28 19:00:00,0.588,0.593,0.588,0.591,131014.1
2023-04-28 19:30:00,0.591,0.593,0.59,0.591,105196.5
2023-04-28 20:00:00,0.59,0.592,0.587,0.588,145975.5
2023-04-28 20:30:00,0.589,0.59,0.587,0.589,61410.3
2023-04-28 21:00:00,0.588,0.591,0.588,0.591,38620.8
2023-04-28 21:30:00,0.591,0.591,0.588,0.589,66656.6
2023-04-28 22:00:00,0.589,0.591,0.589,0.591,37427.3
2023-04-28 22:30:00,0.591,0.593,0.59,0.591,54401.7
2023-04-28 23:00:00,0.59,0.591,0.587,0.589,60936.9
2023-04-28 23:30:00,0.589,0.59,0.587,0.588,126903.0
2023-04-29 00:00:00,0.588,0.588,0.585,0.587,64447.6
2023-04-29 00:30:00,0.587,0.588,0.584,0.585,122071.5
2023-04-29 01:00:00,0.584,0.588,0.583,0.588,115868.5
2023-04-29 01:30:00,0.587,0.597,0.585,0.597,623989.2
2023-04-29 02:00:00,0.596,0.599,0.594,0.595,264824.8
2023-04-29 02:30:00,0.595,0.599,0.595,0.598,246994.6
2023-04-29 03:00:00,0.598,0.603,0.598,0.6,281513.4
2023-04-29 03:30:00,0.6,0.602,0.599,0.599,53319.3
2023-04-29 04:00:00,0.599,0.6,0.598,0.6,53092.3
2023-04-29 04:30:00,0.599,0.601,0.598,0.6,69483.8
2023-04-29 05:00:00,0.6,0.601,0.596,0.597,91501.4
2023-04-29 05:30:00,0.597,0.597,0.592,0.595,135164.6
2023-04-29 06:00:00,0.595,0.597,0.594,0.594,31208.0
2023-04-29 06:30:00,0.594,0.594,0.591,0.591,88065.0
2023-04-29 07:00:00,0.591,0.595,0.59,0.594,152843.3
2023-04-29 07:30:00,0.594,0.594,0.593,0.594,58995.0
2023-04-29 08:00:00,0.594,0.597,0.588,0.589,165480.1
2023-04-29 08:30:00,0.589,0.591,0.587,0.59,209147.1
2023-04-29 09:00:00,0.59,0.591,0.588,0.59,98115.0
2023-04-29 09:30:00,0.59,0.592,0.589,0.591,96654.5
2023-04-29 10:00:00,0.591,0.593,0.59,0.591,71177.0
2023-04-29 10:30:00,0.592,0.593,0.592,0.593,78766.8
2023-04-29 11:00:00,0.593,0.594,0.591,0.593,25510.8
2023-04-29 11:30:00,0.593,0.595,0.591,0.595,91168.4
2023-04-29 12:00:00,0.595,0.596,0.594,0.595,37251.8
2023-04-29 12:30:00,0.595,0.597,0.594,0.595,53864.4
2023-04-29 13:00:00,0.595,0.597,0.594,0.596,163415.6
2023-04-29 13:30:00,0.597,0.598,0.594,0.596,94464.6
2023-04-29 14:00:00,0.597,0.599,0.596,0.598,85919.2
2023-04-29 14:30:00,0.597,0.599,0.596,0.598,86343.6
2023-04-29 15:00:00,0.598,0.598,0.593,0.594,77490.4
2023-04-29 15:30:00,0.594,0.595,0.59,0.592,160925.0
2023-04-29 16:00:00,0.592,0.593,0.59,0.59,79765.1
2023-04-29 16:30:00,0.591,0.595,0.59,0.594,131813.8
2023-04-29 17:00:00,0.594,0.595,0.593,0.593,23293.6
2023-04-29 17:30:00,0.593,0.593,0.584,0.59,271665.1
2023-04-29 18:00:00,0.59,0.592,0.59,0.59,31708.9
2023-04-29 18:30:00,0.59,0.591,0.589,0.59,25726.6
2023-04-29 19:00:00,0.591,0.595,0.591,0.594,63490.1
2023-04-29 19:30:00,0.594,0.596,0.594,0.594,100816.8
2023-04-29 20:00:00,0.594,0.598,0.594,0.597,83459.5
2023-04-29 20:30:00,0.598,0.6,0.597,0.597,86405.0
2023-04-29 21:00:00,0.598,0.601,0.598,0.6,53624.2
2023-04-29 21:30:00,0.6,0.6,0.597,0.6,48689.5
2023-04-29 22:00:00,0.599,0.6,0.597,0.599,28636.3
2023-04-29 22:30:00,0.599,0.601,0.599,0.6,70756.8
2023-04-29 23:00:00,0.599,0.6,0.596,0.599,42768.9
2023-04-29 23:30:00,0.599,0.601,0.598,0.6,44242.1
2023-04-30 00:00:00,0.6,0.601,0.596,0.598,47632.3
2023-04-30 00:30:00,0.598,0.598,0.594,0.594,34196.4
2023-04-30 01:00:00,0.594,0.595,0.59,0.59,83374.7
2023-04-30 01:30:00,0.589,0.59,0.586,0.586,133965.3
2023-04-30 02:00:00,0.587,0.588,0.586,0.586,50876.4
2023-04-30 02:30:00,0.586,0.588,0.586,0.587,33667.9
2023-04-30 03:00:00,0.587,0.588,0.586,0.587,24825.1
2023-04-30 03:30:00,0.586,0.588,0.585,0.586,152446.5
2023-04-30 04:00:00,0.586,0.589,0.586,0.589,91900.6
2023-04-30 04:30:00,0.588,0.592,0.588,0.592,36334.9
2023-04-30 05:00:00,0.591,0.596,0.591,0.594,112144.8
2023-04-30 05:30:00,0.595,0.598,0.595,0.598,61252.4
2023-04-30 06:00:00,0.597,0.6,0.596,0.598,70226.2
2023-04-30 06:30:00,0.598,0.599,0.596,0.598,78542.7
2023-04-30 07:00:00,0.598,0.599,0.596,0.597,105806.0
2023-04-30 07:30:00,0.597,0.6,0.596,0.6,44040.3
2023-04-30 08:00:00,0.599,0.6,0.596,0.6,98410.6
2023-04-30 08:30:00,0.599,0.6,0.594,0.595,70162.7
2023-04-30 09:00:00,0.595,0.596,0.592,0.593,59177.0
2023-04-30 09:30:00,0.593,0.594,0.591,0.593,29061.6
2023-04-30 10:00:00,0.593,0.595,0.592,0.593,62966.0
2023-04-30 10:30:00,0.592,0.593,0.589,0.591,40298.6
2023-04-30 11:00:00,0.591,0.591,0.588,0.59,79727.0
2023-04-30 11:30:00,0.589,0.591,0.588,0.589,56881.6
2023-04-30 12:00:00,0.589,0.589,0.586,0.587,99007.5
2023-04-30 12:30:00,0.588,0.588,0.586,0.587,44412.7
2023-04-30 13:00:00,0.587,0.59,0.586,0.59,155796.1
2023-04-30 13:30:00,0.589,0.591,0.587,0.59,46748.0
2023-04-30 14:00:00,0.59,0.591,0.59,0.591,21810.9
2023-04-30 14:30:00,0.59,0.596,0.59,0.594,140133.8
2023-04-30 15:00:00,0.594,0.6,0.593,0.598,256009.4
2023-04-30 15:30:00,0.598,0.6,0.589,0.594,230113.9
2023-04-30 16:00:00,0.595,0.598,0.594,0.594,79864.9
2023-04-30 16:30:00,0.594,0.598,0.594,0.596,64597.1
2023-04-30 17:00:00,0.597,0.597,0.593,0.595,71473.0
2023-04-30 17:30:00,0.594,0.594,0.59,0.591,96230.6
2023-04-30 18:00:00,0.591,0.592,0.589,0.592,86319.9
2023-04-30 18:30:00,0.592,0.592,0.59,0.592,15962.1
2023-04-30 19:00:00,0.591,0.593,0.585,0.589,160583.0
2023-04-30 19:30:00,0.588,0.589,0.586,0.588,77064.0
2023-04-30 20:00:00,0.588,0.588,0.571,0.576,816724.8
2023-04-30 20:30:00,0.575,0.578,0.574,0.577,127984.0
2023-04-30 21:00:00,0.577,0.581,0.576,0.581,129592.0
2023-04-30 21:30:00,0.58,0.581,0.578,0.581,56351.3
2023-04-30 22:00:00,0.581,0.582,0.58,0.581,35215.5
2023-04-30 22:30:00,0.582,0.585,0.582,0.585,27207.8
2023-04-30 23:00:00,0.585,0.589,0.583,0.589,90538.6
2023-04-30 23:30:00,0.589,0.591,0.584,0.585,152984.7
2023-05-01 00:00:00,0.586,0.587,0.583,0.585,104833.0
2023-05-01 00:30:00,0.585,0.585,0.581,0.582,33267.3
2023-05-01 01:00:00,0.582,0.582,0.579,0.579,92966.0
2023-05-01 01:30:00,0.58,0.58,0.562,0.567,658550.9
2023-05-01 02:00:00,0.567,0.573,0.566,0.57,185111.0
2023-05-01 02:30:00,0.57,0.574,0.57,0.573,52306.4
2023-05-01 03:00:00,0.572,0.577,0.572,0.576,93995.1
2023-05-01 03:30:00,0.577,0.58,0.575,0.578,62010.2
2023-05-01 04:00:00,0.578,0.582,0.578,0.58,143986.6
2023-05-01 04:30:00,0.58,0.584,0.579,0.584,115658.2
2023-05-01 05:00:00,0.583,0.589,0.583,0.586,97091.6
2023-05-01 05:30:00,0.586,0.587,0.58,0.586,175996.9
2023-05-01 06:00:00,0.587,0.589,0.587,0.588,88345.3
2023-05-01 06:30:00,0.588,0.588,0.586,0.587,38587.6
2023-05-01 07:00:00,0.587,0.59,0.586,0.586,64469.1
2023-05-01 07:30:00,0.586,0.586,0.574,0.58,441666.3
2023-05-01 08:00:00,0.58,0.58,0.574,0.576,168367.9
2023-05-01 08:30:00,0.575,0.576,0.571,0.573,177477.3
2023-05-01 09:00:00,0.573,0.575,0.57,0.573,183485.8
2023-05-01 09:30:00,0.574,0.574,0.571,0.573,75938.0
2023-05-01 10:00:00,0.573,0.576,0.572,0.575,144686.5
2023-05-01 10:30:00,0.575,0.575,0.572,0.573,78434.7
2023-05-01 11:00:00,0.573,0.577,0.573,0.575,71977.8
2023-05-01 11:30:00,0.576,0.58,0.575,0.578,112558.0
2023-05-01 12:00:00,0.578,0.584,0.578,0.584,125969.2
2023-05-01 12:30:00,0.583,0.585,0.58,0.58,148483.2
2023-05-01 13:00:00,0.58,0.58,0.575,0.579,158805.3
2023-05-01 13:30:00,0.579,0.581,0.575,0.576,129607.1
2023-05-01 14:00:00,0.575,0.579,0.572,0.577,171735.0
2023-05-01 14:30:00,0.578,0.581,0.576,0.579,98150.2
2023-05-01 15:00:00,0.579,0.58,0.575,0.576,188553.5
2023-05-01 15:30:00,0.576,0.578,0.575,0.576,112663.6
2023-05-01 16:00:00,0.576,0.576,0.568,0.571,184703.8
2023-05-01 16:30:00,0.571,0.577,0.571,0.577,139732.9
2023-05-01 17:00:00,0.576,0.577,0.572,0.572,77453.9
2023-05-01 17:30:00,0.572,0.573,0.571,0.572,98138.4
2023-05-01 18:00:00,0.572,0.574,0.568,0.57,86361.0
2023-05-01 18:30:00,0.57,0.57,0.566,0.567,112657.2
2023-05-01 19:00:00,0.567,0.568,0.561,0.568,220397.1
2023-05-01 19:30:00,0.568,0.568,0.564,0.565,81308.2
2023-05-01 20:00:00,0.565,0.567,0.563,0.565,67526.9
2023-05-01 20:30:00,0.565,0.567,0.565,0.565,44498.7
2023-05-01 21:00:00,0.565,0.572,0.565,0.572,95886.7
2023-05-01 21:30:00,0.572,0.576,0.572,0.573,125456.0
2023-05-01 22:00:00,0.574,0.577,0.573,0.574,104117.8
2023-05-01 22:30:00,0.575,0.58,0.575,0.576,195756.8
2023-05-01 23:00:00,0.576,0.581,0.576,0.579,79631.9
2023-05-01 23:30:00,0.579,0.58,0.576,0.576,89476.3
2023-05-02 00:00:00,0.577,0.579,0.574,0.577,120693.9
2023-05-02 00:30:00,0.576,0.577,0.575,0.575,39893.3
2023-05-02 01:00:00,0.575,0.575,0.573,0.573,45662.8
2023-05-02 01:30:00,0.574,0.575,0.57,0.572,77959.0
2023-05-02 02:00:00,0.571,0.574,0.571,0.572,41829.3
2023-05-02 02:30:00,0.572,0.575,0.572,0.575,35021.5
2023-05-02 03:00:00,0.575,0.575,0.571,0.572,47322.4
2023-05-02 03:30:00,0.572,0.577,0.571,0.576,48716.2
2023-05-02 04:00:00,0.576,0.576,0.573,0.573,54929.9
2023-05-02 04:30:00,0.574,0.575,0.573,0.573,7380.9
2023-05-02 05:00:00,0.573,0.574,0.572,0.573,59804.1
2023-05-02 05:30:00,0.572,0.575,0.572,0.575,47378.9
2023-05-02 06:00:00,0.575,0.576,0.574,0.574,34433.1
2023-05-02 06:30:00,0.574,0.577,0.574,0.576,56090.9
2023-05-02 07:00:00,0.576,0.58,0.576,0.578,83740.3
2023-05-02 07:30:00,0.578,0.58,0.576,0.579,54552.0
2023-05-02 08:00:00,0.579,0.58,0.578,0.579,49407.7
2023-05-02 08:30:00,0.579,0.581,0.578,0.578,101430.1
2023-05-02 09:00:00,0.579,0.58,0.577,0.578,45825.2
2023-05-02 09:30:00,0.577,0.581,0.577,0.58,70642.9
2023-05-02 10:00:00,0.58,0.583,0.579,0.582,89368.5
2023-05-02 10:30:00,0.583,0.597,0.582,0.591,623261.6
2023-05-02 11:00:00,0.591,0.596,0.586,0.594,359887.3
2023-05-02 11:30:00,0.593,0.602,0.591,0.599,440785.1
2023-05-02 12:00:00,0.6,0.606,0.595,0.596,705833.5
2023-05-02 12:30:00,0.596,0.603,0.596,0.6,241553.4
2023-05-02 13:00:00,0.601,0.605,0.598,0.602,282138.8
2023-05-02 13:30:00,0.602,0.603,0.596,0.596,166255.0
2023-05-02 14:00:00,0.597,0.603,0.595,0.602,262783.8
2023-05-02 14:30:00,0.602,0.603,0.596,0.599,259226.3
2023-05-02 15:00:00,0.598,0.6,0.596,0.598,91410.6
2023-05-02 15:30:00,0.599,0.599,0.595,0.595,142541.3
2023-05-02 16:00:00,0.595,0.599,0.595,0.599,76872.2
2023-05-02 16:30:00,0.599,0.6,0.595,0.597,88802.6
2023-05-02 17:00:00,0.597,0.598,0.59,0.592,138635.3
2023-05-02 17:30:00,0.592,0.593,0.587,0.587,172665.0
2023-05-02 18:00:00,0.588,0.591,0.587,0.59,74093.9
2023-05-02 18:30:00,0.59,0.591,0.587,0.589,100798.8
2023-05-02 19:00:00,0.589,0.591,0.587,0.59,111433.4
2023-05-02 19:30:00,0.589,0.59,0.588,0.588,19743.4
2023-05-02 20:00:00,0.588,0.59,0.587,0.589,59005.0
2023-05-02 20:30:00,0.589,0.592,0.589,0.592,102235.5
2023-05-02 21:00:00,0.591,0.593,0.591,0.592,19598.8
2023-05-02 21:30:00,0.592,0.594,0.592,0.594,50239.0
2023-05-02 22:00:00,0.594,0.598,0.594,0.596,108169.7
2023-05-02 22:30:00,0.596,0.596,0.592,0.593,127820.5
2023-05-02 23:00:00,0.593,0.595,0.592,0.593,44200.6
2023-05-02 23:30:00,0.592,0.594,0.592,0.594,33109.4
2023-05-03 00:00:00,0.593,0.593,0.59,0.591,68445.5
2023-05-03 00:30:00,0.59,0.591,0.587,0.588,105425.8
2023-05-03 01:00:00,0.587,0.59,0.587,0.589,41795.2
2023-05-03 01:30:00,0.589,0.59,0.585,0.587,78802.7
2023-05-03 02:00:00,0.586,0.587,0.582,0.584,78811.8
2023-05-03 02:30:00,0.584,0.587,0.584,0.586,31944.6
2023-05-03 03:00:00,0.586,0.587,0.583,0.587,58274.8
2023-05-03 03:30:00,0.586,0.588,0.586,0.588,40539.8
2023-05-03 04:00:00,0.587,0.588,0.584,0.587,62299.7
2023-05-03 04:30:00,0.587,0.589,0.587,0.589,55166.2
2023-05-03 05:00:00,0.589,0.59,0.588,0.589,48067.8
2023-05-03 05:30:00,0.589,0.59,0.585,0.586,55892.5
2023-05-03 06:00:00,0.586,0.589,0.586,0.589,36693.3
2023-05-03 06:30:00,0.589,0.591,0.588,0.589,93630.8
2023-05-03 07:00:00,0.588,0.589,0.584,0.586,124634.4
2023-05-03 07:30:00,0.586,0.586,0.58,0.581,139070.0
2023-05-03 08:00:00,0.581,0.582,0.579,0.582,154815.2
2023-05-03 08:30:00,0.583,0.583,0.58,0.582,102921.0
2023-05-03 09:00:00,0.581,0.581,0.577,0.579,129183.4
2023-05-03 09:30:00,0.578,0.579,0.575,0.578,124048.8
2023-05-03 10:00:00,0.578,0.579,0.575,0.578,62867.1
2023-05-03 10:30:00,0.577,0.58,0.576,0.578,64186.2
2023-05-03 11:00:00,0.578,0.579,0.576,0.578,156787.0
2023-05-03 11:30:00,0.579,0.579,0.571,0.571,173983.8
2023-05-03 12:00:00,0.571,0.572,0.568,0.571,190441.7
2023-05-03 12:30:00,0.571,0.572,0.568,0.57,240255.0
2023-05-03 13:00:00,0.569,0.575,0.568,0.571,199086.8
2023-05-03 13:30:00,0.571,0.574,0.57,0.571,103090.4
2023-05-03 14:00:00,0.57,0.57,0.568,0.568,92369.5
2023-05-03 14:30:00,0.568,0.571,0.567,0.568,128086.7
2023-05-03 15:00:00,0.568,0.57,0.566,0.568,61688.8
2023-05-03 15:30:00,0.568,0.569,0.566,0.568,80960.8
2023-05-03 16:00:00,0.568,0.572,0.567,0.571,105497.5
2023-05-03 16:30:00,0.571,0.571,0.567,0.569,204353.0
2023-05-03 17:00:00,0.568,0.569,0.565,0.568,119366.3
2023-05-03 17:30:00,0.568,0.572,0.566,0.569,250755.2
2023-05-03 18:00:00,0.569,0.576,0.568,0.572,300615.6
2023-05-03 18:30:00,0.573,0.575,0.567,0.573,318842.9
2023-05-03 19:00:00,0.574,0.575,0.569,0.57,105003.9
2023-05-03 19:30:00,0.57,0.571,0.566,0.568,79296.0
2023-05-03 20:00:00,0.567,0.571,0.566,0.57,79940.9
2023-05-03 20:30:00,0.569,0.571,0.566,0.57,90074.2
2023-05-03 21:00:00,0.57,0.58,0.57,0.578,196173.9
2023-05-03 21:30:00,0.578,0.584,0.578,0.582,179856.1
2023-05-03 22:00:00,0.582,0.588,0.582,0.585,155245.0
2023-05-03 22:30:00,0.586,0.592,0.586,0.592,187032.7
2023-05-03 23:00:00,0.592,0.594,0.59,0.592,99133.8
2023-05-03 23:30:00,0.591,0.594,0.59,0.593,91500.7
2023-05-04 00:00:00,0.594,0.594,0.592,0.593,153787.7
2023-05-04 00:30:00,0.593,0.593,0.588,0.59,209560.2
2023-05-04 01:00:00,0.59,0.592,0.589,0.59,132487.3
2023-05-04 01:30:00,0.589,0.59,0.588,0.59,50736.2
2023-05-04 02:00:00,0.59,0.594,0.59,0.59,67196.3
2023-05-04 02:30:00,0.591,0.593,0.59,0.592,53603.9
2023-05-04 03:00:00,0.592,0.592,0.589,0.589,63462.1
2023-05-04 03:30:00,0.589,0.59,0.586,0.588,90667.1
2023-05-04 04:00:00,0.589,0.592,0.589,0.592,54010.7
2023-05-04 04:30:00,0.591,0.592,0.59,0.591,46653.2
2023-05-04 05:00:00,0.591,0.596,0.591,0.594,148746.7
2023-05-04 05:30:00,0.595,0.599,0.594,0.599,89171.1
2023-05-04 06:00:00,0.599,0.599,0.595,0.596,75945.6
2023-05-04 06:30:00,0.596,0.598,0.593,0.597,176998.7
2023-05-04 07:00:00,0.597,0.598,0.595,0.596,85643.0
2023-05-04 07:30:00,0.595,0.595,0.587,0.588,744253.4
2023-05-04 08:00:00,0.589,0.591,0.589,0.59,126900.0
2023-05-04 08:30:00,0.59,0.591,0.589,0.59,42191.7
2023-05-04 09:00:00,0.59,0.59,0.585,0.586,73696.9
2023-05-04 09:30:00,0.586,0.588,0.585,0.586,42785.5
2023-05-04 10:00:00,0.585,0.587,0.585,0.587,158845.9
2023-05-04 10:30:00,0.587,0.59,0.587,0.59,89913.7
2023-05-04 11:00:00,0.589,0.59,0.586,0.586,36948.0
2023-05-04 11:30:00,0.586,0.586,0.583,0.583,50479.9
2023-05-04 12:00:00,0.584,0.589,0.584,0.587,340292.5
2023-05-04 12:30:00,0.587,0.588,0.585,0.585,124959.8
2023-05-04 13:00:00,0.585,0.586,0.578,0.579,383331.5
2023-05-04 13:30:00,0.579,0.58,0.575,0.578,211951.6
2023-05-04 14:00:00,0.577,0.58,0.575,0.578,86922.2
2023-05-04 14:30:00,0.578,0.58,0.576,0.577,80687.3
2023-05-04 15:00:00,0.577,0.58,0.577,0.578,57190.1
2023-05-04 15:30:00,0.577,0.577,0.574,0.575,75041.2
2023-05-04 16:00:00,0.576,0.578,0.573,0.578,89700.1
2023-05-04 16:30:00,0.578,0.579,0.574,0.575,155166.3
2023-05-04 17:00:00,0.575,0.576,0.574,0.574,34106.1
2023-05-04 17:30:00,0.574,0.574,0.571,0.571,180252.4
2023-05-04 18:00:00,0.572,0.574,0.571,0.573,209238.5
2023-05-04 18:30:00,0.572,0.573,0.571,0.573,83330.7
2023-05-04 19:00:00,0.572,0.573,0.57,0.573,74375.8
2023-05-04 19:30:00,0.573,0.575,0.573,0.574,42472.4
2023-05-04 20:00:00,0.575,0.575,0.572,0.574,102646.2
2023-05-04 20:30:00,0.574,0.574,0.572,0.573,74164.2
2023-05-04 21:00:00,0.574,0.576,0.573,0.573,46422.2
2023-05-04 21:30:00,0.574,0.575,0.572,0.575,18465.5
2023-05-04 22:00:00,0.574,0.575,0.574,0.575,46968.1
2023-05-04 22:30:00,0.575,0.576,0.574,0.575,46557.0
2023-05-04 23:00:00,0.575,0.578,0.575,0.578,62005.8
2023-05-04 23:30:00,0.578,0.581,0.578,0.58,65255.0
2023-05-05 00:00:00,0.581,0.581,0.578,0.579,79752.2
2023-05-05 00:30:00,0.579,0.584,0.579,0.582,93938.0
2023-05-05 01:00:00,0.582,0.583,0.578,0.578,96642.3
2023-05-05 01:30:00,0.579,0.586,0.579,0.584,218178.3
2023-05-05 02:00:00,0.584,0.588,0.58,0.581,145416.3
2023-05-05 02:30:00,0.581,0.584,0.581,0.583,67212.9
2023-05-05 03:00:00,0.583,0.584,0.581,0.583,160605.9
2023-05-05 03:30:00,0.583,0.592,0.579,0.591,813075.7
2023-05-05 04:00:00,0.591,0.591,0.588,0.59,133937.5
2023-05-05 04:30:00,0.589,0.591,0.589,0.589,68991.9
2023-05-05 05:00:00,0.59,0.593,0.59,0.592,115717.9
2023-05-05 05:30:00,0.592,0.595,0.592,0.594,90412.2
2023-05-05 06:00:00,0.594,0.595,0.593,0.594,210384.8
2023-05-05 06:30:00,0.594,0.599,0.594,0.597,256808.5
2023-05-05 07:00:00,0.598,0.605,0.598,0.602,418690.7
2023-05-05 07:30:00,0.603,0.604,0.598,0.602,234985.4
2023-05-05 08:00:00,0.603,0.616,0.601,0.61,676640.3
2023-05-05 08:30:00,0.609,0.61,0.604,0.608,277229.2
2023-05-05 09:00:00,0.607,0.61,0.606,0.609,262161.0
2023-05-05 09:30:00,0.61,0.619,0.609,0.617,607423.2
2023-05-05 10:00:00,0.617,0.62,0.612,0.618,487216.2
2023-05-05 10:30:00,0.618,0.619,0.607,0.609,460897.8
2023-05-05 11:00:00,0.609,0.616,0.609,0.615,229375.5
2023-05-05 11:30:00,0.615,0.616,0.61,0.613,332107.7
2023-05-05 12:00:00,0.614,0.619,0.614,0.615,236252.3
2023-05-05 12:30:00,0.615,0.62,0.607,0.616,519977.1
2023-05-05 13:00:00,0.616,0.622,0.615,0.62,189992.6
2023-05-05 13:30:00,0.619,0.625,0.619,0.624,391841.1
2023-05-05 14:00:00,0.624,0.625,0.616,0.618,252541.4
2023-05-05 14:30:00,0.617,0.621,0.616,0.619,349028.7
2023-05-05 15:00:00,0.619,0.622,0.618,0.621,141815.8
2023-05-05 15:30:00,0.621,0.63,0.619,0.622,521697.2
2023-05-05 16:00:00,0.622,0.63,0.619,0.62,490447.2
2023-05-05 16:30:00,0.62,0.621,0.615,0.618,248283.2
2023-05-05 17:00:00,0.618,0.619,0.615,0.617,134565.8
2023-05-05 17:30:00,0.617,0.617,0.614,0.617,122832.3
2023-05-05 18:00:00,0.617,0.617,0.614,0.616,134821.4
2023-05-05 18:30:00,0.615,0.617,0.609,0.613,220280.1
2023-05-05 19:00:00,0.613,0.617,0.612,0.614,232782.4
2023-05-05 19:30:00,0.614,0.614,0.609,0.611,237575.7
2023-05-05 20:00:00,0.612,0.612,0.608,0.611,187867.4
2023-05-05 20:30:00,0.61,0.615,0.61,0.614,79876.3
2023-05-05 21:00:00,0.614,0.625,0.613,0.62,265941.9
2023-05-05 21:30:00,0.621,0.621,0.616,0.62,85572.7
2023-05-05 22:00:00,0.619,0.62,0.616,0.616,52781.2
2023-05-05 22:30:00,0.617,0.621,0.617,0.619,115515.5
2023-05-05 23:00:00,0.618,0.621,0.614,0.616,457498.0
2023-05-05 23:30:00,0.616,0.617,0.614,0.616,129278.4
2023-05-06 00:00:00,0.616,0.616,0.612,0.614,141074.7
2023-05-06 00:30:00,0.614,0.617,0.613,0.615,166918.5
2023-05-06 01:00:00,0.614,0.616,0.611,0.615,207653.9
2023-05-06 01:30:00,0.615,0.616,0.613,0.614,208719.9
2023-05-06 02:00:00,0.614,0.614,0.604,0.607,463550.1
2023-05-06 02:30:00,0.606,0.607,0.602,0.602,150424.1
2023-05-06 03:00:00,0.603,0.604,0.597,0.6,639723.9
2023-05-06 03:30:00,0.6,0.602,0.598,0.599,143666.8
2023-05-06 04:00:00,0.599,0.602,0.598,0.601,107936.1
2023-05-06 04:30:00,0.601,0.608,0.6,0.608,398170.7
2023-05-06 05:00:00,0.607,0.609,0.606,0.606,112028.6
2023-05-06 05:30:00,0.607,0.607,0.6,0.601,131723.9
2023-05-06 06:00:00,0.601,0.603,0.598,0.599,236213.0
2023-05-06 06:30:00,0.599,0.6,0.591,0.592,242230.3
2023-05-06 07:00:00,0.592,0.599,0.591,0.599,259792.6
2023-05-06 07:30:00,0.598,0.598,0.592,0.593,178340.7
2023-05-06 08:00:00,0.593,0.596,0.588,0.595,414039.7
2023-05-06 08:30:00,0.594,0.596,0.592,0.595,159259.8
2023-05-06 09:00:00,0.595,0.597,0.593,0.593,151006.8
2023-05-06 09:30:00,0.593,0.593,0.59,0.59,60622.1
2023-05-06 10:00:00,0.589,0.592,0.589,0.591,132562.3
2023-05-06 10:30:00,0.591,0.595,0.591,0.593,86568.6
2023-05-06 11:00:00,0.593,0.597,0.593,0.597,78684.9
2023-05-06 11:30:00,0.597,0.599,0.596,0.597,74399.6
2023-05-06 12:00:00,0.597,0.599,0.592,0.593,119107.8
2023-05-06 12:30:00,0.594,0.594,0.588,0.591,162164.8
2023-05-06 13:00:00,0.591,0.591,0.584,0.588,276847.4
2023-05-06 13:30:00,0.587,0.593,0.585,0.592,198739.7
2023-05-06 14:00:00,0.592,0.592,0.579,0.583,341408.3
2023-05-06 14:30:00,0.584,0.585,0.578,0.579,152115.1
2023-05-06 15:00:00,0.579,0.585,0.576,0.582,148300.7
2023-05-06 15:30:00,0.582,0.582,0.58,0.581,87139.1
2023-05-06 16:00:00,0.58,0.58,0.575,0.576,184961.4
2023-05-06 16:30:00,0.576,0.576,0.573,0.574,94075.0
2023-05-06 17:00:00,0.574,0.578,0.572,0.578,129214.7
2023-05-06 17:30:00,0.578,0.58,0.578,0.58,52669.5
2023-05-06 18:00:00,0.58,0.583,0.579,0.582,97977.0
2023-05-06 18:30:00,0.582,0.585,0.581,0.582,176658.0
2023-05-06 19:00:00,0.582,0.584,0.578,0.579,145888.4
2023-05-06 19:30:00,0.579,0.579,0.577,0.578,51986.5
2023-05-06 20:00:00,0.578,0.579,0.577,0.578,44117.0
2023-05-06 20:30:00,0.578,0.578,0.575,0.576,23063.6
2023-05-06 21:00:00,0.576,0.577,0.575,0.576,36881.5
2023-05-06 21:30:00,0.576,0.577,0.572,0.577,77803.3
2023-05-06 22:00:00,0.577,0.577,0.573,0.574,140245.3
2023-05-06 22:30:00,0.574,0.575,0.573,0.575,87618.4
2023-05-06 23:00:00,0.575,0.581,0.574,0.581,176409.3
2023-05-06 23:30:00,0.581,0.584,0.579,0.583,67352.3
2023-05-07 00:00:00,0.583,0.583,0.579,0.581,93580.9
2023-05-07 00:30:00,0.581,0.584,0.58,0.583,146960.8
2023-05-07 01:00:00,0.583,0.586,0.58,0.586,190650.5
2023-05-07 01:30:00,0.586,0.59,0.582,0.584,127186.1
2023-05-07 02:00:00,0.585,0.586,0.58,0.581,120071.3
2023-05-07 02:30:00,0.581,0.581,0.574,0.574,163417.6
2023-05-07 03:00:00,0.575,0.576,0.568,0.57,315213.4
2023-05-07 03:30:00,0.569,0.57,0.565,0.567,198268.8
2023-05-07 04:00:00,0.567,0.571,0.567,0.569,116417.0
2023-05-07 04:30:00,0.569,0.572,0.568,0.572,171198.7
2023-05-07 05:00:00,0.571,0.571,0.566,0.567,96783.1
2023-05-07 05:30:00,0.568,0.571,0.567,0.569,138854.5
2023-05-07 06:00:00,0.569,0.569,0.566,0.567,164090.0
2023-05-07 06:30:00,0.566,0.572,0.566,0.571,63817.4
2023-05-07 07:00:00,0.57,0.575,0.57,0.573,133940.5
2023-05-07 07:30:00,0.574,0.577,0.574,0.574,142648.6
2023-05-07 08:00:00,0.574,0.576,0.574,0.575,121249.9
2023-05-07 08:30:00,0.574,0.574,0.57,0.571,126714.3
2023-05-07 09:00:00,0.571,0.571,0.568,0.57,151235.7
2023-05-07 09:30:00,0.569,0.571,0.567,0.568,102145.4
2023-05-07 10:00:00,0.568,0.569,0.566,0.567,119253.5
2023-05-07 10:30:00,0.567,0.569,0.566,0.568,167953.4
2023-05-07 11:00:00,0.568,0.568,0.563,0.565,240600.5
2023-05-07 11:30:00,0.565,0.568,0.564,0.568,108205.4
2023-05-07 12:00:00,0.568,0.57,0.566,0.569,60544.3
2023-05-07 12:30:00,0.57,0.572,0.569,0.572,132170.1
2023-05-07 13:00:00,0.572,0.574,0.571,0.572,64008.6
2023-05-07 13:30:00,0.573,0.575,0.571,0.571,80396.1
2023-05-07 14:00:00,0.572,0.572,0.568,0.57,120468.8
2023-05-07 14:30:00,0.57,0.577,0.569,0.575,201537.7
2023-05-07 15:00:00,0.576,0.576,0.57,0.572,133505.0
2023-05-07 15:30:00,0.571,0.575,0.571,0.572,147470.8
2023-05-07 16:00:00,0.573,0.575,0.57,0.572,82335.6
2023-05-07 16:30:00,0.572,0.573,0.569,0.573,95693.6
2023-05-07 17:00:00,0.574,0.575,0.572,0.572,36884.8
2023-05-07 17:30:00,0.571,0.572,0.569,0.57,108033.0
2023-05-07 18:00:00,0.569,0.57,0.565,0.566,237200.4
2023-05-07 18:30:00,0.566,0.567,0.562,0.563,83384.2
2023-05-07 19:00:00,0.562,0.563,0.559,0.56,306083.5
2023-05-07 19:30:00,0.56,0.56,0.556,0.559,111816.2
2023-05-07 20:00:00,0.559,0.562,0.558,0.561,168965.2
2023-05-07 20:30:00,0.561,0.563,0.56,0.563,57407.2
2023-05-07 21:00:00,0.563,0.565,0.562,0.565,50175.0
2023-05-07 21:30:00,0.565,0.566,0.563,0.563,109778.1
2023-05-07 22:00:00,0.563,0.565,0.56,0.564,129163.7
2023-05-07 22:30:00,0.564,0.569,0.563,0.568,185360.0
2023-05-07 23:00:00,0.567,0.576,0.567,0.574,225175.0
2023-05-07 23:30:00,0.574,0.574,0.565,0.566,204699.8
2023-05-08 00:00:00,0.566,0.574,0.562,0.571,199257.4
2023-05-08 00:30:00,0.571,0.571,0.568,0.569,35552.5
2023-05-08 01:00:00,0.568,0.57,0.563,0.563,145803.3
2023-05-08 01:30:00,0.564,0.567,0.525,0.534,1746119.9
2023-05-08 02:00:00,0.533,0.541,0.529,0.54,521192.7
2023-05-08 02:30:00,0.54,0.54,0.533,0.539,327031.5
2023-05-08 03:00:00,0.538,0.539,0.533,0.534,114853.9
2023-05-08 03:30:00,0.533,0.537,0.532,0.537,211138.4
2023-05-08 04:00:00,0.536,0.538,0.533,0.534,158035.3
2023-05-08 04:30:00,0.533,0.534,0.527,0.529,455956.6
2023-05-08 05:00:00,0.529,0.533,0.528,0.532,185887.5
2023-05-08 05:30:00,0.531,0.533,0.526,0.528,472232.4
2023-05-08 06:00:00,0.528,0.529,0.523,0.526,334696.9
2023-05-08 06:30:00,0.526,0.526,0.511,0.517,1249191.1
2023-05-08 07:00:00,0.517,0.519,0.514,0.517,278435.6
2023-05-08 07:30:00,0.518,0.518,0.511,0.517,402817.2
2023-05-08 08:00:00,0.517,0.518,0.514,0.518,248691.2
2023-05-08 08:30:00,0.517,0.519,0.511,0.514,654279.7
2023-05-08 09:00:00,0.514,0.523,0.514,0.523,577511.9
2023-05-08 09:30:00,0.522,0.524,0.521,0.523,169351.4
2023-05-08 10:00:00,0.523,0.526,0.521,0.523,116532.4
2023-05-08 10:30:00,0.523,0.524,0.521,0.522,86550.4
2023-05-08 11:00:00,0.522,0.523,0.52,0.521,493136.9
2023-05-08 11:30:00,0.52,0.521,0.518,0.519,145033.2
2023-05-08 12:00:00,0.519,0.519,0.514,0.517,229912.3
2023-05-08 12:30:00,0.518,0.519,0.516,0.519,182412.8
2023-05-08 13:00:00,0.518,0.523,0.516,0.522,153147.8
2023-05-08 13:30:00,0.522,0.522,0.518,0.52,86909.7
2023-05-08 14:00:00,0.519,0.521,0.517,0.519,263644.4
2023-05-08 14:30:00,0.519,0.522,0.518,0.521,187662.0
2023-05-08 15:00:00,0.522,0.523,0.518,0.52,173447.5
2023-05-08 15:30:00,0.519,0.52,0.515,0.517,134592.1
2023-05-08 16:00:00,0.517,0.517,0.512,0.515,127413.7
2023-05-08 16:30:00,0.515,0.516,0.514,0.514,161905.9
2023-05-08 17:00:00,0.515,0.515,0.504,0.509,695297.9
2023-05-08 17:30:00,0.509,0.51,0.501,0.501,425123.5
2023-05-08 18:00:00,0.501,0.502,0.469,0.49,2712812.0
2023-05-08 18:30:00,0.489,0.491,0.485,0.487,279590.6
2023-05-08 19:00:00,0.487,0.49,0.485,0.488,244635.1
2023-05-08 19:30:00,0.488,0.488,0.48,0.481,613144.8
2023-05-08 20:00:00,0.481,0.484,0.478,0.483,292910.6
2023-05-08 20:30:00,0.482,0.482,0.477,0.478,216393.0
2023-05-08 21:00:00,0.478,0.479,0.474,0.477,327094.0
2023-05-08 21:30:00,0.477,0.48,0.476,0.478,191961.3
2023-05-08 22:00:00,0.478,0.483,0.478,0.481,63845.0
2023-05-08 22:30:00,0.481,0.481,0.477,0.479,85957.3
2023-05-08 23:00:00,0.479,0.481,0.476,0.481,110129.4
2023-05-08 23:30:00,0.48,0.481,0.477,0.481,251870.2
2023-05-09 00:00:00,0.48,0.481,0.476,0.477,83468.0
2023-05-09 00:30:00,0.477,0.477,0.473,0.475,139853.3
2023-05-09 01:00:00,0.475,0.481,0.474,0.481,146481.6
2023-05-09 01:30:00,0.481,0.484,0.481,0.484,167954.3
2023-05-09 02:00:00,0.484,0.484,0.477,0.478,129268.4
2023-05-09 02:30:00,0.478,0.479,0.475,0.479,116431.3
2023-05-09 03:00:00,0.48,0.481,0.477,0.478,111478.5
2023-05-09 03:30:00,0.478,0.48,0.478,0.48,87615.9
2023-05-09 04:00:00,0.479,0.481,0.477,0.481,134239.6
2023-05-09 04:30:00,0.48,0.485,0.479,0.481,494608.2
2023-05-09 05:00:00,0.481,0.482,0.477,0.479,175263.7
2023-05-09 05:30:00,0.479,0.481,0.477,0.481,66841.3
2023-05-09 06:00:00,0.481,0.481,0.471,0.471,336312.2
2023-05-09 06:30:00,0.472,0.474,0.466,0.473,472978.8
2023-05-09 07:00:00,0.473,0.478,0.473,0.478,149132.6
2023-05-09 07:30:00,0.478,0.481,0.477,0.481,116873.3
2023-05-09 08:00:00,0.481,0.481,0.476,0.478,78081.6
2023-05-09 08:30:00,0.477,0.477,0.469,0.471,420906.5
2023-05-09 09:00:00,0.471,0.473,0.469,0.47,317617.9
2023-05-09 09:30:00,0.471,0.471,0.466,0.471,205677.1
2023-05-09 10:00:00,0.471,0.475,0.47,0.475,110588.1
2023-05-09 10:30:00,0.476,0.477,0.473,0.474,169219.5
2023-05-09 11:00:00,0.475,0.476,0.471,0.474,82266.7
2023-05-09 11:30:00,0.473,0.476,0.472,0.475,150464.6
2023-05-09 12:00:00,0.475,0.478,0.473,0.474,203186.4
2023-05-09 12:30:00,0.474,0.474,0.472,0.473,92645.0
2023-05-09 13:00:00,0.473,0.473,0.468,0.47,249373.8
2023-05-09 13:30:00,0.469,0.471,0.468,0.47,286829.3
2023-05-09 14:00:00,0.469,0.469,0.464,0.467,244772.8
2023-05-09 14:30:00,0.466,0.471,0.466,0.468,230235.3
2023-05-09 15:00:00,0.469,0.47,0.461,0.462,306227.8
2023-05-09 15:30:00,0.462,0.465,0.453,0.458,492075.0
2023-05-09 16:00:00,0.458,0.463,0.455,0.462,280936.2
2023-05-09 16:30:00,0.462,0.468,0.461,0.468,231811.6
2023-05-09 17:00:00,0.468,0.47,0.466,0.468,211499.7
2023-05-09 17:30:00,0.468,0.469,0.464,0.465,62788.6
2023-05-09 18:00:00,0.465,0.466,0.462,0.463,92244.5
2023-05-09 18:30:00,0.463,0.466,0.463,0.465,58291.0
2023-05-09 19:00:00,0.465,0.466,0.462,0.466,134785.4
2023-05-09 19:30:00,0.466,0.47,0.466,0.469,109187.0
2023-05-09 20:00:00,0.47,0.473,0.467,0.471,185576.6
2023-05-09 20:30:00,0.472,0.472,0.468,0.468,88663.2
2023-05-09 21:00:00,0.468,0.468,0.466,0.467,37597.4
2023-05-09 21:30:00,0.467,0.47,0.467,0.468,69865.7
2023-05-09 22:00:00,0.469,0.469,0.466,0.468,61596.6
2023-05-09 22:30:00,0.468,0.472,0.468,0.471,56634.2
2023-05-09 23:00:00,0.472,0.475,0.471,0.473,160666.8
2023-05-09 23:30:00,0.474,0.475,0.473,0.474,43645.0
2023-05-10 00:00:00,0.474,0.477,0.473,0.474,109633.0
2023-05-10 00:30:00,0.474,0.474,0.469,0.474,189629.5
2023-05-10 01:00:00,0.474,0.475,0.472,0.474,88441.6
2023-05-10 01:30:00,0.473,0.473,0.47,0.472,53024.8
2023-05-10 02:00:00,0.472,0.473,0.47,0.471,41635.0
2023-05-10 02:30:00,0.47,0.47,0.467,0.467,53710.7
2023-05-10 03:00:00,0.467,0.469,0.464,0.466,299047.1
2023-05-10 03:30:00,0.466,0.469,0.466,0.468,43904.2
2023-05-10 04:00:00,0.468,0.47,0.466,0.467,97543.5
2023-05-10 04:30:00,0.467,0.472,0.467,0.472,69897.6
2023-05-10 05:00:00,0.472,0.474,0.471,0.472,152344.9
2023-05-10 05:30:00,0.472,0.563,0.472,0.514,7809276.5
2023-05-10 06:00:00,0.513,0.516,0.487,0.505,2549200.3
2023-05-10 06:30:00,0.505,0.508,0.497,0.498,538683.5
2023-05-10 07:00:00,0.498,0.507,0.498,0.501,349441.8
2023-05-10 07:30:00,0.501,0.502,0.495,0.495,258225.2
2023-05-10 08:00:00,0.496,0.498,0.489,0.491,763725.3
2023-05-10 08:30:00,0.491,0.492,0.484,0.49,796825.2
2023-05-10 09:00:00,0.49,0.49,0.484,0.486,491184.2
2023-05-10 09:30:00,0.486,0.49,0.485,0.486,253307.9
2023-05-10 10:00:00,0.487,0.49,0.482,0.483,387615.7
2023-05-10 10:30:00,0.483,0.485,0.481,0.484,307174.7
2023-05-10 11:00:00,0.484,0.489,0.484,0.484,575644.7
2023-05-10 11:30:00,0.484,0.492,0.483,0.49,288887.1
2023-05-10 12:00:00,0.49,0.492,0.486,0.488,428677.4
2023-05-10 12:30:00,0.488,0.502,0.488,0.498,909146.2
2023-05-10 13:00:00,0.499,0.502,0.494,0.497,371811.6
2023-05-10 13:30:00,0.497,0.499,0.494,0.497,276093.6
2023-05-10 14:00:00,0.498,0.503,0.498,0.502,295985.3
2023-05-10 14:30:00,0.503,0.504,0.494,0.496,294472.6
2023-05-10 15:00:00,0.497,0.498,0.493,0.494,147432.3
2023-05-10 15:30:00,0.494,0.5,0.494,0.5,235243.8
2023-05-10 16:00:00,0.5,0.505,0.5,0.504,207780.6
2023-05-10 16:30:00,0.504,0.504,0.498,0.5,124596.5
2023-05-10 17:00:00,0.5,0.501,0.467,0.479,1427768.3
2023-05-10 17:30:00,0.478,0.488,0.478,0.487,405443.4
2023-05-10 18:00:00,0.487,0.492,0.486,0.491,327969.7
2023-05-10 18:30:00,0.491,0.493,0.49,0.493,184472.6
2023-05-10 19:00:00,0.492,0.5,0.491,0.497,359884.9
2023-05-10 19:30:00,0.498,0.499,0.496,0.496,101200.1
2023-05-10 20:00:00,0.496,0.5,0.495,0.499,467642.5
2023-05-10 20:30:00,0.5,0.502,0.5,0.501,83538.9
2023-05-10 21:00:00,0.501,0.501,0.493,0.496,247149.5
2023-05-10 21:30:00,0.496,0.496,0.492,0.493,141610.9
2023-05-10 22:00:00,0.493,0.496,0.493,0.495,59471.6
2023-05-10 22:30:00,0.494,0.497,0.493,0.497,74004.0
2023-05-10 23:00:00,0.497,0.499,0.496,0.497,43683.3
2023-05-10 23:30:00,0.496,0.497,0.495,0.496,54017.0
2023-05-11 00:00:00,0.496,0.496,0.488,0.491,128248.0
2023-05-11 00:30:00,0.491,0.492,0.486,0.489,168054.0
2023-05-11 01:00:00,0.489,0.493,0.488,0.489,152472.5
2023-05-11 01:30:00,0.489,0.491,0.487,0.488,68784.8
2023-05-11 02:00:00,0.488,0.489,0.484,0.486,104041.2
2023-05-11 02:30:00,0.485,0.487,0.484,0.485,72737.0
2023-05-11 03:00:00,0.485,0.486,0.481,0.482,144524.3
2023-05-11 03:30:00,0.481,0.485,0.481,0.485,79343.3
2023-05-11 04:00:00,0.484,0.488,0.484,0.486,110959.3
2023-05-11 04:30:00,0.486,0.486,0.484,0.485,95331.9
2023-05-11 05:00:00,0.485,0.485,0.48,0.482,179965.2
2023-05-11 05:30:00,0.481,0.481,0.476,0.479,175972.0
2023-05-11 06:00:00,0.48,0.482,0.478,0.479,67381.9
2023-05-11 06:30:00,0.479,0.48,0.476,0.48,103564.4
2023-05-11 07:00:00,0.479,0.483,0.479,0.482,46055.3
2023-05-11 07:30:00,0.483,0.484,0.478,0.478,127579.2
2023-05-11 08:00:00,0.479,0.48,0.473,0.477,212936.4
2023-05-11 08:30:00,0.477,0.481,0.477,0.479,250007.2
2023-05-11 09:00:00,0.479,0.481,0.478,0.479,174471.5
2023-05-11 09:30:00,0.479,0.481,0.478,0.48,93088.8
2023-05-11 10:00:00,0.48,0.483,0.479,0.483,136461.2
2023-05-11 10:30:00,0.483,0.484,0.482,0.483,30374.3
2023-05-11 11:00:00,0.482,0.483,0.48,0.48,96643.9
2023-05-11 11:30:00,0.48,0.481,0.478,0.48,105722.2
2023-05-11 12:00:00,0.479,0.483,0.478,0.483,124987.1
2023-05-11 12:30:00,0.484,0.485,0.478,0.478,232703.2
2023-05-11 13:00:00,0.478,0.48,0.475,0.476,269726.8
2023-05-11 13:30:00,0.476,0.48,0.473,0.475,350075.7
2023-05-11 14:00:00,0.476,0.477,0.471,0.477,186671.9
2023-05-11 14:30:00,0.476,0.477,0.469,0.473,198163.2
2023-05-11 15:00:00,0.474,0.475,0.469,0.473,135923.7
2023-05-11 15:30:00,0.473,0.475,0.473,0.474,61135.6
2023-05-11 16:00:00,0.473,0.474,0.469,0.472,307832.2
2023-05-11 16:30:00,0.472,0.475,0.47,0.471,63476.4
2023-05-11 17:00:00,0.471,0.471,0.456,0.463,410955.4
2023-05-11 17:30:00,0.462,0.466,0.458,0.465,785199.5
2023-05-11 18:00:00,0.464,0.464,0.456,0.459,242659.9
2023-05-11 18:30:00,0.458,0.463,0.458,0.461,156439.4
2023-05-11 19:00:00,0.461,0.463,0.46,0.461,79369.7
2023-05-11 19:30:00,0.462,0.462,0.458,0.461,103612.2
2023-05-11 20:00:00,0.461,0.465,0.46,0.465,86425.3
2023-05-11 20:30:00,0.465,0.47,0.464,0.468,94537.9
2023-05-11 21:00:00,0.469,0.47,0.467,0.468,79568.3
2023-05-11 21:30:00,0.468,0.47,0.467,0.47,78213.2
2023-05-11 22:00:00,0.47,0.473,0.47,0.473,32774.6
2023-05-11 22:30:00,0.473,0.473,0.469,0.47,28676.1
2023-05-11 23:00:00,0.47,0.471,0.468,0.471,21767.2
2023-05-11 23:30:00,0.471,0.474,0.47,0.473,51939.8
2023-05-12 00:00:00,0.472,0.472,0.469,0.47,47395.3
2023-05-12 00:30:00,0.47,0.475,0.469,0.474,52389.3
2023-05-12 01:00:00,0.473,0.474,0.467,0.467,116313.1
2023-05-12 01:30:00,0.468,0.469,0.465,0.465,91136.7
2023-05-12 02:00:00,0.466,0.467,0.465,0.467,55643.6
2023-05-12 02:30:00,0.468,0.468,0.459,0.462,218899.8
2023-05-12 03:00:00,0.462,0.463,0.461,0.463,114356.5
2023-05-12 03:30:00,0.462,0.463,0.458,0.459,116167.1
2023-05-12 04:00:00,0.458,0.466,0.458,0.465,195065.3
2023-05-12 04:30:00,0.465,0.468,0.464,0.467,42910.6
2023-05-12 05:00:00,0.467,0.468,0.465,0.467,67586.9
2023-05-12 05:30:00,0.467,0.469,0.461,0.465,199867.7
2023-05-12 06:00:00,0.464,0.466,0.461,0.463,100481.6
2023-05-12 06:30:00,0.462,0.47,0.462,0.47,113998.0
2023-05-12 07:00:00,0.47,0.472,0.468,0.469,98182.3
2023-05-12 07:30:00,0.47,0.473,0.468,0.472,97778.9
2023-05-12 08:00:00,0.472,0.473,0.469,0.47,66672.3
2023-05-12 08:30:00,0.469,0.478,0.467,0.474,372564.9
2023-05-12 09:00:00,0.474,0.482,0.473,0.479,552240.0
2023-05-12 09:30:00,0.479,0.483,0.478,0.481,132871.6
2023-05-12 10:00:00,0.481,0.482,0.477,0.479,88473.8
2023-05-12 10:30:00,0.478,0.482,0.478,0.48,52658.2
2023-05-12 11:00:00,0.481,0.482,0.475,0.476,132834.9
2023-05-12 11:30:00,0.476,0.479,0.476,0.478,122463.4
2023-05-12 12:00:00,0.478,0.479,0.475,0.477,73000.1
2023-05-12 12:30:00,0.478,0.481,0.477,0.477,152766.2
2023-05-12 13:00:00,0.478,0.479,0.474,0.477,74118.3
2023-05-12 13:30:00,0.477,0.479,0.475,0.478,130865.9
2023-05-12 14:00:00,0.477,0.481,0.475,0.478,147978.5
2023-05-12 14:30:00,0.478,0.479,0.474,0.474,71983.5
2023-05-12 15:00:00,0.475,0.475,0.472,0.473,120523.7
2023-05-12 15:30:00,0.474,0.475,0.473,0.474,67357.1
2023-05-12 16:00:00,0.474,0.478,0.472,0.476,65775.3
2023-05-12 16:30:00,0.477,0.478,0.475,0.478,34672.1
2023-05-12 17:00:00,0.477,0.481,0.477,0.48,109870.9
2023-05-12 17:30:00,0.479,0.481,0.477,0.478,85724.5
2023-05-12 18:00:00,0.478,0.487,0.478,0.481,224714.4
2023-05-12 18:30:00,0.481,0.481,0.478,0.478,53919.9
2023-05-12 19:00:00,0.478,0.48,0.466,0.471,366370.0
2023-05-12 19:30:00,0.472,0.482,0.47,0.482,291491.8
2023-05-12 20:00:00,0.482,0.483,0.48,0.482,113784.6
2023-05-12 20:30:00,0.482,0.482,0.48,0.481,78505.4
2023-05-12 21:00:00,0.481,0.485,0.481,0.484,103444.0
2023-05-12 21:30:00,0.484,0.485,0.482,0.485,118567.2
2023-05-12 22:00:00,0.485,0.488,0.484,0.485,92845.3
2023-05-12 22:30:00,0.486,0.487,0.484,0.485,82024.1
2023-05-12 23:00:00,0.485,0.487,0.485,0.487,11683.1
2023-05-12 23:30:00,0.487,0.487,0.485,0.486,83498.3
2023-05-13 00:00:00,0.486,0.489,0.481,0.483,95624.1
2023-05-13 00:30:00,0.482,0.484,0.481,0.483,51789.0
2023-05-13 01:00:00,0.484,0.485,0.481,0.484,113854.5
2023-05-13 01:30:00,0.484,0.485,0.481,0.482,89438.1
2023-05-13 02:00:00,0.482,0.483,0.481,0.482,70432.4
2023-05-13 02:30:00,0.482,0.483,0.481,0.481,31549.1
2023-05-13 03:00:00,0.481,0.483,0.48,0.483,45699.7
2023-05-13 03:30:00,0.483,0.485,0.482,0.484,55400.7
2023-05-13 04:00:00,0.484,0.49,0.484,0.485,197993.7
2023-05-13 04:30:00,0.486,0.486,0.483,0.484,30740.7
2023-05-13 05:00:00,0.483,0.486,0.483,0.483,56345.7
2023-05-13 05:30:00,0.484,0.484,0.481,0.481,67264.0
2023-05-13 06:00:00,0.481,0.484,0.481,0.482,44281.9
2023-05-13 06:30:00,0.482,0.492,0.482,0.486,831511.0
2023-05-13 07:00:00,0.486,0.493,0.485,0.49,433075.4
2023-05-13 07:30:00,0.49,0.496,0.489,0.49,364624.4
2023-05-13 08:00:00,0.49,0.491,0.488,0.491,103944.1
2023-05-13 08:30:00,0.491,0.493,0.49,0.49,174924.2
2023-05-13 09:00:00,0.491,0.493,0.49,0.491,102877.3
2023-05-13 09:30:00,0.491,0.496,0.491,0.494,130823.4
2023-05-13 10:00:00,0.495,0.497,0.491,0.492,134557.9
2023-05-13 10:30:00,0.492,0.495,0.491,0.494,76234.6
2023-05-13 11:00:00,0.495,0.495,0.492,0.494,62511.2
2023-05-13 11:30:00,0.493,0.495,0.492,0.493,57106.4
2023-05-13 12:00:00,0.493,0.5,0.493,0.498,176913.7
2023-05-13 12:30:00,0.499,0.5,0.496,0.5,138933.0
2023-05-13 13:00:00,0.499,0.501,0.496,0.497,172577.9
2023-05-13 13:30:00,0.497,0.5,0.493,0.495,311049.2
2023-05-13 14:00:00,0.496,0.498,0.492,0.493,71540.9
2023-05-13 14:30:00,0.493,0.496,0.491,0.492,91210.5
2023-05-13 15:00:00,0.492,0.493,0.491,0.492,87229.8
2023-05-13 15:30:00,0.491,0.495,0.49,0.494,92913.5
2023-05-13 16:00:00,0.494,0.496,0.493,0.495,83744.8
2023-05-13 16:30:00,0.495,0.496,0.491,0.493,46871.4
2023-05-13 17:00:00,0.493,0.495,0.493,0.494,33025.3
2023-05-13 17:30:00,0.494,0.495,0.49,0.491,65404.9
2023-05-13 18:00:00,0.491,0.492,0.49,0.491,42902.9
2023-05-13 18:30:00,0.491,0.496,0.491,0.493,96921.7
2023-05-13 19:00:00,0.492,0.496,0.492,0.495,59994.3
2023-05-13 19:30:00,0.495,0.495,0.493,0.494,30468.4
2023-05-13 20:00:00,0.495,0.496,0.494,0.495,58878.6
2023-05-13 20:30:00,0.495,0.5,0.495,0.499,117850.7
2023-05-13 21:00:00,0.498,0.499,0.493,0.494,92123.5
2023-05-13 21:30:00,0.495,0.496,0.494,0.496,48462.4
2023-05-13 22:00:00,0.496,0.497,0.496,0.497,21848.5
2023-05-13 22:30:00,0.496,0.497,0.494,0.497,30992.5
2023-05-13 23:00:00,0.497,0.499,0.496,0.499,40433.5
2023-05-13 23:30:00,0.498,0.5,0.495,0.497,50128.1
2023-05-14 00:00:00,0.497,0.497,0.492,0.493,127524.2
2023-05-14 00:30:00,0.493,0.495,0.488,0.493,119134.5
2023-05-14 01:00:00,0.493,0.494,0.489,0.49,62980.9
2023-05-14 01:30:00,0.491,0.492,0.489,0.491,56761.8
2023-05-14 02:00:00,0.491,0.496,0.49,0.495,50200.2
2023-05-14 02:30:00,0.495,0.496,0.493,0.496,33633.5
2023-05-14 03:00:00,0.496,0.497,0.493,0.496,48525.2
2023-05-14 03:30:00,0.497,0.5,0.496,0.498,97758.4
2023-05-14 04:00:00,0.499,0.502,0.498,0.501,146356.0
2023-05-14 04:30:00,0.501,0.507,0.499,0.506,123249.7
2023-05-14 05:00:00,0.506,0.511,0.505,0.509,166345.3
2023-05-14 05:30:00,0.508,0.512,0.507,0.51,131316.5
2023-05-14 06:00:00,0.509,0.513,0.508,0.513,133263.7
2023-05-14 06:30:00,0.513,0.514,0.511,0.513,89008.1
2023-05-14 07:00:00,0.513,0.52,0.513,0.514,271888.9
2023-05-14 07:30:00,0.515,0.522,0.515,0.519,181012.1
2023-05-14 08:00:00,0.519,0.53,0.519,0.527,447195.0
2023-05-14 08:30:00,0.526,0.526,0.518,0.519,351410.5
2023-05-14 09:00:00,0.519,0.523,0.518,0.52,135540.9
2023-05-14 09:30:00,0.521,0.525,0.52,0.521,179309.5
2023-05-14 10:00:00,0.521,0.528,0.518,0.519,227549.7
2023-05-14 10:30:00,0.519,0.52,0.516,0.519,117779.9
2023-05-14 11:00:00,0.519,0.519,0.517,0.517,86187.1
2023-05-14 11:30:00,0.517,0.521,0.517,0.518,48515.9
2023-05-14 12:00:00,0.518,0.523,0.515,0.522,149531.2
2023-05-14 12:30:00,0.522,0.522,0.518,0.522,110809.6
2023-05-14 13:00:00,0.521,0.524,0.519,0.524,126461.2
2023-05-14 13:30:00,0.523,0.525,0.522,0.524,49903.1
2023-05-14 14:00:00,0.524,0.525,0.519,0.52,105807.1
2023-05-14 14:30:00,0.52,0.522,0.518,0.518,76422.0
2023-05-14 15:00:00,0.519,0.521,0.517,0.521,206539.2
2023-05-14 15:30:00,0.522,0.525,0.519,0.52,198555.8
2023-05-14 16:00:00,0.52,0.524,0.519,0.523,70726.4
2023-05-14 16:30:00,0.523,0.528,0.52,0.52,98384.5
2023-05-14 17:00:00,0.52,0.521,0.517,0.518,151002.0
2023-05-14 17:30:00,0.518,0.518,0.515,0.518,70389.5
2023-05-14 18:00:00,0.518,0.527,0.517,0.519,387506.9
2023-05-14 18:30:00,0.519,0.52,0.514,0.516,183373.9
2023-05-14 19:00:00,0.515,0.516,0.511,0.512,149580.1
2023-05-14 19:30:00,0.512,0.513,0.508,0.508,247942.2
2023-05-14 20:00:00,0.508,0.512,0.508,0.511,81668.3
2023-05-14 20:30:00,0.511,0.511,0.509,0.509,33733.9
2023-05-14 21:00:00,0.509,0.513,0.509,0.512,72113.4
2023-05-14 21:30:00,0.511,0.513,0.51,0.511,68117.6
2023-05-14 22:00:00,0.512,0.513,0.511,0.513,56573.8
2023-05-14 22:30:00,0.513,0.514,0.511,0.512,17971.5
2023-05-14 23:00:00,0.512,0.512,0.507,0.509,102971.7
2023-05-14 23:30:00,0.51,0.512,0.509,0.511,24833.4
2023-05-15 00:00:00,0.511,0.514,0.507,0.51,166397.9
2023-05-15 00:30:00,0.509,0.51,0.5,0.506,401145.0
2023-05-15 01:00:00,0.505,0.519,0.504,0.517,220524.9
2023-05-15 01:30:00,0.517,0.519,0.513,0.517,276303.1
2023-05-15 02:00:00,0.517,0.52,0.515,0.519,134103.4
2023-05-15 02:30:00,0.519,0.522,0.517,0.517,88103.5
2023-05-15 03:00:00,0.517,0.518,0.514,0.516,159098.8
2023-05-15 03:30:00,0.516,0.517,0.514,0.515,63727.9
2023-05-15 04:00:00,0.515,0.516,0.514,0.516,66153.2
2023-05-15 04:30:00,0.516,0.517,0.513,0.515,51324.2
2023-05-15 05:00:00,0.515,0.516,0.512,0.515,202641.5
2023-05-15 05:30:00,0.515,0.517,0.514,0.517,43962.7
2023-05-15 06:00:00,0.517,0.518,0.514,0.518,75632.3
2023-05-15 06:30:00,0.518,0.519,0.516,0.517,204983.1
2023-05-15 07:00:00,0.517,0.517,0.515,0.517,89709.1
2023-05-15 07:30:00,0.517,0.518,0.516,0.518,59834.3
2023-05-15 08:00:00,0.518,0.52,0.517,0.519,42628.7
2023-05-15 08:30:00,0.518,0.521,0.518,0.52,128086.4
2023-05-15 09:00:00,0.52,0.521,0.515,0.516,103713.2
2023-05-15 09:30:00,0.517,0.517,0.514,0.516,65807.8
2023-05-15 10:00:00,0.517,0.517,0.513,0.516,104095.0
2023-05-15 10:30:00,0.516,0.517,0.514,0.515,86927.6
2023-05-15 11:00:00,0.516,0.516,0.513,0.513,28836.6
2023-05-15 11:30:00,0.513,0.513,0.511,0.511,89588.0
2023-05-15 12:00:00,0.511,0.516,0.51,0.513,207854.9
2023-05-15 12:30:00,0.513,0.514,0.511,0.514,101288.1
2023-05-15 13:00:00,0.514,0.514,0.511,0.513,57092.2
2023-05-15 13:30:00,0.512,0.515,0.51,0.512,83987.4
2023-05-15 14:00:00,0.511,0.512,0.506,0.509,464373.8
2023-05-15 14:30:00,0.509,0.511,0.507,0.51,118494.2
2023-05-15 15:00:00,0.51,0.511,0.509,0.511,59514.5
2023-05-15 15:30:00,0.511,0.511,0.508,0.508,109800.5
2023-05-15 16:00:00,0.508,0.511,0.508,0.51,149827.0
2023-05-15 16:30:00,0.509,0.511,0.505,0.508,162891.9
2023-05-15 17:00:00,0.508,0.512,0.507,0.509,65457.0
2023-05-15 17:30:00,0.509,0.51,0.508,0.509,47635.8
2023-05-15 18:00:00,0.509,0.511,0.509,0.509,27109.9
2023-05-15 18:30:00,0.509,0.512,0.508,0.509,67291.7
2023-05-15 19:00:00,0.51,0.512,0.506,0.509,92620.3
2023-05-15 19:30:00,0.51,0.511,0.508,0.51,30732.8
2023-05-15 20:00:00,0.51,0.511,0.509,0.511,45169.7
2023-05-15 20:30:00,0.511,0.513,0.51,0.511,95190.1
2023-05-15 21:00:00,0.511,0.511,0.51,0.51,14716.0
2023-05-15 21:30:00,0.511,0.511,0.508,0.509,102112.4
2023-05-15 22:00:00,0.509,0.513,0.509,0.512,47207.1
2023-05-15 22:30:00,0.512,0.512,0.506,0.507,137921.1
2023-05-15 23:00:00,0.507,0.509,0.504,0.506,77123.6
2023-05-15 23:30:00,0.506,0.506,0.5,0.502,185914.8
2023-05-16 00:00:00,0.502,0.506,0.501,0.506,79448.3
2023-05-16 00:30:00,0.505,0.506,0.5,0.504,177884.0
2023-05-16 01:00:00,0.504,0.505,0.5,0.501,145942.0
2023-05-16 01:30:00,0.501,0.501,0.497,0.501,227277.0
2023-05-16 02:00:00,0.501,0.504,0.501,0.503,42590.8
2023-05-16 02:30:00,0.503,0.506,0.502,0.505,38356.8
2023-05-16 03:00:00,0.505,0.507,0.504,0.506,53735.3
2023-05-16 03:30:00,0.506,0.507,0.503,0.507,51608.6
2023-05-16 04:00:00,0.507,0.507,0.503,0.507,116306.6
2023-05-16 04:30:00,0.506,0.507,0.505,0.507,44588.4
2023-05-16 05:00:00,0.507,0.51,0.506,0.509,158189.6
2023-05-16 05:30:00,0.508,0.51,0.507,0.509,189030.4
2023-05-16 06:00:00,0.509,0.509,0.505,0.508,122128.6
2023-05-16 06:30:00,0.507,0.509,0.506,0.508,83996.3
2023-05-16 07:00:00,0.508,0.512,0.508,0.512,75512.2
2023-05-16 07:30:00,0.512,0.517,0.512,0.515,211802.2
2023-05-16 08:00:00,0.515,0.515,0.512,0.512,148795.3
2023-05-16 08:30:00,0.512,0.512,0.509,0.51,91076.3
2023-05-16 09:00:00,0.51,0.511,0.509,0.51,42024.8
2023-05-16 09:30:00,0.509,0.511,0.508,0.509,84024.9
2023-05-16 10:00:00,0.509,0.509,0.504,0.504,99636.0
2023-05-16 10:30:00,0.504,0.506,0.501,0.502,95958.5
2023-05-16 11:00:00,0.502,0.505,0.501,0.502,62452.3
2023-05-16 11:30:00,0.503,0.504,0.5,0.501,382894.3
2023-05-16 12:00:00,0.501,0.503,0.499,0.499,121029.1
2023-05-16 12:30:00,0.5,0.503,0.498,0.502,87838.0
2023-05-16 13:00:00,0.502,0.504,0.501,0.504,60061.7
2023-05-16 13:30:00,0.503,0.505,0.501,0.501,51619.4
2023-05-16 14:00:00,0.501,0.504,0.5,0.502,146724.6
2023-05-16 14:30:00,0.503,0.504,0.501,0.503,108696.3
2023-05-16 15:00:00,0.502,0.505,0.501,0.504,64271.4
2023-05-16 15:30:00,0.503,0.506,0.502,0.505,35434.5
2023-05-16 16:00:00,0.505,0.506,0.503,0.504,53877.8
2023-05-16 16:30:00,0.504,0.508,0.504,0.506,70323.7
2023-05-16 17:00:00,0.507,0.507,0.502,0.503,51219.5
2023-05-16 17:30:00,0.502,0.511,0.502,0.511,126909.6
2023-05-16 18:00:00,0.51,0.51,0.507,0.507,46400.4
2023-05-16 18:30:00,0.508,0.515,0.508,0.514,71248.6
2023-05-16 19:00:00,0.514,0.514,0.509,0.51,53267.4
2023-05-16 19:30:00,0.51,0.514,0.507,0.509,182522.2
2023-05-16 20:00:00,0.509,0.512,0.507,0.51,41104.3
2023-05-16 20:30:00,0.511,0.515,0.511,0.514,80467.6
2023-05-16 21:00:00,0.514,0.516,0.512,0.516,52879.3
2023-05-16 21:30:00,0.516,0.516,0.514,0.516,69149.6
2023-05-16 22:00:00,0.517,0.518,0.514,0.514,92588.2
2023-05-16 22:30:00,0.515,0.517,0.515,0.516,25456.7
2023-05-16 23:00:00,0.516,0.518,0.514,0.515,44604.2
2023-05-16 23:30:00,0.515,0.518,0.514,0.514,57119.8
2023-05-17 00:00:00,0.514,0.518,0.514,0.515,114754.2
2023-05-17 00:30:00,0.515,0.519,0.513,0.519,129207.8
2023-05-17 01:00:00,0.519,0.522,0.518,0.519,126349.2
2023-05-17 01:30:00,0.519,0.521,0.518,0.519,77182.9
2023-05-17 02:00:00,0.52,0.521,0.519,0.52,38662.5
2023-05-17 02:30:00,0.52,0.521,0.516,0.517,57466.9
2023-05-17 03:00:00,0.517,0.519,0.517,0.518,57879.9
2023-05-17 03:30:00,0.518,0.52,0.517,0.518,95055.4
2023-05-17 04:00:00,0.518,0.52,0.517,0.52,42160.2
2023-05-17 04:30:00,0.519,0.519,0.517,0.518,25464.6
2023-05-17 05:00:00,0.518,0.518,0.515,0.517,71697.1
2023-05-17 05:30:00,0.516,0.516,0.514,0.515,63092.1
2023-05-17 06:00:00,0.514,0.517,0.512,0.516,142093.3
2023-05-17 06:30:00,0.516,0.517,0.515,0.515,16318.9
2023-05-17 07:00:00,0.515,0.516,0.512,0.513,273792.0
2023-05-17 07:30:00,0.512,0.512,0.505,0.506,157978.7
2023-05-17 08:00:00,0.506,0.507,0.503,0.505,135291.9
2023-05-17 08:30:00,0.504,0.505,0.503,0.504,53691.9
2023-05-17 09:00:00,0.504,0.514,0.503,0.513,209905.0
2023-05-17 09:30:00,0.513,0.516,0.51,0.51,115870.8
2023-05-17 10:00:00,0.51,0.51,0.507,0.509,108649.6
2023-05-17 10:30:00,0.509,0.509,0.506,0.508,93659.4
2023-05-17 11:00:00,0.507,0.507,0.502,0.503,191918.9
2023-05-17 11:30:00,0.503,0.504,0.5,0.503,208258.2
2023-05-17 12:00:00,0.503,0.505,0.502,0.503,87385.5
2023-05-17 12:30:00,0.503,0.505,0.501,0.502,42643.9
2023-05-17 13:00:00,0.502,0.506,0.501,0.504,181286.4
2023-05-17 13:30:00,0.504,0.507,0.5,0.501,158684.1
2023-05-17 14:00:00,0.501,0.503,0.499,0.5,124163.9
2023-05-17 14:30:00,0.5,0.5,0.493,0.494,270184.2
2023-05-17 15:00:00,0.494,0.498,0.494,0.498,64976.4
2023-05-17 15:30:00,0.497,0.497,0.492,0.495,153807.3
2023-05-17 16:00:00,0.495,0.501,0.493,0.5,174523.2
2023-05-17 16:30:00,0.5,0.506,0.499,0.504,239024.6
2023-05-17 17:00:00,0.504,0.506,0.503,0.506,63995.8
2023-05-17 17:30:00,0.506,0.51,0.505,0.509,40831.4
2023-05-17 18:00:00,0.51,0.516,0.51,0.515,236973.7
2023-05-17 18:30:00,0.516,0.517,0.514,0.515,96848.3
2023-05-17 19:00:00,0.516,0.52,0.516,0.518,245336.0
2023-05-17 19:30:00,0.518,0.532,0.518,0.53,346160.2
2023-05-17 20:00:00,0.531,0.531,0.525,0.527,158147.1
2023-05-17 20:30:00,0.528,0.538,0.528,0.535,188797.2
2023-05-17 21:00:00,0.535,0.536,0.531,0.531,157760.9
2023-05-17 21:30:00,0.531,0.535,0.531,0.534,38631.4
2023-05-17 22:00:00,0.534,0.537,0.533,0.533,58858.2
2023-05-17 22:30:00,0.533,0.536,0.531,0.531,148054.9
2023-05-17 23:00:00,0.532,0.533,0.53,0.531,27563.1
2023-05-17 23:30:00,0.531,0.532,0.529,0.529,61970.2
2023-05-18 00:00:00,0.529,0.531,0.525,0.528,132617.7
2023-05-18 00:30:00,0.528,0.529,0.525,0.525,41453.0
2023-05-18 01:00:00,0.526,0.528,0.525,0.527,56216.6
2023-05-18 01:30:00,0.527,0.528,0.522,0.523,154927.2
2023-05-18 02:00:00,0.523,0.525,0.522,0.525,37811.0
2023-05-18 02:30:00,0.525,0.528,0.525,0.526,108761.7
2023-05-18 03:00:00,0.527,0.528,0.525,0.526,16350.4
2023-05-18 03:30:00,0.526,0.527,0.523,0.525,178666.3
2023-05-18 04:00:00,0.525,0.525,0.522,0.523,47165.7
2023-05-18 04:30:00,0.523,0.524,0.522,0.523,57317.5
2023-05-18 05:00:00,0.522,0.523,0.519,0.521,130645.6
2023-05-18 05:30:00,0.521,0.522,0.518,0.52,233790.3
2023-05-18 06:00:00,0.52,0.52,0.516,0.517,32787.4
2023-05-18 06:30:00,0.517,0.518,0.515,0.516,106106.8
2023-05-18 07:00:00,0.516,0.521,0.515,0.52,232654.3
2023-05-18 07:30:00,0.52,0.522,0.519,0.52,178921.0
2023-05-18 08:00:00,0.52,0.521,0.518,0.52,85526.5
2023-05-18 08:30:00,0.519,0.52,0.518,0.519,41325.1
2023-05-18 09:00:00,0.519,0.52,0.517,0.518,59778.2
2023-05-18 09:30:00,0.518,0.52,0.518,0.518,104563.8
2023-05-18 10:00:00,0.518,0.521,0.518,0.519,90514.3
2023-05-18 10:30:00,0.519,0.521,0.516,0.517,112639.2
2023-05-18 11:00:00,0.518,0.519,0.515,0.518,38182.4
2023-05-18 11:30:00,0.517,0.519,0.515,0.518,55811.7
2023-05-18 12:00:00,0.518,0.518,0.514,0.514,92959.3
2023-05-18 12:30:00,0.514,0.516,0.512,0.512,119783.8
2023-05-18 13:00:00,0.513,0.514,0.51,0.512,71531.8
2023-05-18 13:30:00,0.512,0.514,0.511,0.513,48316.5
2023-05-18 14:00:00,0.513,0.515,0.511,0.515,147007.4
2023-05-18 14:30:00,0.515,0.516,0.51,0.512,224098.6
2023-05-18 15:00:00,0.512,0.513,0.509,0.51,124094.5
2023-05-18 15:30:00,0.509,0.51,0.506,0.506,154824.4
2023-05-18 16:00:00,0.507,0.51,0.506,0.509,83392.0
2023-05-18 16:30:00,0.508,0.51,0.507,0.508,37806.8
2023-05-18 17:00:00,0.507,0.509,0.507,0.508,47473.7
2023-05-18 17:30:00,0.508,0.509,0.495,0.501,316445.9
2023-05-18 18:00:00,0.499,0.505,0.498,0.504,130013.6
2023-05-18 18:30:00,0.503,0.505,0.501,0.503,50264.9
2023-05-18 19:00:00,0.503,0.506,0.503,0.506,54503.6
2023-05-18 19:30:00,0.506,0.51,0.505,0.506,80971.0
2023-05-18 20:00:00,0.506,0.508,0.504,0.508,39192.7
2023-05-18 20:30:00,0.508,0.51,0.507,0.508,38280.3
2023-05-18 21:00:00,0.509,0.511,0.508,0.51,33269.9
2023-05-18 21:30:00,0.51,0.514,0.51,0.512,89875.0
2023-05-18 22:00:00,0.513,0.516,0.512,0.513,71055.9
2023-05-18 22:30:00,0.513,0.515,0.512,0.514,22895.7
2023-05-18 23:00:00,0.514,0.514,0.512,0.512,32556.0
2023-05-18 23:30:00,0.512,0.512,0.51,0.51,70947.7
2023-05-19 00:00:00,0.51,0.514,0.509,0.509,46378.2
2023-05-19 00:30:00,0.509,0.511,0.507,0.51,92749.2
2023-05-19 01:00:00,0.51,0.511,0.507,0.508,56651.2
2023-05-19 01:30:00,0.508,0.509,0.507,0.508,33019.0
2023-05-19 02:00:00,0.508,0.51,0.507,0.509,15166.9
2023-05-19 02:30:00,0.509,0.509,0.506,0.508,46817.8
2023-05-19 03:00:00,0.509,0.51,0.506,0.51,25960.1
2023-05-19 03:30:00,0.51,0.512,0.51,0.511,5941.0
2023-05-19 04:00:00,0.51,0.512,0.51,0.51,28679.6
2023-05-19 04:30:00,0.51,0.516,0.51,0.515,37681.3
2023-05-19 05:00:00,0.515,0.517,0.513,0.514,42294.3
2023-05-19 05:30:00,0.514,0.515,0.514,0.514,17174.9
2023-05-19 06:00:00,0.514,0.515,0.513,0.513,31757.0
2023-05-19 06:30:00,0.514,0.515,0.513,0.513,55990.0
2023-05-19 07:00:00,0.513,0.514,0.509,0.51,525600.4
2023-05-19 07:30:00,0.51,0.511,0.507,0.509,462502.3
2023-05-19 08:00:00,0.508,0.512,0.508,0.511,55349.8
2023-05-19 08:30:00,0.511,0.513,0.509,0.511,29624.9
2023-05-19 09:00:00,0.511,0.515,0.511,0.512,156659.4
2023-05-19 09:30:00,0.513,0.515,0.511,0.514,42208.4
2023-05-19 10:00:00,0.514,0.516,0.511,0.512,51299.5
2023-05-19 10:30:00,0.513,0.518,0.513,0.517,66242.0
2023-05-19 11:00:00,0.517,0.517,0.512,0.515,88108.8
2023-05-19 11:30:00,0.515,0.518,0.514,0.517,68180.9
2023-05-19 12:00:00,0.517,0.518,0.515,0.517,63323.8
2023-05-19 12:30:00,0.516,0.521,0.516,0.52,165118.3
2023-05-19 13:00:00,0.52,0.52,0.516,0.517,83420.8
2023-05-19 13:30:00,0.517,0.518,0.516,0.516,97759.2
2023-05-19 14:00:00,0.517,0.518,0.514,0.516,74611.9
2023-05-19 14:30:00,0.516,0.518,0.514,0.517,54877.0
2023-05-19 15:00:00,0.517,0.523,0.514,0.518,201911.5
2023-05-19 15:30:00,0.518,0.523,0.515,0.522,173531.6
2023-05-19 16:00:00,0.522,0.523,0.519,0.519,81854.9
2023-05-19 16:30:00,0.519,0.52,0.517,0.518,43202.0
2023-05-19 17:00:00,0.518,0.522,0.518,0.521,95962.8
2023-05-19 17:30:00,0.522,0.522,0.52,0.521,50042.9
2023-05-19 18:00:00,0.521,0.523,0.52,0.521,82945.7
2023-05-19 18:30:00,0.52,0.521,0.519,0.52,85713.1
2023-05-19 19:00:00,0.521,0.521,0.515,0.517,70179.0
2023-05-19 19:30:00,0.517,0.52,0.517,0.52,46800.1
2023-05-19 20:00:00,0.52,0.522,0.519,0.521,59272.1
2023-05-19 20:30:00,0.521,0.521,0.518,0.519,31380.9
2023-05-19 21:00:00,0.52,0.522,0.518,0.521,36157.3
2023-05-19 21:30:00,0.521,0.521,0.517,0.519,25366.6
2023-05-19 22:00:00,0.519,0.52,0.519,0.519,21278.1
2023-05-19 22:30:00,0.52,0.522,0.519,0.521,10127.9
2023-05-19 23:00:00,0.521,0.522,0.52,0.52,11109.7
2023-05-19 23:30:00,0.52,0.523,0.52,0.522,25005.3
2023-05-20 00:00:00,0.522,0.522,0.518,0.519,92102.6
2023-05-20 00:30:00,0.52,0.52,0.516,0.516,56355.4
2023-05-20 01:00:00,0.517,0.52,0.516,0.519,36260.5
2023-05-20 01:30:00,0.519,0.519,0.511,0.511,83886.2
2023-05-20 02:00:00,0.512,0.515,0.512,0.514,40926.6
2023-05-20 02:30:00,0.513,0.513,0.509,0.51,148069.9
2023-05-20 03:00:00,0.51,0.511,0.509,0.51,27674.1
2023-05-20 03:30:00,0.51,0.51,0.509,0.51,38913.7
2023-05-20 04:00:00,0.51,0.511,0.509,0.511,48864.3
2023-05-20 04:30:00,0.511,0.512,0.51,0.511,54979.9
2023-05-20 05:00:00,0.512,0.512,0.51,0.51,52842.8
2023-05-20 05:30:00,0.51,0.511,0.509,0.51,68514.0
2023-05-20 06:00:00,0.51,0.51,0.508,0.509,91239.5
2023-05-20 06:30:00,0.508,0.509,0.506,0.507,40919.0
2023-05-20 07:00:00,0.506,0.508,0.506,0.507,21013.9
2023-05-20 07:30:00,0.507,0.509,0.506,0.508,54638.5
2023-05-20 08:00:00,0.508,0.511,0.508,0.51,67517.7
2023-05-20 08:30:00,0.51,0.511,0.508,0.51,32420.9
2023-05-20 09:00:00,0.51,0.511,0.508,0.509,26231.9
2023-05-20 09:30:00,0.509,0.51,0.508,0.509,12780.1
2023-05-20 10:00:00,0.509,0.51,0.508,0.509,20839.6
2023-05-20 10:30:00,0.51,0.511,0.509,0.51,30727.5
2023-05-20 11:00:00,0.51,0.511,0.508,0.51,24552.4
2023-05-20 11:30:00,0.511,0.511,0.509,0.509,13344.1
2023-05-20 12:00:00,0.51,0.511,0.509,0.511,75219.2
2023-05-20 12:30:00,0.51,0.512,0.508,0.51,105676.2
2023-05-20 13:00:00,0.51,0.511,0.508,0.509,24559.0
2023-05-20 13:30:00,0.508,0.51,0.508,0.509,44670.2
2023-05-20 14:00:00,0.509,0.513,0.509,0.511,47297.6
2023-05-20 14:30:00,0.511,0.518,0.511,0.516,114719.3
2023-05-20 15:00:00,0.516,0.517,0.515,0.517,81774.5
2023-05-20 15:30:00,0.518,0.522,0.518,0.521,78276.0
2023-05-20 16:00:00,0.521,0.521,0.517,0.517,48984.0
2023-05-20 16:30:00,0.518,0.518,0.516,0.517,95766.3
2023-05-20 17:00:00,0.518,0.518,0.514,0.516,44955.9
2023-05-20 17:30:00,0.516,0.521,0.516,0.52,77845.0
2023-05-20 18:00:00,0.52,0.52,0.517,0.518,41822.6
2023-05-20 18:30:00,0.518,0.519,0.517,0.517,21510.8
2023-05-20 19:00:00,0.517,0.518,0.515,0.517,41446.4
2023-05-20 19:30:00,0.518,0.519,0.517,0.518,16774.9
2023-05-20 20:00:00,0.518,0.519,0.516,0.518,30306.8
2023-05-20 20:30:00,0.518,0.519,0.516,0.516,13994.8
2023-05-20 21:00:00,0.516,0.518,0.515,0.517,34641.9
2023-05-20 21:30:00,0.517,0.518,0.515,0.516,37013.2
2023-05-20 22:00:00,0.517,0.518,0.517,0.517,10911.6
2023-05-20 22:30:00,0.517,0.518,0.516,0.517,14657.6
2023-05-20 23:00:00,0.517,0.517,0.515,0.517,25026.8
2023-05-20 23:30:00,0.517,0.518,0.517,0.517,14141.7
2023-05-21 00:00:00,0.517,0.518,0.515,0.517,61643.9
2023-05-21 00:30:00,0.516,0.52,0.516,0.519,51136.3
2023-05-21 01:00:00,0.519,0.519,0.517,0.518,42677.4
2023-05-21 01:30:00,0.518,0.518,0.515,0.515,45146.8
2023-05-21 02:00:00,0.515,0.515,0.514,0.514,21736.8
2023-05-21 02:30:00,0.514,0.517,0.514,0.516,47238.6
2023-05-21 03:00:00,0.516,0.517,0.514,0.516,19139.5
2023-05-21 03:30:00,0.515,0.515,0.514,0.514,11540.1
2023-05-21 04:00:00,0.515,0.515,0.514,0.514,8888.9
2023-05-21 04:30:00,0.514,0.515,0.514,0.514,66462.1
2023-05-21 05:00:00,0.514,0.515,0.513,0.513,25624.6
2023-05-21 05:30:00,0.513,0.514,0.512,0.512,21351.0
2023-05-21 06:00:00,0.513,0.513,0.511,0.511,35800.2
2023-05-21 06:30:00,0.511,0.512,0.51,0.51,6719.9
2023-05-21 07:00:00,0.512,0.512,0.51,0.512,13992.1
2023-05-21 07:30:00,0.512,0.512,0.51,0.51,22908.1
2023-05-21 08:00:00,0.51,0.513,0.509,0.511,139792.7
2023-05-21 08:30:00,0.511,0.511,0.509,0.51,60948.0
2023-05-21 09:00:00,0.51,0.512,0.509,0.511,77289.0
2023-05-21 09:30:00,0.51,0.511,0.508,0.509,67965.3
2023-05-21 10:00:00,0.509,0.511,0.509,0.51,46915.9
2023-05-21 10:30:00,0.51,0.51,0.506,0.507,195460.8
2023-05-21 11:00:00,0.507,0.508,0.504,0.507,41295.8
2023-05-21 11:30:00,0.507,0.508,0.506,0.507,52338.4
2023-05-21 12:00:00,0.506,0.508,0.505,0.507,49842.6
2023-05-21 12:30:00,0.507,0.509,0.507,0.509,26664.8
2023-05-21 13:00:00,0.509,0.509,0.507,0.508,66737.0
2023-05-21 13:30:00,0.508,0.508,0.507,0.508,4602.2
2023-05-21 14:00:00,0.508,0.509,0.507,0.508,46511.7
2023-05-21 14:30:00,0.508,0.509,0.505,0.506,86908.9
2023-05-21 15:00:00,0.506,0.508,0.506,0.507,17358.8
2023-05-21 15:30:00,0.508,0.508,0.501,0.503,139916.5
2023-05-21 16:00:00,0.502,0.505,0.501,0.501,69711.3
2023-05-21 16:30:00,0.502,0.504,0.5,0.501,60761.7
2023-05-21 17:00:00,0.501,0.503,0.501,0.502,34403.1
2023-05-21 17:30:00,0.502,0.503,0.501,0.502,42418.2
2023-05-21 18:00:00,0.502,0.503,0.5,0.502,25902.5
2023-05-21 18:30:00,0.502,0.505,0.502,0.503,31455.3
2023-05-21 19:00:00,0.504,0.504,0.502,0.503,41249.9
2023-05-21 19:30:00,0.504,0.505,0.504,0.504,4415.7
2023-05-21 20:00:00,0.505,0.505,0.503,0.503,29699.7
2023-05-21 20:30:00,0.504,0.504,0.501,0.501,46358.4
2023-05-21 21:00:00,0.501,0.501,0.496,0.497,183754.0
2023-05-21 21:30:00,0.498,0.5,0.497,0.5,52045.8
2023-05-21 22:00:00,0.5,0.502,0.5,0.502,22027.5
2023-05-21 22:30:00,0.502,0.503,0.501,0.501,33571.9
2023-05-21 23:00:00,0.501,0.501,0.5,0.501,9656.6
2023-05-21 23:30:00,0.5,0.501,0.5,0.5,7222.0
2023-05-22 00:00:00,0.5,0.502,0.497,0.498,61494.9
2023-05-22 00:30:00,0.497,0.497,0.492,0.495,144586.3
2023-05-22 01:00:00,0.495,0.496,0.492,0.494,46595.5
2023-05-22 01:30:00,0.494,0.494,0.489,0.49,93269.2
2023-05-22 02:00:00,0.49,0.494,0.49,0.494,19617.4
2023-05-22 02:30:00,0.494,0.496,0.494,0.494,19896.8
2023-05-22 03:00:00,0.494,0.496,0.494,0.495,13705.8
2023-05-22 03:30:00,0.495,0.496,0.494,0.494,24251.8
2023-05-22 04:00:00,0.494,0.495,0.493,0.495,37756.5
2023-05-22 04:30:00,0.495,0.496,0.495,0.495,7648.7
2023-05-22 05:00:00,0.495,0.496,0.495,0.496,8856.3
2023-05-22 05:30:00,0.496,0.501,0.496,0.499,390372.6
2023-05-22 06:00:00,0.499,0.502,0.498,0.5,34551.8
2023-05-22 06:30:00,0.501,0.502,0.499,0.5,44487.7
2023-05-22 07:00:00,0.5,0.501,0.498,0.499,22141.4
2023-05-22 07:30:00,0.499,0.5,0.498,0.498,36482.6
2023-05-22 08:00:00,0.499,0.502,0.499,0.5,25644.8
2023-05-22 08:30:00,0.5,0.501,0.499,0.5,28571.2
2023-05-22 09:00:00,0.5,0.503,0.5,0.501,41050.4
2023-05-22 09:30:00,0.502,0.504,0.502,0.503,62427.9
2023-05-22 10:00:00,0.503,0.506,0.502,0.504,158752.0
2023-05-22 10:30:00,0.504,0.505,0.503,0.505,14615.5
2023-05-22 11:00:00,0.505,0.505,0.501,0.501,43963.2
2023-05-22 11:30:00,0.501,0.504,0.5,0.503,26180.7
2023-05-22 12:00:00,0.503,0.505,0.502,0.503,30656.5
2023-05-22 12:30:00,0.503,0.504,0.501,0.501,39413.4
2023-05-22 13:00:00,0.5,0.501,0.499,0.5,171448.3
2023-05-22 13:30:00,0.5,0.504,0.5,0.503,81542.7
2023-05-22 14:00:00,0.503,0.504,0.5,0.503,131944.3
2023-05-22 14:30:00,0.503,0.504,0.502,0.503,45826.8
2023-05-22 15:00:00,0.503,0.503,0.501,0.501,32016.4
2023-05-22 15:30:00,0.501,0.503,0.501,0.502,96976.5
2023-05-22 16:00:00,0.502,0.504,0.5,0.501,22267.3
2023-05-22 16:30:00,0.501,0.502,0.501,0.501,8952.9
2023-05-22 17:00:00,0.502,0.503,0.5,0.5,30725.6
2023-05-22 17:30:00,0.5,0.504,0.5,0.503,10532.5
2023-05-22 18:00:00,0.503,0.504,0.503,0.504,15971.0
2023-05-22 18:30:00,0.504,0.505,0.503,0.503,16508.3
2023-05-22 19:00:00,0.504,0.505,0.503,0.503,20610.2
2023-05-22 19:30:00,0.504,0.506,0.503,0.504,20722.4
2023-05-22 20:00:00,0.505,0.505,0.502,0.502,8943.1
2023-05-22 20:30:00,0.503,0.505,0.503,0.504,19129.7
2023-05-22 21:00:00,0.504,0.506,0.504,0.505,31935.5
2023-05-22 21:30:00,0.505,0.506,0.504,0.505,16460.8
2023-05-22 22:00:00,0.505,0.506,0.504,0.505,12803.3
2023-05-22 22:30:00,0.504,0.505,0.503,0.504,10566.7
2023-05-22 23:00:00,0.504,0.505,0.503,0.504,5902.2
2023-05-22 23:30:00,0.504,0.505,0.503,0.503,7134.1
2023-05-23 00:00:00,0.504,0.505,0.503,0.503,10553.6
2023-05-23 00:30:00,0.503,0.505,0.501,0.501,52293.8
2023-05-23 01:00:00,0.501,0.506,0.5,0.505,46771.8
2023-05-23 01:30:00,0.506,0.508,0.505,0.506,34739.2
2023-05-23 02:00:00,0.506,0.51,0.506,0.508,25694.3
2023-05-23 02:30:00,0.509,0.51,0.507,0.509,22527.0
2023-05-23 03:00:00,0.51,0.515,0.509,0.513,108033.6
2023-05-23 03:30:00,0.513,0.514,0.513,0.513,38351.5
2023-05-23 04:00:00,0.514,0.514,0.511,0.512,62511.0
2023-05-23 04:30:00,0.512,0.513,0.51,0.51,41571.6
2023-05-23 05:00:00,0.51,0.514,0.51,0.512,85044.0
2023-05-23 05:30:00,0.511,0.513,0.511,0.511,18416.9
2023-05-23 06:00:00,0.512,0.514,0.511,0.511,86633.8
2023-05-23 06:30:00,0.512,0.513,0.509,0.509,137206.7
2023-05-23 07:00:00,0.51,0.511,0.507,0.508,37909.2
2023-05-23 07:30:00,0.507,0.509,0.507,0.508,41067.4
2023-05-23 08:00:00,0.508,0.509,0.506,0.507,30730.8
2023-05-23 08:30:00,0.508,0.508,0.507,0.508,4903.2
2023-05-23 09:00:00,0.508,0.509,0.506,0.507,32006.3
2023-05-23 09:30:00,0.507,0.508,0.506,0.507,18896.8
2023-05-23 10:00:00,0.507,0.508,0.506,0.508,35567.5
2023-05-23 10:30:00,0.507,0.508,0.506,0.508,33183.3
2023-05-23 11:00:00,0.507,0.509,0.506,0.508,36774.7
2023-05-23 11:30:00,0.507,0.508,0.507,0.508,11787.1
2023-05-23 12:00:00,0.507,0.508,0.506,0.508,26884.4
2023-05-23 12:30:00,0.508,0.508,0.506,0.507,92862.1
2023-05-23 13:00:00,0.507,0.509,0.507,0.508,38809.5
2023-05-23 13:30:00,0.508,0.51,0.506,0.508,113094.1
2023-05-23 14:00:00,0.508,0.511,0.507,0.51,33949.8
2023-05-23 14:30:00,0.51,0.511,0.508,0.509,42261.8
2023-05-23 15:00:00,0.51,0.512,0.509,0.511,19163.7
2023-05-23 15:30:00,0.511,0.511,0.509,0.511,8467.2
2023-05-23 16:00:00,0.511,0.512,0.509,0.51,104281.7
2023-05-23 16:30:00,0.51,0.511,0.508,0.509,47520.9
2023-05-23 17:00:00,0.51,0.512,0.509,0.511,30812.5
2023-05-23 17:30:00,0.511,0.512,0.51,0.51,50329.8
2023-05-23 18:00:00,0.511,0.511,0.508,0.508,57452.6
2023-05-23 18:30:00,0.508,0.51,0.507,0.508,43241.0
2023-05-23 19:00:00,0.508,0.508,0.506,0.508,41736.5
2023-05-23 19:30:00,0.508,0.509,0.508,0.508,16018.8
2023-05-23 20:00:00,0.508,0.51,0.507,0.507,45079.9
2023-05-23 20:30:00,0.507,0.508,0.506,0.508,9382.4
2023-05-23 21:00:00,0.508,0.51,0.508,0.509,10101.5
2023-05-23 21:30:00,0.509,0.509,0.507,0.507,27537.2
2023-05-23 22:00:00,0.507,0.51,0.506,0.509,31524.0
2023-05-23 22:30:00,0.509,0.509,0.508,0.508,1837.8
2023-05-23 23:00:00,0.509,0.51,0.508,0.51,7831.2
2023-05-23 23:30:00,0.509,0.51,0.508,0.509,10459.3
2023-05-24 00:00:00,0.509,0.509,0.505,0.508,31978.7
2023-05-24 00:30:00,0.507,0.507,0.505,0.506,26338.0
2023-05-24 01:00:00,0.506,0.507,0.505,0.506,39645.1
2023-05-24 01:30:00,0.506,0.506,0.504,0.505,22212.4
2023-05-24 02:00:00,0.504,0.506,0.503,0.506,34134.8
2023-05-24 02:30:00,0.506,0.508,0.506,0.507,35742.9
2023-05-24 03:00:00,0.507,0.507,0.502,0.502,56156.7
2023-05-24 03:30:00,0.502,0.502,0.495,0.499,198494.8
2023-05-24 04:00:00,0.498,0.499,0.496,0.499,44738.0
2023-05-24 04:30:00,0.498,0.502,0.497,0.502,69215.2
2023-05-24 05:00:00,0.501,0.503,0.499,0.501,35670.2
2023-05-24 05:30:00,0.5,0.5,0.498,0.499,42367.0
2023-05-24 06:00:00,0.499,0.499,0.497,0.498,33914.3
2023-05-24 06:30:00,0.497,0.497,0.493,0.494,255174.7
2023-05-24 07:00:00,0.494,0.496,0.493,0.495,24485.9
2023-05-24 07:30:00,0.495,0.496,0.493,0.493,84923.1
2023-05-24 08:00:00,0.492,0.494,0.492,0.494,61576.5
2023-05-24 08:30:00,0.495,0.495,0.493,0.494,18959.6
2023-05-24 09:00:00,0.495,0.497,0.494,0.496,50222.3
2023-05-24 09:30:00,0.495,0.497,0.494,0.495,11606.6
2023-05-24 10:00:00,0.495,0.496,0.494,0.494,31954.5
2023-05-24 10:30:00,0.494,0.495,0.493,0.493,54624.3
2023-05-24 11:00:00,0.494,0.494,0.492,0.492,59613.4
2023-05-24 11:30:00,0.492,0.494,0.491,0.493,15608.7
2023-05-24 12:00:00,0.492,0.494,0.492,0.493,65003.4
2023-05-24 12:30:00,0.493,0.494,0.492,0.494,28229.6
2023-05-24 13:00:00,0.492,0.493,0.49,0.49,48175.8
2023-05-24 13:30:00,0.49,0.491,0.482,0.486,372323.0
2023-05-24 14:00:00,0.486,0.487,0.483,0.485,116551.8
2023-05-24 14:30:00,0.485,0.487,0.483,0.484,51330.3
2023-05-24 15:00:00,0.483,0.486,0.48,0.485,136428.1
2023-05-24 15:30:00,0.486,0.487,0.485,0.485,75022.3
2023-05-24 16:00:00,0.486,0.486,0.484,0.484,40001.7
2023-05-24 16:30:00,0.483,0.485,0.483,0.483,7515.5
2023-05-24 17:00:00,0.484,0.485,0.482,0.484,51720.9
2023-05-24 17:30:00,0.484,0.486,0.484,0.485,31423.1
2023-05-24 18:00:00,0.485,0.485,0.482,0.482,50929.1
2023-05-24 18:30:00,0.483,0.484,0.483,0.484,10588.5
2023-05-24 19:00:00,0.483,0.485,0.482,0.485,35354.9
2023-05-24 19:30:00,0.486,0.487,0.484,0.485,58459.8
2023-05-24 20:00:00,0.485,0.489,0.484,0.488,36995.4
2023-05-24 20:30:00,0.489,0.491,0.487,0.488,24469.8
2023-05-24 21:00:00,0.489,0.491,0.488,0.489,17198.3
2023-05-24 21:30:00,0.49,0.49,0.488,0.489,25869.0
2023-05-24 22:00:00,0.489,0.491,0.489,0.49,62359.1
2023-05-24 22:30:00,0.49,0.491,0.489,0.49,198697.3
2023-05-24 23:00:00,0.49,0.491,0.489,0.489,14166.9
2023-05-24 23:30:00,0.49,0.49,0.489,0.489,4265.8
2023-05-25 00:00:00,0.489,0.49,0.484,0.485,63564.7
2023-05-25 00:30:00,0.485,0.485,0.482,0.483,31307.7
2023-05-25 01:00:00,0.483,0.484,0.474,0.475,285432.8
2023-05-25 01:30:00,0.475,0.481,0.475,0.48,105333.4
2023-05-25 02:00:00,0.479,0.481,0.479,0.48,24060.6
2023-05-25 02:30:00,0.48,0.48,0.479,0.48,23428.7
2023-05-25 03:00:00,0.481,0.482,0.48,0.481,93545.9
2023-05-25 03:30:00,0.482,0.484,0.481,0.484,19028.0
2023-05-25 04:00:00,0.483,0.485,0.482,0.485,34413.9
2023-05-25 04:30:00,0.485,0.486,0.483,0.484,13370.1
2023-05-25 05:00:00,0.484,0.485,0.483,0.485,16585.0
2023-05-25 05:30:00,0.485,0.487,0.484,0.486,25754.8
2023-05-25 06:00:00,0.486,0.487,0.486,0.486,27500.1
2023-05-25 06:30:00,0.486,0.487,0.478,0.48,1091404.3
2023-05-25 07:00:00,0.48,0.501,0.48,0.494,2391250.3
2023-05-25 07:30:00,0.494,0.494,0.489,0.49,109014.9
2023-05-25 08:00:00,0.49,0.491,0.487,0.49,224449.2
2023-05-25 08:30:00,0.49,0.491,0.49,0.491,16375.3
2023-05-25 09:00:00,0.491,0.491,0.488,0.489,57250.0
2023-05-25 09:30:00,0.489,0.49,0.488,0.489,12567.3
2023-05-25 10:00:00,0.49,0.49,0.486,0.486,56546.9
2023-05-25 10:30:00,0.487,0.488,0.485,0.486,33745.2
2023-05-25 11:00:00,0.486,0.487,0.485,0.485,39771.7
2023-05-25 11:30:00,0.484,0.486,0.484,0.485,19478.7
2023-05-25 12:00:00,0.486,0.49,0.486,0.489,100773.1
2023-05-25 12:30:00,0.489,0.49,0.487,0.489,21514.9
2023-05-25 13:00:00,0.488,0.49,0.487,0.489,14874.5
2023-05-25 13:30:00,0.489,0.489,0.485,0.487,60198.4
2023-05-25 14:00:00,0.487,0.488,0.485,0.486,28488.2
2023-05-25 14:30:00,0.486,0.487,0.485,0.485,24580.3
2023-05-25 15:00:00,0.486,0.487,0.483,0.484,68337.6
2023-05-25 15:30:00,0.483,0.485,0.483,0.484,75475.7
2023-05-25 16:00:00,0.484,0.486,0.483,0.486,50335.1
2023-05-25 16:30:00,0.486,0.486,0.484,0.486,31232.2
2023-05-25 17:00:00,0.485,0.486,0.484,0.485,12012.1
2023-05-25 17:30:00,0.486,0.487,0.485,0.486,43686.3
2023-05-25 18:00:00,0.486,0.487,0.485,0.486,32472.9
2023-05-25 18:30:00,0.487,0.487,0.486,0.487,6294.7
2023-05-25 19:00:00,0.487,0.491,0.487,0.49,44249.3
2023-05-25 19:30:00,0.49,0.49,0.488,0.489,31381.9
2023-05-25 20:00:00,0.489,0.491,0.489,0.49,33287.1
2023-05-25 20:30:00,0.49,0.491,0.489,0.489,17253.0
2023-05-25 21:00:00,0.489,0.49,0.486,0.487,14971.8
2023-05-25 21:30:00,0.487,0.487,0.485,0.487,33592.0
2023-05-25 22:00:00,0.487,0.487,0.486,0.487,5429.1
2023-05-25 22:30:00,0.487,0.488,0.486,0.487,7102.7
2023-05-25 23:00:00,0.487,0.488,0.487,0.488,11222.9
2023-05-25 23:30:00,0.487,0.488,0.486,0.487,4247.8
2023-05-26 00:00:00,0.487,0.488,0.486,0.487,8245.8
2023-05-26 00:30:00,0.487,0.488,0.485,0.486,21881.8
2023-05-26 01:00:00,0.486,0.49,0.486,0.486,24745.3
2023-05-26 01:30:00,0.486,0.486,0.483,0.484,22974.0
2023-05-26 02:00:00,0.484,0.485,0.482,0.483,31185.6
2023-05-26 02:30:00,0.484,0.485,0.483,0.484,6739.7
2023-05-26 03:00:00,0.484,0.486,0.484,0.486,8096.3
2023-05-26 03:30:00,0.486,0.486,0.484,0.485,5976.0
2023-05-26 04:00:00,0.484,0.486,0.483,0.483,21734.2
2023-05-26 04:30:00,0.483,0.485,0.483,0.484,49599.4
2023-05-26 05:00:00,0.484,0.485,0.482,0.482,38133.2
2023-05-26 05:30:00,0.482,0.482,0.48,0.481,72733.3
2023-05-26 06:00:00,0.481,0.483,0.48,0.482,15499.1
2023-05-26 06:30:00,0.482,0.485,0.482,0.484,15097.2
2023-05-26 07:00:00,0.484,0.486,0.484,0.485,111478.9
2023-05-26 07:30:00,0.485,0.487,0.484,0.486,31002.3
2023-05-26 08:00:00,0.485,0.486,0.484,0.485,14202.2
2023-05-26 08:30:00,0.484,0.486,0.484,0.486,36361.4
2023-05-26 09:00:00,0.486,0.488,0.484,0.487,86284.5
2023-05-26 09:30:00,0.487,0.492,0.487,0.491,123301.0
2023-05-26 10:00:00,0.49,0.492,0.49,0.491,53227.3
2023-05-26 10:30:00,0.492,0.494,0.491,0.493,137567.6
2023-05-26 11:00:00,0.493,0.496,0.492,0.493,46513.6
2023-05-26 11:30:00,0.493,0.495,0.493,0.494,56564.3
2023-05-26 12:00:00,0.495,0.495,0.493,0.495,114603.9
2023-05-26 12:30:00,0.495,0.495,0.492,0.495,62599.0
2023-05-26 13:00:00,0.495,0.496,0.493,0.494,51489.9
2023-05-26 13:30:00,0.495,0.499,0.495,0.498,209139.2
2023-05-26 14:00:00,0.498,0.499,0.497,0.498,66351.3
2023-05-26 14:30:00,0.499,0.5,0.497,0.498,17473.9
2023-05-26 15:00:00,0.498,0.499,0.495,0.496,120714.3
2023-05-26 15:30:00,0.497,0.497,0.494,0.495,32937.9
2023-05-26 16:00:00,0.495,0.497,0.494,0.497,41487.7
2023-05-26 16:30:00,0.497,0.5,0.496,0.498,99122.7
2023-05-26 17:00:00,0.498,0.5,0.498,0.499,17032.1
2023-05-26 17:30:00,0.499,0.499,0.497,0.497,15911.6
2023-05-26 18:00:00,0.497,0.501,0.496,0.5,42455.3
2023-05-26 18:30:00,0.5,0.504,0.5,0.502,59475.2
2023-05-26 19:00:00,0.503,0.504,0.502,0.502,19650.1
2023-05-26 19:30:00,0.503,0.503,0.502,0.503,12017.8
2023-05-26 20:00:00,0.502,0.505,0.502,0.503,24259.6
2023-05-26 20:30:00,0.504,0.505,0.504,0.504,22878.2
2023-05-26 21:00:00,0.504,0.505,0.503,0.503,17229.3
2023-05-26 21:30:00,0.503,0.503,0.501,0.502,53832.8
2023-05-26 22:00:00,0.503,0.504,0.502,0.502,73907.0
2023-05-26 22:30:00,0.503,0.504,0.502,0.502,9433.9
2023-05-26 23:00:00,0.501,0.502,0.501,0.502,8048.7
2023-05-26 23:30:00,0.502,0.502,0.501,0.501,9888.5
2023-05-27 00:00:00,0.502,0.502,0.5,0.5,15048.4
2023-05-27 00:30:00,0.499,0.501,0.498,0.501,41658.2
2023-05-27 01:00:00,0.5,0.501,0.499,0.5,26827.6
2023-05-27 01:30:00,0.501,0.502,0.5,0.502,10349.9
2023-05-27 02:00:00,0.502,0.503,0.501,0.502,8129.0
2023-05-27 02:30:00,0.503,0.503,0.502,0.503,12920.2
2023-05-27 03:00:00,0.504,0.505,0.503,0.504,17529.5
2023-05-27 03:30:00,0.504,0.507,0.503,0.505,37490.1
2023-05-27 04:00:00,0.505,0.507,0.504,0.506,29187.5
2023-05-27 04:30:00,0.506,0.507,0.506,0.506,15562.2
2023-05-27 05:00:00,0.507,0.508,0.506,0.508,30695.3
2023-05-27 05:30:00,0.507,0.508,0.506,0.506,3880.4
2023-05-27 06:00:00,0.506,0.508,0.504,0.504,42808.0
2023-05-27 06:30:00,0.504,0.507,0.503,0.507,25627.0
2023-05-27 07:00:00,0.506,0.506,0.502,0.503,20165.8
2023-05-27 07:30:00,0.503,0.504,0.502,0.502,112309.8
2023-05-27 08:00:00,0.502,0.503,0.501,0.502,26062.1
2023-05-27 08:30:00,0.502,0.502,0.5,0.5,52506.9
2023-05-27 09:00:00,0.501,0.503,0.501,0.501,14436.1
2023-05-27 09:30:00,0.501,0.506,0.501,0.506,133798.1
2023-05-27 10:00:00,0.506,0.506,0.505,0.506,41513.2
2023-05-27 10:30:00,0.505,0.506,0.503,0.504,41043.7
2023-05-27 11:00:00,0.504,0.505,0.502,0.502,37735.9
2023-05-27 11:30:00,0.503,0.506,0.501,0.505,22714.1
2023-05-27 12:00:00,0.504,0.507,0.503,0.506,21708.1
2023-05-27 12:30:00,0.506,0.507,0.505,0.506,11221.1
2023-05-27 13:00:00,0.507,0.507,0.504,0.504,63814.8
2023-05-27 13:30:00,0.504,0.506,0.502,0.502,66042.8
2023-05-27 14:00:00,0.502,0.507,0.502,0.506,41488.3
2023-05-27 14:30:00,0.506,0.507,0.503,0.505,33823.8
2023-05-27 15:00:00,0.506,0.506,0.502,0.502,27751.9
2023-05-27 15:30:00,0.503,0.504,0.502,0.503,5254.0
2023-05-27 16:00:00,0.503,0.503,0.501,0.503,79701.8
2023-05-27 16:30:00,0.502,0.502,0.496,0.501,233595.8
2023-05-27 17:00:00,0.501,0.504,0.5,0.501,194256.6
2023-05-27 17:30:00,0.5,0.502,0.5,0.502,130401.7
2023-05-27 18:00:00,0.501,0.503,0.5,0.502,144150.6
2023-05-27 18:30:00,0.502,0.503,0.498,0.5,109975.8
2023-05-27 19:00:00,0.5,0.501,0.498,0.499,114771.2
2023-05-27 19:30:00,0.499,0.501,0.499,0.5,73898.4
2023-05-27 20:00:00,0.5,0.502,0.5,0.502,16506.6
2023-05-27 20:30:00,0.502,0.502,0.501,0.502,7494.2
2023-05-27 21:00:00,0.502,0.503,0.502,0.503,15677.6
2023-05-27 21:30:00,0.502,0.505,0.502,0.504,46431.5
2023-05-27 22:00:00,0.504,0.504,0.503,0.503,13574.4
2023-05-27 22:30:00,0.504,0.509,0.504,0.508,47122.1
2023-05-27 23:00:00,0.509,0.509,0.506,0.506,18598.3
2023-05-27 23:30:00,0.506,0.509,0.506,0.508,11100.5
2023-05-28 00:00:00,0.508,0.509,0.506,0.506,19842.8
2023-05-28 00:30:00,0.506,0.512,0.506,0.512,53400.8
2023-05-28 01:00:00,0.511,0.513,0.51,0.511,47549.8
2023-05-28 01:30:00,0.511,0.513,0.51,0.511,38653.3
2023-05-28 02:00:00,0.512,0.512,0.51,0.511,23737.7
2023-05-28 02:30:00,0.511,0.511,0.509,0.51,5879.5
2023-05-28 03:00:00,0.51,0.511,0.51,0.511,16791.2
2023-05-28 03:30:00,0.511,0.513,0.511,0.512,24799.1
2023-05-28 04:00:00,0.513,0.514,0.512,0.513,44268.4
2023-05-28 04:30:00,0.512,0.512,0.51,0.51,92947.9
2023-05-28 05:00:00,0.51,0.511,0.51,0.51,2352.9
2023-05-28 05:30:00,0.51,0.511,0.507,0.509,78385.3
2023-05-28 06:00:00,0.509,0.511,0.509,0.511,61030.1
2023-05-28 06:30:00,0.51,0.511,0.508,0.508,40562.8
2023-05-28 07:00:00,0.509,0.509,0.507,0.508,25996.2
2023-05-28 07:30:00,0.508,0.508,0.506,0.508,40598.3
2023-05-28 08:00:00,0.508,0.508,0.504,0.506,10840.3
2023-05-28 08:30:00,0.506,0.508,0.506,0.508,31692.6
2023-05-28 09:00:00,0.509,0.509,0.507,0.507,11204.0
2023-05-28 09:30:00,0.507,0.508,0.507,0.507,22322.3
2023-05-28 10:00:00,0.507,0.508,0.507,0.507,19291.0
2023-05-28 10:30:00,0.508,0.509,0.507,0.507,17485.5
2023-05-28 11:00:00,0.508,0.509,0.507,0.507,17797.1
2023-05-28 11:30:00,0.508,0.508,0.505,0.507,66211.4
2023-05-28 12:00:00,0.507,0.508,0.506,0.506,12881.9
2023-05-28 12:30:00,0.506,0.506,0.505,0.506,23823.0
2023-05-28 13:00:00,0.505,0.506,0.505,0.506,11809.2
2023-05-28 13:30:00,0.506,0.507,0.505,0.506,10411.9
2023-05-28 14:00:00,0.505,0.506,0.504,0.506,30703.5
2023-05-28 14:30:00,0.505,0.506,0.505,0.505,15489.7
2023-05-28 15:00:00,0.505,0.506,0.505,0.506,5275.7
2023-05-28 15:30:00,0.506,0.507,0.505,0.507,22380.5
2023-05-28 16:00:00,0.507,0.507,0.504,0.506,152534.5
2023-05-28 16:30:00,0.506,0.508,0.506,0.507,32791.7
2023-05-28 17:00:00,0.507,0.508,0.506,0.507,11735.0
2023-05-28 17:30:00,0.506,0.508,0.506,0.508,36684.1
2023-05-28 18:00:00,0.508,0.51,0.508,0.51,17417.8
2023-05-28 18:30:00,0.51,0.51,0.509,0.509,14589.9
2023-05-28 19:00:00,0.509,0.509,0.508,0.509,8690.4
2023-05-28 19:30:00,0.51,0.51,0.506,0.506,9933.1
2023-05-28 20:00:00,0.507,0.508,0.506,0.508,14802.6
2023-05-28 20:30:00,0.508,0.508,0.506,0.506,7240.1
2023-05-28 21:00:00,0.507,0.508,0.506,0.507,10616.9
2023-05-28 21:30:00,0.506,0.509,0.505,0.509,16233.9
2023-05-28 22:00:00,0.509,0.515,0.509,0.514,242102.7
2023-05-28 22:30:00,0.514,0.515,0.511,0.513,103189.8
2023-05-28 23:00:00,0.513,0.514,0.511,0.511,52421.1
2023-05-28 23:30:00,0.511,0.511,0.509,0.511,22749.7
2023-05-29 00:00:00,0.511,0.514,0.51,0.512,139516.4
2023-05-29 00:30:00,0.512,0.515,0.511,0.514,92792.2
2023-05-29 01:00:00,0.514,0.517,0.512,0.517,63508.4
2023-05-29 01:30:00,0.516,0.516,0.514,0.515,17713.6
2023-05-29 02:00:00,0.515,0.516,0.512,0.513,65946.7
2023-05-29 02:30:00,0.513,0.514,0.511,0.513,54642.7
2023-05-29 03:00:00,0.513,0.514,0.511,0.511,39976.8
2023-05-29 03:30:00,0.511,0.512,0.51,0.51,24275.4
2023-05-29 04:00:00,0.51,0.511,0.506,0.508,24122.4
2023-05-29 04:30:00,0.508,0.508,0.505,0.508,109717.4
2023-05-29 05:00:00,0.508,0.511,0.507,0.51,41711.6
2023-05-29 05:30:00,0.511,0.511,0.51,0.511,2221.1
2023-05-29 06:00:00,0.511,0.512,0.509,0.509,28179.0
2023-05-29 06:30:00,0.51,0.513,0.51,0.512,44654.4
2023-05-29 07:00:00,0.512,0.512,0.508,0.509,105734.6
2023-05-29 07:30:00,0.51,0.511,0.508,0.509,135331.1
2023-05-29 08:00:00,0.509,0.51,0.507,0.507,170762.0
2023-05-29 08:30:00,0.507,0.508,0.505,0.505,114404.9
2023-05-29 09:00:00,0.505,0.507,0.505,0.506,163655.4
2023-05-29 09:30:00,0.506,0.508,0.506,0.507,79233.3
2023-05-29 10:00:00,0.507,0.508,0.506,0.507,24691.6
2023-05-29 10:30:00,0.506,0.507,0.505,0.505,153413.7
2023-05-29 11:00:00,0.505,0.507,0.504,0.506,152129.2
2023-05-29 11:30:00,0.506,0.509,0.505,0.508,90878.0
2023-05-29 12:00:00,0.508,0.509,0.505,0.507,309234.6
2023-05-29 12:30:00,0.507,0.507,0.505,0.505,123252.4
2023-05-29 13:00:00,0.506,0.507,0.505,0.507,132497.9
2023-05-29 13:30:00,0.507,0.507,0.504,0.505,118466.2
2023-05-29 14:00:00,0.505,0.507,0.504,0.506,108672.7
2023-05-29 14:30:00,0.505,0.505,0.503,0.504,121829.2
2023-05-29 15:00:00,0.504,0.506,0.502,0.502,330477.6
2023-05-29 15:30:00,0.502,0.503,0.5,0.501,138519.9
2023-05-29 16:00:00,0.501,0.503,0.498,0.5,51043.9
2023-05-29 16:30:00,0.501,0.502,0.5,0.501,18333.5
2023-05-29 17:00:00,0.5,0.502,0.499,0.501,9598.0
2023-05-29 17:30:00,0.501,0.503,0.5,0.503,16157.1
2023-05-29 18:00:00,0.503,0.504,0.502,0.503,9119.5
2023-05-29 18:30:00,0.503,0.503,0.502,0.502,3305.4
2023-05-29 19:00:00,0.502,0.504,0.502,0.503,5766.0
2023-05-29 19:30:00,0.503,0.504,0.502,0.502,18168.9
2023-05-29 20:00:00,0.502,0.503,0.501,0.501,12832.0
2023-05-29 20:30:00,0.501,0.503,0.501,0.503,7219.0
2023-05-29 21:00:00,0.503,0.504,0.502,0.503,15832.0
2023-05-29 21:30:00,0.502,0.503,0.501,0.501,12228.7
2023-05-29 22:00:00,0.502,0.502,0.498,0.499,48619.5
2023-05-29 22:30:00,0.499,0.501,0.499,0.501,31073.5
2023-05-29 23:00:00,0.501,0.504,0.5,0.502,30795.6
2023-05-29 23:30:00,0.502,0.503,0.501,0.501,22257.3
2023-05-30 00:00:00,0.502,0.503,0.501,0.501,33964.7
2023-05-30 00:30:00,0.501,0.502,0.498,0.499,71214.8
2023-05-30 01:00:00,0.5,0.501,0.499,0.5,44419.8
2023-05-30 01:30:00,0.501,0.504,0.501,0.503,31515.3
2023-05-30 02:00:00,0.503,0.504,0.502,0.504,19916.7
2023-05-30 02:30:00,0.504,0.505,0.502,0.502,61491.0
2023-05-30 03:00:00,0.503,0.505,0.502,0.504,110965.6
2023-05-30 03:30:00,0.504,0.505,0.503,0.504,12354.9
2023-05-30 04:00:00,0.504,0.504,0.502,0.503,38650.8
2023-05-30 04:30:00,0.502,0.503,0.501,0.502,58522.1
2023-05-30 05:00:00,0.502,0.503,0.498,0.499,114099.2
2023-05-30 05:30:00,0.499,0.5,0.496,0.497,148057.0
2023-05-30 06:00:00,0.497,0.498,0.496,0.498,19205.3
2023-05-30 06:30:00,0.498,0.499,0.498,0.499,28978.4
2023-05-30 07:00:00,0.499,0.499,0.497,0.498,19412.9
2023-05-30 07:30:00,0.498,0.499,0.495,0.496,24247.1
2023-05-30 08:00:00,0.495,0.498,0.495,0.498,15972.1
2023-05-30 08:30:00,0.499,0.499,0.498,0.499,25733.8
2023-05-30 09:00:00,0.499,0.503,0.498,0.502,103942.4
2023-05-30 09:30:00,0.502,0.504,0.502,0.502,21727.9
2023-05-30 10:00:00,0.503,0.503,0.502,0.502,26257.1
2023-05-30 10:30:00,0.502,0.505,0.501,0.501,80591.1
2023-05-30 11:00:00,0.502,0.509,0.501,0.506,198636.8
2023-05-30 11:30:00,0.506,0.508,0.504,0.505,39344.9
2023-05-30 12:00:00,0.506,0.509,0.504,0.506,175015.9
2023-05-30 12:30:00,0.506,0.506,0.504,0.506,118828.2
2023-05-30 13:00:00,0.506,0.507,0.505,0.505,59741.8
2023-05-30 13:30:00,0.506,0.506,0.501,0.501,41074.3
2023-05-30 14:00:00,0.501,0.503,0.5,0.501,79247.5
2023-05-30 14:30:00,0.502,0.503,0.499,0.499,42568.0
2023-05-30 15:00:00,0.499,0.501,0.497,0.498,46760.8
2023-05-30 15:30:00,0.499,0.502,0.498,0.5,52185.2
2023-05-30 16:00:00,0.5,0.502,0.498,0.5,57923.2
2023-05-30 16:30:00,0.5,0.501,0.499,0.5,94534.8
2023-05-30 17:00:00,0.5,0.5,0.495,0.496,100103.7
2023-05-30 17:30:00,0.496,0.499,0.496,0.497,26620.3
2023-05-30 18:00:00,0.498,0.5,0.497,0.499,13160.8
2023-05-30 18:30:00,0.498,0.5,0.498,0.5,24645.1
2023-05-30 19:00:00,0.499,0.5,0.498,0.499,8081.7
2023-05-30 19:30:00,0.499,0.501,0.498,0.501,32457.4
2023-05-30 20:00:00,0.5,0.501,0.498,0.5,19366.1
2023-05-30 20:30:00,0.5,0.503,0.499,0.499,82675.7
2023-05-30 21:00:00,0.5,0.502,0.499,0.5,24587.2
2023-05-30 21:30:00,0.501,0.501,0.498,0.5,14694.2
2023-05-30 22:00:00,0.499,0.502,0.499,0.501,13749.9
2023-05-30 22:30:00,0.502,0.504,0.501,0.503,9290.7
2023-05-30 23:00:00,0.503,0.504,0.503,0.503,15533.8
2023-05-30 23:30:00,0.503,0.504,0.502,0.503,7168.2
2023-05-31 00:00:00,0.502,0.503,0.5,0.5,15330.0
2023-05-31 00:30:00,0.5,0.504,0.5,0.504,44613.5
2023-05-31 01:00:00,0.504,0.505,0.504,0.504,16030.3
2023-05-31 01:30:00,0.504,0.505,0.503,0.503,14233.1
2023-05-31 02:00:00,0.502,0.502,0.498,0.501,45192.4
2023-05-31 02:30:00,0.5,0.501,0.499,0.5,13957.9
2023-05-31 03:00:00,0.5,0.502,0.499,0.501,25199.2
2023-05-31 03:30:00,0.501,0.504,0.501,0.503,77071.7
2023-05-31 04:00:00,0.503,0.504,0.502,0.502,4799.9
2023-05-31 04:30:00,0.502,0.504,0.49,0.491,298069.1
2023-05-31 05:00:00,0.491,0.495,0.49,0.495,73941.4
2023-05-31 05:30:00,0.495,0.495,0.49,0.491,68348.9
2023-05-31 06:00:00,0.491,0.494,0.49,0.493,48338.3
2023-05-31 06:30:00,0.493,0.493,0.491,0.492,20206.2
2023-05-31 07:00:00,0.492,0.492,0.49,0.492,15434.3
2023-05-31 07:30:00,0.492,0.495,0.492,0.493,32965.4
2023-05-31 08:00:00,0.492,0.493,0.491,0.491,35293.0
2023-05-31 08:30:00,0.491,0.494,0.49,0.49,52130.8
2023-05-31 09:00:00,0.49,0.493,0.489,0.49,99237.0
2023-05-31 09:30:00,0.49,0.494,0.49,0.492,46412.1
2023-05-31 10:00:00,0.492,0.493,0.491,0.491,30503.7
2023-05-31 10:30:00,0.492,0.492,0.489,0.491,61629.5
2023-05-31 11:00:00,0.491,0.492,0.49,0.492,15117.1
2023-05-31 11:30:00,0.492,0.493,0.492,0.492,9394.9
2023-05-31 12:00:00,0.492,0.492,0.49,0.491,28569.5
2023-05-31 12:30:00,0.491,0.492,0.49,0.49,29865.6
2023-05-31 13:00:00,0.491,0.493,0.491,0.492,9752.0
2023-05-31 13:30:00,0.492,0.494,0.492,0.492,16673.1
2023-05-31 14:00:00,0.492,0.493,0.484,0.485,411369.2
2023-05-31 14:30:00,0.485,0.49,0.485,0.489,61566.0
2023-05-31 15:00:00,0.489,0.489,0.486,0.486,42396.9
2023-05-31 15:30:00,0.486,0.487,0.485,0.486,27556.2
2023-05-31 16:00:00,0.486,0.489,0.485,0.487,26739.7
2023-05-31 16:30:00,0.487,0.488,0.486,0.486,16991.9
2023-05-31 17:00:00,0.486,0.491,0.486,0.49,123425.5
2023-05-31 17:30:00,0.491,0.493,0.491,0.492,20385.3
2023-05-31 18:00:00,0.493,0.493,0.49,0.491,25721.0
2023-05-31 18:30:00,0.491,0.492,0.49,0.491,11994.4
2023-05-31 19:00:00,0.491,0.491,0.49,0.491,10400.9
2023-05-31 19:30:00,0.491,0.492,0.49,0.491,11082.8
2023-05-31 20:00:00,0.491,0.493,0.49,0.492,6459.3
2023-05-31 20:30:00,0.492,0.493,0.49,0.491,36469.7
2023-05-31 21:00:00,0.49,0.491,0.488,0.488,40202.6
2023-05-31 21:30:00,0.488,0.489,0.488,0.489,9547.2
2023-05-31 22:00:00,0.489,0.491,0.489,0.491,25845.4
2023-05-31 22:30:00,0.491,0.491,0.49,0.491,10166.3
2023-05-31 23:00:00,0.491,0.493,0.491,0.492,7711.9
2023-05-31 23:30:00,0.492,0.493,0.492,0.493,9035.5
2023-06-01 00:00:00,0.492,0.495,0.491,0.495,25366.9
2023-06-01 00:30:00,0.494,0.494,0.491,0.491,25510.7
2023-06-01 01:00:00,0.491,0.493,0.491,0.492,11680.6
2023-06-01 01:30:00,0.493,0.494,0.492,0.493,18359.0
2023-06-01 02:00:00,0.493,0.494,0.49,0.491,89509.3
2023-06-01 02:30:00,0.491,0.492,0.483,0.484,248579.7
2023-06-01 03:00:00,0.484,0.486,0.482,0.486,38018.4
2023-06-01 03:30:00,0.486,0.487,0.485,0.486,15716.7
2023-06-01 04:00:00,0.487,0.487,0.486,0.486,23476.2
2023-06-01 04:30:00,0.487,0.488,0.486,0.486,34259.3
2023-06-01 05:00:00,0.486,0.487,0.486,0.486,7412.8
2023-06-01 05:30:00,0.486,0.486,0.485,0.486,2599.3
2023-06-01 06:00:00,0.486,0.487,0.486,0.486,9631.2
2023-06-01 06:30:00,0.486,0.488,0.486,0.487,11920.7
2023-06-01 07:00:00,0.487,0.488,0.484,0.487,85071.4
2023-06-01 07:30:00,0.486,0.487,0.485,0.485,7222.6
2023-06-01 08:00:00,0.485,0.487,0.484,0.487,61439.3
2023-06-01 08:30:00,0.487,0.487,0.485,0.486,41295.2
2023-06-01 09:00:00,0.486,0.489,0.486,0.488,8568.4
2023-06-01 09:30:00,0.489,0.489,0.488,0.489,4694.2
2023-06-01 10:00:00,0.489,0.489,0.487,0.488,10236.2
2023-06-01 10:30:00,0.488,0.488,0.487,0.487,8700.1
2023-06-01 11:00:00,0.487,0.488,0.486,0.487,22690.5
2023-06-01 11:30:00,0.487,0.489,0.487,0.489,13373.5
2023-06-01 12:00:00,0.488,0.488,0.487,0.487,26236.4
2023-06-01 12:30:00,0.487,0.489,0.487,0.489,60254.5
2023-06-01 13:00:00,0.488,0.489,0.488,0.488,38525.6
2023-06-01 13:30:00,0.488,0.488,0.486,0.486,20697.3
2023-06-01 14:00:00,0.486,0.487,0.484,0.486,47898.8
2023-06-01 14:30:00,0.485,0.487,0.485,0.487,16181.5
2023-06-01 15:00:00,0.486,0.488,0.486,0.487,21270.6
2023-06-01 15:30:00,0.488,0.488,0.486,0.486,6693.5
2023-06-01 16:00:00,0.487,0.489,0.486,0.488,48408.1
2023-06-01 16:30:00,0.488,0.491,0.485,0.491,74863.6
2023-06-01 17:00:00,0.491,0.492,0.488,0.491,92766.8
2023-06-01 17:30:00,0.49,0.49,0.489,0.489,16248.0
2023-06-01 18:00:00,0.489,0.491,0.488,0.491,22240.7
2023-06-01 18:30:00,0.49,0.49,0.488,0.489,33902.7
2023-06-01 19:00:00,0.489,0.49,0.487,0.487,21513.0
2023-06-01 19:30:00,0.487,0.487,0.485,0.487,26637.9
2023-06-01 20:00:00,0.488,0.489,0.487,0.488,12710.7
2023-06-01 20:30:00,0.487,0.488,0.486,0.487,9443.1
2023-06-01 21:00:00,0.487,0.488,0.486,0.487,10931.9
2023-06-01 21:30:00,0.487,0.487,0.485,0.485,13231.4
2023-06-01 22:00:00,0.486,0.486,0.484,0.485,23592.7
2023-06-01 22:30:00,0.485,0.486,0.484,0.486,16564.0
2023-06-01 23:00:00,0.485,0.486,0.484,0.485,10911.9
2023-06-01 23:30:00,0.484,0.485,0.482,0.485,34459.1
2023-06-02 00:00:00,0.484,0.485,0.481,0.482,32861.9
2023-06-02 00:30:00,0.482,0.485,0.478,0.485,51500.8
2023-06-02 01:00:00,0.485,0.486,0.483,0.485,24249.5
2023-06-02 01:30:00,0.485,0.487,0.485,0.486,24156.8
2023-06-02 02:00:00,0.485,0.49,0.485,0.49,19985.8
2023-06-02 02:30:00,0.49,0.49,0.488,0.489,36134.4
2023-06-02 03:00:00,0.489,0.49,0.489,0.489,15653.2
2023-06-02 03:30:00,0.489,0.489,0.488,0.489,10433.3
2023-06-02 04:00:00,0.49,0.492,0.49,0.492,32448.7
2023-06-02 04:30:00,0.492,0.493,0.49,0.49,48110.2
2023-06-02 05:00:00,0.49,0.492,0.49,0.491,14331.3
2023-06-02 05:30:00,0.492,0.492,0.49,0.49,130674.3
2023-06-02 06:00:00,0.491,0.491,0.49,0.49,5137.2
2023-06-02 06:30:00,0.49,0.49,0.488,0.488,83849.8
2023-06-02 07:00:00,0.488,0.488,0.487,0.488,15892.3
2023-06-02 07:30:00,0.488,0.488,0.487,0.487,8490.0
2023-06-02 08:00:00,0.488,0.489,0.487,0.489,45181.8
2023-06-02 08:30:00,0.489,0.49,0.488,0.49,20932.0
2023-06-02 09:00:00,0.49,0.492,0.49,0.49,38326.2
2023-06-02 09:30:00,0.49,0.492,0.49,0.492,69884.7
2023-06-02 10:00:00,0.491,0.492,0.49,0.492,16876.2
2023-06-02 10:30:00,0.492,0.492,0.49,0.491,26341.3
2023-06-02 11:00:00,0.492,0.492,0.491,0.491,4958.5
2023-06-02 11:30:00,0.491,0.494,0.491,0.492,19809.7
2023-06-02 12:00:00,0.492,0.493,0.49,0.491,44819.5
2023-06-02 12:30:00,0.49,0.491,0.487,0.49,65899.9
2023-06-02 13:00:00,0.489,0.491,0.488,0.489,24104.3
2023-06-02 13:30:00,0.489,0.49,0.485,0.486,71999.5
2023-06-02 14:00:00,0.486,0.488,0.486,0.487,28170.5
2023-06-02 14:30:00,0.487,0.489,0.486,0.488,75887.9
2023-06-02 15:00:00,0.488,0.489,0.488,0.488,4417.6
2023-06-02 15:30:00,0.488,0.489,0.487,0.488,44419.5
2023-06-02 16:00:00,0.489,0.489,0.484,0.487,306740.6
2023-06-02 16:30:00,0.487,0.488,0.486,0.487,35750.5
2023-06-02 17:00:00,0.487,0.487,0.485,0.486,56222.3
2023-06-02 17:30:00,0.486,0.488,0.486,0.486,66874.7
2023-06-02 18:00:00,0.486,0.487,0.485,0.487,66476.9
2023-06-02 18:30:00,0.487,0.49,0.487,0.489,20459.5
2023-06-02 19:00:00,0.489,0.49,0.488,0.49,85999.7
2023-06-02 19:30:00,0.489,0.491,0.489,0.491,37962.0
2023-06-02 20:00:00,0.491,0.491,0.49,0.491,17755.6
2023-06-02 20:30:00,0.491,0.491,0.489,0.49,45841.2
2023-06-02 21:00:00,0.489,0.489,0.487,0.488,14176.9
2023-06-02 21:30:00,0.488,0.491,0.488,0.49,40035.6
2023-06-02 22:00:00,0.489,0.491,0.489,0.49,7291.8
2023-06-02 22:30:00,0.49,0.491,0.488,0.489,36723.2
2023-06-02 23:00:00,0.49,0.49,0.488,0.489,26542.4
2023-06-02 23:30:00,0.488,0.489,0.487,0.488,7797.9
2023-06-03 00:00:00,0.488,0.488,0.487,0.488,2465.4
2023-06-03 00:30:00,0.487,0.487,0.485,0.486,43636.6
2023-06-03 01:00:00,0.485,0.489,0.484,0.487,99234.0
2023-06-03 01:30:00,0.486,0.487,0.485,0.486,8331.1
2023-06-03 02:00:00,0.486,0.487,0.485,0.487,16025.9
2023-06-03 02:30:00,0.486,0.487,0.486,0.487,30317.3
2023-06-03 03:00:00,0.487,0.488,0.486,0.487,16683.4
2023-06-03 03:30:00,0.486,0.487,0.486,0.487,1727.1
2023-06-03 04:00:00,0.487,0.487,0.486,0.486,2928.4
2023-06-03 04:30:00,0.486,0.488,0.485,0.487,14904.5
2023-06-03 05:00:00,0.487,0.487,0.486,0.487,11139.1
2023-06-03 05:30:00,0.486,0.487,0.485,0.486,6007.1
2023-06-03 06:00:00,0.487,0.488,0.486,0.487,25457.0
2023-06-03 06:30:00,0.487,0.489,0.487,0.488,16707.1
2023-06-03 07:00:00,0.489,0.495,0.487,0.494,189234.3
2023-06-03 07:30:00,0.494,0.507,0.494,0.502,1039406.4
2023-06-03 08:00:00,0.502,0.502,0.497,0.499,184631.6
2023-06-03 08:30:00,0.499,0.501,0.496,0.499,66092.1
2023-06-03 09:00:00,0.5,0.505,0.5,0.504,61105.7
2023-06-03 09:30:00,0.504,0.505,0.501,0.501,53428.0
2023-06-03 10:00:00,0.501,0.502,0.499,0.502,25125.6
2023-06-03 10:30:00,0.502,0.502,0.501,0.502,14386.1
2023-06-03 11:00:00,0.502,0.503,0.5,0.501,23295.5
2023-06-03 11:30:00,0.502,0.502,0.501,0.501,23964.7
2023-06-03 12:00:00,0.501,0.502,0.5,0.5,25859.8
2023-06-03 12:30:00,0.501,0.504,0.501,0.504,25862.0
2023-06-03 13:00:00,0.503,0.503,0.499,0.5,63388.0
2023-06-03 13:30:00,0.499,0.501,0.497,0.499,66242.4
2023-06-03 14:00:00,0.5,0.503,0.499,0.502,34907.4
2023-06-03 14:30:00,0.502,0.504,0.501,0.502,42985.0
2023-06-03 15:00:00,0.503,0.504,0.501,0.503,32756.8
2023-06-03 15:30:00,0.504,0.506,0.503,0.504,59056.4
2023-06-03 16:00:00,0.504,0.504,0.501,0.502,78338.4
2023-06-03 16:30:00,0.502,0.503,0.5,0.501,79707.7
2023-06-03 17:00:00,0.501,0.501,0.498,0.498,76157.5
2023-06-03 17:30:00,0.498,0.5,0.498,0.498,127057.6
2023-06-03 18:00:00,0.498,0.498,0.495,0.498,56290.7
2023-06-03 18:30:00,0.499,0.499,0.496,0.496,9933.7
2023-06-03 19:00:00,0.496,0.496,0.492,0.492,44128.8
2023-06-03 19:30:00,0.493,0.495,0.492,0.494,42946.7
2023-06-03 20:00:00,0.493,0.494,0.492,0.493,25653.5
2023-06-03 20:30:00,0.493,0.494,0.492,0.492,28667.6
2023-06-03 21:00:00,0.493,0.493,0.49,0.491,37038.0
2023-06-03 21:30:00,0.491,0.492,0.49,0.49,13785.3
2023-06-03 22:00:00,0.49,0.492,0.489,0.492,14057.5
2023-06-03 22:30:00,0.492,0.493,0.492,0.493,6616.5
2023-06-03 23:00:00,0.493,0.493,0.492,0.493,15061.7
2023-06-03 23:30:00,0.493,0.494,0.492,0.492,43790.6
2023-06-04 00:00:00,0.492,0.492,0.489,0.49,28146.2
2023-06-04 00:30:00,0.49,0.49,0.488,0.489,44302.1
2023-06-04 01:00:00,0.488,0.493,0.488,0.492,26822.1
2023-06-04 01:30:00,0.492,0.493,0.491,0.493,15381.7
2023-06-04 02:00:00,0.492,0.494,0.492,0.493,16215.1
2023-06-04 02:30:00,0.493,0.495,0.493,0.495,23795.9
2023-06-04 03:00:00,0.495,0.495,0.493,0.494,15383.6
2023-06-04 03:30:00,0.494,0.495,0.493,0.495,12934.6
2023-06-04 04:00:00,0.494,0.496,0.493,0.495,17664.0
2023-06-04 04:30:00,0.495,0.496,0.494,0.496,8628.4
2023-06-04 05:00:00,0.496,0.496,0.492,0.492,35778.1
2023-06-04 05:30:00,0.493,0.494,0.492,0.494,9548.1
2023-06-04 06:00:00,0.493,0.493,0.492,0.493,9060.5
2023-06-04 06:30:00,0.493,0.495,0.493,0.494,4475.7
2023-06-04 07:00:00,0.495,0.496,0.494,0.496,20128.2
2023-06-04 07:30:00,0.496,0.496,0.494,0.496,12266.7
2023-06-04 08:00:00,0.496,0.497,0.495,0.496,9286.9
2023-06-04 08:30:00,0.496,0.496,0.495,0.495,12997.0
2023-06-04 09:00:00,0.496,0.498,0.495,0.497,81624.7
2023-06-04 09:30:00,0.498,0.498,0.496,0.498,9910.9
2023-06-04 10:00:00,0.498,0.498,0.496,0.496,18003.5
2023-06-04 10:30:00,0.496,0.498,0.496,0.497,8432.1
2023-06-04 11:00:00,0.496,0.498,0.496,0.496,29626.2
2023-06-04 11:30:00,0.496,0.498,0.496,0.497,13129.9
2023-06-04 12:00:00,0.497,0.498,0.495,0.496,20619.2
2023-06-04 12:30:00,0.496,0.498,0.496,0.497,12678.3
2023-06-04 13:00:00,0.498,0.5,0.498,0.5,41217.6
2023-06-04 13:30:00,0.5,0.502,0.498,0.499,156658.4
2023-06-04 14:00:00,0.499,0.5,0.497,0.498,54545.6
2023-06-04 14:30:00,0.499,0.5,0.497,0.499,36461.7
2023-06-04 15:00:00,0.498,0.499,0.496,0.497,32085.1
2023-06-04 15:30:00,0.497,0.498,0.496,0.497,76765.5
2023-06-04 16:00:00,0.498,0.498,0.496,0.496,25974.7
2023-06-04 16:30:00,0.496,0.504,0.496,0.502,116136.7
2023-06-04 17:00:00,0.503,0.504,0.5,0.503,57844.0
2023-06-04 17:30:00,0.504,0.506,0.502,0.502,38532.3
2023-06-04 18:00:00,0.502,0.505,0.502,0.505,26170.5
2023-06-04 18:30:00,0.505,0.506,0.503,0.504,20145.4
2023-06-04 19:00:00,0.504,0.506,0.504,0.505,24048.6
2023-06-04 19:30:00,0.505,0.506,0.504,0.505,9461.7
2023-06-04 20:00:00,0.505,0.506,0.503,0.504,41647.5
2023-06-04 20:30:00,0.504,0.506,0.503,0.505,17900.1
2023-06-04 21:00:00,0.505,0.506,0.504,0.504,22390.7
2023-06-04 21:30:00,0.504,0.504,0.502,0.502,23477.7
2023-06-04 22:00:00,0.502,0.507,0.501,0.502,65409.7
2023-06-04 22:30:00,0.503,0.505,0.503,0.505,19653.9
2023-06-04 23:00:00,0.504,0.506,0.502,0.502,21547.0
2023-06-04 23:30:00,0.502,0.502,0.499,0.499,23919.0
2023-06-05 00:00:00,0.499,0.501,0.497,0.499,54346.8
2023-06-05 00:30:00,0.5,0.5,0.496,0.497,27669.1
2023-06-05 01:00:00,0.496,0.497,0.494,0.497,71594.0
2023-06-05 01:30:00,0.497,0.499,0.496,0.497,10423.0
2023-06-05 02:00:00,0.497,0.503,0.497,0.501,32748.6
2023-06-05 02:30:00,0.501,0.501,0.489,0.49,145101.8
2023-06-05 03:00:00,0.49,0.492,0.49,0.491,34695.4
2023-06-05 03:30:00,0.491,0.491,0.482,0.483,79760.1
2023-06-05 04:00:00,0.484,0.487,0.483,0.485,41493.3
2023-06-05 04:30:00,0.486,0.486,0.484,0.486,47635.6
2023-06-05 05:00:00,0.486,0.486,0.483,0.485,104059.9
2023-06-05 05:30:00,0.486,0.487,0.485,0.486,38696.1
2023-06-05 06:00:00,0.486,0.489,0.485,0.489,103724.6
2023-06-05 06:30:00,0.489,0.489,0.487,0.487,25374.1
2023-06-05 07:00:00,0.487,0.489,0.486,0.489,44085.9
2023-06-05 07:30:00,0.489,0.502,0.488,0.501,638883.3
2023-06-05 08:00:00,0.501,0.513,0.5,0.506,1438300.1
2023-06-05 08:30:00,0.506,0.512,0.504,0.51,554186.8
2023-06-05 09:00:00,0.509,0.511,0.505,0.508,870028.2
2023-06-05 09:30:00,0.509,0.527,0.506,0.518,936537.9
2023-06-05 10:00:00,0.517,0.517,0.506,0.509,518954.7
2023-06-05 10:30:00,0.509,0.518,0.508,0.515,858200.1
2023-06-05 11:00:00,0.515,0.518,0.51,0.511,617957.1
2023-06-05 11:30:00,0.511,0.512,0.507,0.51,197966.2
2023-06-05 12:00:00,0.51,0.512,0.505,0.506,176964.4
2023-06-05 12:30:00,0.506,0.507,0.504,0.506,258340.7
2023-06-05 13:00:00,0.505,0.51,0.503,0.509,268908.3
2023-06-05 13:30:00,0.509,0.511,0.506,0.509,233408.3
2023-06-05 14:00:00,0.509,0.514,0.509,0.511,153923.5
2023-06-05 14:30:00,0.511,0.511,0.503,0.504,545765.2
2023-06-05 15:00:00,0.505,0.506,0.483,0.486,1341150.8
2023-06-05 15:30:00,0.486,0.488,0.442,0.447,1561191.6
2023-06-05 16:00:00,0.448,0.449,0.412,0.44,3039442.6
2023-06-05 16:30:00,0.44,0.44,0.43,0.435,618554.9
2023-06-05 17:00:00,0.434,0.435,0.431,0.433,379525.2
2023-06-05 17:30:00,0.433,0.436,0.431,0.434,191242.2
2023-06-05 18:00:00,0.434,0.434,0.429,0.43,230316.3
2023-06-05 18:30:00,0.43,0.431,0.428,0.429,85878.2
2023-06-05 19:00:00,0.43,0.43,0.424,0.426,501847.5
2023-06-05 19:30:00,0.426,0.43,0.425,0.43,197432.9
2023-06-05 20:00:00,0.429,0.43,0.427,0.428,93501.1
2023-06-05 20:30:00,0.429,0.429,0.423,0.425,223959.8
2023-06-05 21:00:00,0.425,0.425,0.417,0.421,233455.9
2023-06-05 21:30:00,0.42,0.422,0.417,0.422,139181.1
2023-06-05 22:00:00,0.421,0.422,0.419,0.42,170319.3
2023-06-05 22:30:00,0.42,0.422,0.419,0.421,114671.6
2023-06-05 23:00:00,0.421,0.428,0.421,0.428,390544.4
2023-06-05 23:30:00,0.428,0.432,0.428,0.43,159645.6
2023-06-06 00:00:00,0.429,0.43,0.427,0.429,206969.9
2023-06-06 00:30:00,0.429,0.429,0.425,0.427,143911.2
2023-06-06 01:00:00,0.427,0.427,0.422,0.423,50142.9
2023-06-06 01:30:00,0.423,0.424,0.42,0.421,87336.8
2023-06-06 02:00:00,0.421,0.428,0.421,0.428,264328.8
2023-06-06 02:30:00,0.428,0.429,0.427,0.427,91623.7
2023-06-06 03:00:00,0.428,0.428,0.424,0.425,191322.1
2023-06-06 03:30:00,0.425,0.426,0.424,0.426,59604.9
2023-06-06 04:00:00,0.425,0.427,0.425,0.427,72288.8
2023-06-06 04:30:00,0.428,0.428,0.427,0.428,42206.4
2023-06-06 05:00:00,0.428,0.428,0.425,0.425,58776.8
2023-06-06 05:30:00,0.425,0.426,0.425,0.426,16633.2
2023-06-06 06:00:00,0.425,0.426,0.424,0.424,135292.5
2023-06-06 06:30:00,0.425,0.425,0.423,0.424,60532.5
2023-06-06 07:00:00,0.424,0.426,0.423,0.426,81694.3
2023-06-06 07:30:00,0.426,0.427,0.422,0.423,174478.0
2023-06-06 08:00:00,0.423,0.425,0.423,0.424,66069.8
2023-06-06 08:30:00,0.424,0.426,0.424,0.426,116072.5
2023-06-06 09:00:00,0.427,0.429,0.426,0.429,154032.3
2023-06-06 09:30:00,0.429,0.43,0.427,0.43,61804.5
2023-06-06 10:00:00,0.43,0.431,0.428,0.43,49271.6
2023-06-06 10:30:00,0.429,0.43,0.426,0.428,387158.5
2023-06-06 11:00:00,0.427,0.428,0.425,0.426,143112.3
2023-06-06 11:30:00,0.425,0.426,0.424,0.425,75818.0
2023-06-06 12:00:00,0.425,0.426,0.418,0.42,712627.5
2023-06-06 12:30:00,0.42,0.422,0.417,0.417,209312.3
2023-06-06 13:00:00,0.419,0.42,0.415,0.419,347390.1
2023-06-06 13:30:00,0.419,0.426,0.417,0.425,306349.6
2023-06-06 14:00:00,0.426,0.433,0.425,0.43,373477.5
2023-06-06 14:30:00,0.43,0.433,0.429,0.433,261442.2
2023-06-06 15:00:00,0.433,0.434,0.429,0.432,427732.3
2023-06-06 15:30:00,0.433,0.435,0.431,0.434,178322.1
2023-06-06 16:00:00,0.435,0.44,0.434,0.439,240108.5
2023-06-06 16:30:00,0.438,0.44,0.435,0.44,195755.1
2023-06-06 17:00:00,0.44,0.442,0.436,0.442,222791.0
2023-06-06 17:30:00,0.442,0.443,0.439,0.442,132877.2
2023-06-06 18:00:00,0.442,0.443,0.441,0.442,90140.5
2023-06-06 18:30:00,0.443,0.443,0.44,0.441,84063.9
2023-06-06 19:00:00,0.442,0.447,0.441,0.447,141799.0
2023-06-06 19:30:00,0.447,0.452,0.447,0.451,221372.8
2023-06-06 20:00:00,0.451,0.451,0.446,0.447,149281.4
2023-06-06 20:30:00,0.447,0.448,0.443,0.443,245262.0
2023-06-06 21:00:00,0.444,0.445,0.443,0.443,48365.3
2023-06-06 21:30:00,0.443,0.447,0.443,0.445,71335.9
2023-06-06 22:00:00,0.445,0.446,0.444,0.444,28881.7
2023-06-06 22:30:00,0.444,0.447,0.444,0.446,9155.8
2023-06-06 23:00:00,0.447,0.449,0.446,0.448,44664.1
2023-06-06 23:30:00,0.448,0.448,0.445,0.446,76443.0
2023-06-07 00:00:00,0.447,0.447,0.441,0.442,110961.9
2023-06-07 00:30:00,0.442,0.444,0.441,0.442,24724.4
2023-06-07 01:00:00,0.441,0.442,0.438,0.439,235241.2
2023-06-07 01:30:00,0.439,0.44,0.438,0.438,53042.9
2023-06-07 02:00:00,0.438,0.439,0.436,0.436,37677.4
2023-06-07 02:30:00,0.437,0.438,0.436,0.437,52810.4
2023-06-07 03:00:00,0.438,0.438,0.435,0.436,41932.7
2023-06-07 03:30:00,0.435,0.436,0.433,0.436,58419.5
2023-06-07 04:00:00,0.436,0.439,0.436,0.438,35666.3
2023-06-07 04:30:00,0.437,0.438,0.437,0.438,14205.4
2023-06-07 05:00:00,0.438,0.44,0.436,0.436,135813.9
2023-06-07 05:30:00,0.437,0.438,0.436,0.437,16270.0
2023-06-07 06:00:00,0.436,0.438,0.435,0.435,42290.9
2023-06-07 06:30:00,0.435,0.436,0.432,0.433,51300.6
2023-06-07 07:00:00,0.432,0.432,0.43,0.431,67774.6
2023-06-07 07:30:00,0.432,0.433,0.431,0.432,43749.1
2023-06-07 08:00:00,0.432,0.433,0.431,0.432,60710.6
2023-06-07 08:30:00,0.432,0.434,0.431,0.434,21524.1
2023-06-07 09:00:00,0.434,0.434,0.431,0.432,35689.6
2023-06-07 09:30:00,0.432,0.432,0.423,0.425,242307.5
2023-06-07 10:00:00,0.424,0.426,0.42,0.425,243813.1
2023-06-07 10:30:00,0.425,0.426,0.423,0.424,65281.1
2023-06-07 11:00:00,0.424,0.427,0.424,0.427,58600.2
2023-06-07 11:30:00,0.427,0.429,0.424,0.425,120411.7
2023-06-07 12:00:00,0.424,0.425,0.42,0.421,129296.4
2023-06-07 12:30:00,0.422,0.426,0.422,0.423,214602.1
2023-06-07 13:00:00,0.423,0.425,0.421,0.421,245159.2
2023-06-07 13:30:00,0.421,0.422,0.417,0.42,466732.6
2023-06-07 14:00:00,0.42,0.42,0.415,0.417,219495.4
2023-06-07 14:30:00,0.417,0.417,0.409,0.413,359305.4
2023-06-07 15:00:00,0.412,0.413,0.408,0.41,184628.3
2023-06-07 15:30:00,0.411,0.413,0.409,0.411,227960.8
2023-06-07 16:00:00,0.411,0.411,0.407,0.408,130539.8
2023-06-07 16:30:00,0.409,0.413,0.408,0.411,93653.0
2023-06-07 17:00:00,0.41,0.411,0.408,0.41,85689.2
2023-06-07 17:30:00,0.41,0.413,0.41,0.413,176771.0
2023-06-07 18:00:00,0.413,0.413,0.411,0.412,27715.3
2023-06-07 18:30:00,0.412,0.412,0.41,0.411,24808.1
2023-06-07 19:00:00,0.411,0.411,0.409,0.41,154103.6
2023-06-07 19:30:00,0.409,0.411,0.409,0.411,26972.3
2023-06-07 20:00:00,0.41,0.41,0.409,0.41,22280.3
2023-06-07 20:30:00,0.41,0.412,0.41,0.411,31670.5
2023-06-07 21:00:00,0.411,0.412,0.41,0.412,69824.9
2023-06-07 21:30:00,0.411,0.411,0.404,0.405,303128.5
2023-06-07 22:00:00,0.404,0.409,0.403,0.406,437155.8
2023-06-07 22:30:00,0.405,0.406,0.4,0.402,1230799.0
2023-06-07 23:00:00,0.402,0.404,0.402,0.404,75929.6
2023-06-07 23:30:00,0.404,0.405,0.404,0.404,30900.3
2023-06-08 00:00:00,0.405,0.405,0.403,0.404,34907.4
2023-06-08 00:30:00,0.404,0.406,0.404,0.406,79010.3
2023-06-08 01:00:00,0.406,0.409,0.405,0.409,39947.0
2023-06-08 01:30:00,0.409,0.409,0.406,0.406,10115.0
2023-06-08 02:00:00,0.406,0.407,0.404,0.407,47050.5
2023-06-08 02:30:00,0.406,0.406,0.403,0.403,43481.0
2023-06-08 03:00:00,0.402,0.403,0.4,0.4,358996.8
2023-06-08 03:30:00,0.4,0.403,0.4,0.402,185128.5
2023-06-08 04:00:00,0.404,0.404,0.402,0.403,7922.6
2023-06-08 04:30:00,0.403,0.404,0.403,0.404,25744.4
2023-06-08 05:00:00,0.403,0.405,0.403,0.405,24759.5
2023-06-08 05:30:00,0.405,0.405,0.402,0.403,38201.3
2023-06-08 06:00:00,0.403,0.404,0.402,0.404,47640.1
2023-06-08 06:30:00,0.404,0.406,0.403,0.405,41552.8
2023-06-08 07:00:00,0.406,0.41,0.406,0.41,39553.9
2023-06-08 07:30:00,0.41,0.411,0.407,0.409,29576.4
2023-06-08 08:00:00,0.409,0.409,0.407,0.409,17156.3
2023-06-08 08:30:00,0.409,0.413,0.409,0.411,57920.1
2023-06-08 09:00:00,0.412,0.412,0.41,0.411,27358.7
2023-06-08 09:30:00,0.412,0.417,0.411,0.415,230790.4
2023-06-08 10:00:00,0.415,0.415,0.409,0.411,194484.7
2023-06-08 10:30:00,0.411,0.416,0.408,0.416,215808.4
2023-06-08 11:00:00,0.415,0.416,0.412,0.412,87447.2
2023-06-08 11:30:00,0.413,0.414,0.411,0.412,126099.4
2023-06-08 12:00:00,0.412,0.414,0.412,0.412,95130.1
2023-06-08 12:30:00,0.412,0.424,0.412,0.419,729034.9
2023-06-08 13:00:00,0.419,0.42,0.414,0.415,192319.8
2023-06-08 13:30:00,0.416,0.418,0.414,0.415,211414.7
2023-06-08 14:00:00,0.416,0.416,0.412,0.414,118099.3
2023-06-08 14:30:00,0.415,0.419,0.415,0.418,140655.3
2023-06-08 15:00:00,0.418,0.418,0.413,0.413,206770.8
2023-06-08 15:30:00,0.413,0.416,0.413,0.415,101720.9
2023-06-08 16:00:00,0.415,0.415,0.411,0.412,100865.3
2023-06-08 16:30:00,0.411,0.412,0.405,0.408,138942.6
2023-06-08 17:00:00,0.408,0.408,0.406,0.408,136164.4
2023-06-08 17:30:00,0.408,0.409,0.407,0.408,84350.4
2023-06-08 18:00:00,0.408,0.409,0.407,0.409,37936.2
2023-06-08 18:30:00,0.409,0.411,0.408,0.411,20732.2
2023-06-08 19:00:00,0.411,0.411,0.409,0.41,60192.3
2023-06-08 19:30:00,0.41,0.411,0.41,0.41,20134.9
2023-06-08 20:00:00,0.41,0.412,0.41,0.411,51952.2
2023-06-08 20:30:00,0.411,0.412,0.41,0.41,15019.3
2023-06-08 21:00:00,0.41,0.411,0.409,0.409,11912.2
2023-06-08 21:30:00,0.409,0.41,0.408,0.409,12392.8
2023-06-08 22:00:00,0.409,0.411,0.409,0.41,8708.8
2023-06-08 22:30:00,0.411,0.411,0.409,0.409,11226.9
2023-06-08 23:00:00,0.41,0.411,0.409,0.41,4471.8
2023-06-08 23:30:00,0.409,0.409,0.408,0.408,10608.7
2023-06-09 00:00:00,0.409,0.409,0.407,0.408,43046.2
2023-06-09 00:30:00,0.408,0.409,0.404,0.405,104612.9
2023-06-09 01:00:00,0.405,0.407,0.405,0.406,30993.0
2023-06-09 01:30:00,0.407,0.409,0.407,0.407,38787.4
2023-06-09 02:00:00,0.407,0.407,0.404,0.405,65058.9
2023-06-09 02:30:00,0.406,0.406,0.403,0.405,39964.1
2023-06-09 03:00:00,0.404,0.406,0.403,0.405,47299.7
2023-06-09 03:30:00,0.406,0.408,0.406,0.408,31095.9
2023-06-09 04:00:00,0.408,0.409,0.407,0.407,63650.4
2023-06-09 04:30:00,0.408,0.41,0.408,0.41,12634.8
2023-06-09 05:00:00,0.41,0.412,0.409,0.409,52015.5
2023-06-09 05:30:00,0.41,0.411,0.409,0.411,29083.5
2023-06-09 06:00:00,0.41,0.412,0.408,0.411,41508.8
2023-06-09 06:30:00,0.411,0.414,0.411,0.411,76161.8
2023-06-09 07:00:00,0.411,0.411,0.407,0.407,54780.6
2023-06-09 07:30:00,0.407,0.408,0.405,0.406,78569.9
2023-06-09 08:00:00,0.406,0.407,0.405,0.407,150532.1
2023-06-09 08:30:00,0.406,0.407,0.405,0.406,77567.8
2023-06-09 09:00:00,0.406,0.408,0.405,0.406,28132.9
2023-06-09 09:30:00,0.407,0.407,0.405,0.406,74422.2
2023-06-09 10:00:00,0.407,0.409,0.406,0.408,103911.9
2023-06-09 10:30:00,0.408,0.41,0.407,0.409,236831.1
2023-06-09 11:00:00,0.409,0.411,0.408,0.409,144592.8
2023-06-09 11:30:00,0.409,0.41,0.407,0.409,55921.0
2023-06-09 12:00:00,0.41,0.412,0.409,0.411,95749.4
2023-06-09 12:30:00,0.411,0.418,0.411,0.417,231805.3
2023-06-09 13:00:00,0.416,0.416,0.412,0.412,91705.4
2023-06-09 13:30:00,0.412,0.414,0.41,0.413,53629.4
2023-06-09 14:00:00,0.412,0.413,0.41,0.412,69580.5
2023-06-09 14:30:00,0.412,0.412,0.409,0.41,52086.3
2023-06-09 15:00:00,0.411,0.414,0.41,0.412,55297.0
2023-06-09 15:30:00,0.412,0.412,0.407,0.409,70424.6
2023-06-09 16:00:00,0.409,0.411,0.407,0.409,50943.3
2023-06-09 16:30:00,0.41,0.413,0.409,0.413,78359.0
2023-06-09 17:00:00,0.413,0.414,0.411,0.412,63157.4
2023-06-09 17:30:00,0.413,0.415,0.413,0.414,65927.0
2023-06-09 18:00:00,0.414,0.415,0.412,0.414,54956.9
2023-06-09 18:30:00,0.414,0.414,0.409,0.41,32899.0
2023-06-09 19:00:00,0.409,0.409,0.406,0.407,83275.3
2023-06-09 19:30:00,0.407,0.407,0.399,0.4,246656.8
2023-06-09 20:00:00,0.4,0.404,0.4,0.404,48191.0
2023-06-09 20:30:00,0.404,0.404,0.4,0.401,59267.3
2023-06-09 21:00:00,0.402,0.404,0.402,0.404,13999.5
2023-06-09 21:30:00,0.404,0.405,0.403,0.404,54130.8
2023-06-09 22:00:00,0.404,0.405,0.403,0.403,19600.6
2023-06-09 22:30:00,0.403,0.403,0.402,0.402,32615.9
2023-06-09 23:00:00,0.402,0.403,0.4,0.401,61167.8
2023-06-09 23:30:00,0.401,0.404,0.4,0.404,34103.9
2023-06-10 00:00:00,0.403,0.404,0.4,0.401,28903.5
2023-06-10 00:30:00,0.4,0.401,0.396,0.397,117235.4
2023-06-10 01:00:00,0.396,0.398,0.392,0.394,188602.7
2023-06-10 01:30:00,0.395,0.395,0.377,0.384,719036.3
2023-06-10 02:00:00,0.384,0.385,0.375,0.379,818969.7
2023-06-10 02:30:00,0.379,0.38,0.371,0.375,526420.0
2023-06-10 03:00:00,0.374,0.376,0.369,0.369,411829.3
2023-06-10 03:30:00,0.369,0.37,0.362,0.363,534272.9
2023-06-10 04:00:00,0.363,0.366,0.211,0.277,8105856.9
2023-06-10 04:30:00,0.277,0.334,0.275,0.301,7905746.4
2023-06-10 05:00:00,0.3,0.307,0.295,0.298,1967098.2
2023-06-10 05:30:00,0.298,0.3,0.286,0.288,2723023.6
2023-06-10 06:00:00,0.289,0.293,0.28,0.285,2159615.5
2023-06-10 06:30:00,0.285,0.286,0.276,0.282,1907868.7
2023-06-10 07:00:00,0.282,0.291,0.278,0.29,1650620.2
2023-06-10 07:30:00,0.29,0.29,0.285,0.288,1361477.1
2023-06-10 08:00:00,0.288,0.294,0.284,0.293,1175819.8
2023-06-10 08:30:00,0.293,0.295,0.29,0.291,1225449.5
2023-06-10 09:00:00,0.291,0.292,0.287,0.288,770575.6
2023-06-10 09:30:00,0.287,0.29,0.285,0.287,385245.2
2023-06-10 10:00:00,0.287,0.288,0.284,0.288,357198.4
2023-06-10 10:30:00,0.287,0.289,0.285,0.287,234530.7
2023-06-10 11:00:00,0.287,0.288,0.285,0.287,418236.4
2023-06-10 11:30:00,0.287,0.291,0.285,0.29,394394.1
2023-06-10 12:00:00,0.289,0.289,0.284,0.284,420995.2
2023-06-10 12:30:00,0.285,0.285,0.276,0.278,1109307.8
2023-06-10 13:00:00,0.279,0.283,0.277,0.283,1182934.3
2023-06-10 13:30:00,0.283,0.283,0.279,0.279,304743.9
2023-06-10 14:00:00,0.28,0.281,0.275,0.279,707000.6
2023-06-10 14:30:00,0.279,0.281,0.276,0.279,716574.4
2023-06-10 15:00:00,0.278,0.281,0.276,0.28,498097.4
2023-06-10 15:30:00,0.28,0.28,0.275,0.276,503891.5
2023-06-10 16:00:00,0.276,0.277,0.272,0.277,724824.2
2023-06-10 16:30:00,0.276,0.278,0.273,0.273,439868.8
2023-06-10 17:00:00,0.273,0.288,0.271,0.286,1780521.1
2023-06-10 17:30:00,0.286,0.294,0.286,0.291,1471019.6
2023-06-10 18:00:00,0.291,0.291,0.274,0.282,835341.3
2023-06-10 18:30:00,0.282,0.284,0.279,0.28,574054.7
2023-06-10 19:00:00,0.28,0.282,0.279,0.281,313066.4
2023-06-10 19:30:00,0.282,0.285,0.282,0.285,223134.7
2023-06-10 20:00:00,0.285,0.285,0.281,0.282,221943.8
2023-06-10 20:30:00,0.281,0.286,0.281,0.283,537822.4
2023-06-10 21:00:00,0.283,0.283,0.28,0.282,218132.1
2023-06-10 21:30:00,0.283,0.285,0.282,0.285,197592.0
2023-06-10 22:00:00,0.284,0.287,0.283,0.286,161887.5
2023-06-10 22:30:00,0.286,0.289,0.286,0.288,166864.5
2023-06-10 23:00:00,0.288,0.288,0.284,0.288,267361.1
2023-06-10 23:30:00,0.287,0.288,0.285,0.285,115776.6
2023-06-11 00:00:00,0.285,0.288,0.283,0.286,237891.9
2023-06-11 00:30:00,0.286,0.286,0.281,0.282,249825.8
2023-06-11 01:00:00,0.282,0.282,0.28,0.28,233306.3
2023-06-11 01:30:00,0.281,0.283,0.277,0.277,396345.3
2023-06-11 02:00:00,0.277,0.279,0.276,0.278,201996.5
2023-06-11 02:30:00,0.278,0.282,0.278,0.28,223332.9
2023-06-11 03:00:00,0.28,0.281,0.277,0.281,354987.0
2023-06-11 03:30:00,0.281,0.281,0.277,0.278,132540.1
2023-06-11 04:00:00,0.279,0.28,0.276,0.276,260777.2
2023-06-11 04:30:00,0.277,0.281,0.276,0.28,323694.1
2023-06-11 05:00:00,0.279,0.281,0.279,0.28,84248.8
2023-06-11 05:30:00,0.28,0.281,0.279,0.281,174689.4
2023-06-11 06:00:00,0.282,0.282,0.277,0.279,785686.1
2023-06-11 06:30:00,0.279,0.279,0.276,0.279,259408.6
2023-06-11 07:00:00,0.279,0.279,0.274,0.275,345672.4
2023-06-11 07:30:00,0.275,0.277,0.274,0.276,254599.2
2023-06-11 08:00:00,0.275,0.277,0.275,0.277,108985.4
2023-06-11 08:30:00,0.276,0.276,0.274,0.276,377663.2
2023-06-11 09:00:00,0.275,0.278,0.275,0.278,139311.5
2023-06-11 09:30:00,0.278,0.281,0.277,0.279,302646.9
2023-06-11 10:00:00,0.279,0.28,0.278,0.278,86612.1
2023-06-11 10:30:00,0.279,0.283,0.278,0.281,241943.7
2023-06-11 11:00:00,0.28,0.282,0.28,0.282,173233.5
2023-06-11 11:30:00,0.282,0.283,0.279,0.28,134826.7
2023-06-11 12:00:00,0.28,0.282,0.279,0.281,177433.0
2023-06-11 12:30:00,0.281,0.281,0.278,0.278,120952.0
2023-06-11 13:00:00,0.278,0.279,0.276,0.277,71389.6
2023-06-11 13:30:00,0.277,0.277,0.275,0.277,147858.4
2023-06-11 14:00:00,0.277,0.278,0.275,0.276,121013.3
2023-06-11 14:30:00,0.275,0.277,0.274,0.274,203940.4
2023-06-11 15:00:00,0.275,0.275,0.272,0.273,342705.4
2023-06-11 15:30:00,0.273,0.273,0.268,0.27,367721.1
2023-06-11 16:00:00,0.271,0.274,0.27,0.273,170896.4
2023-06-11 16:30:00,0.273,0.274,0.272,0.272,152285.1
2023-06-11 17:00:00,0.273,0.275,0.271,0.274,162327.7
2023-06-11 17:30:00,0.274,0.275,0.271,0.273,141445.6
2023-06-11 18:00:00,0.273,0.277,0.272,0.275,162431.7
2023-06-11 18:30:00,0.275,0.277,0.274,0.274,106491.4
2023-06-11 19:00:00,0.275,0.278,0.273,0.278,142569.4
2023-06-11 19:30:00,0.278,0.279,0.277,0.277,262885.3
2023-06-11 20:00:00,0.277,0.28,0.277,0.278,252194.9
2023-06-11 20:30:00,0.277,0.278,0.274,0.276,557702.9
2023-06-11 21:00:00,0.276,0.277,0.273,0.273,126364.8
2023-06-11 21:30:00,0.274,0.274,0.271,0.272,148042.5
2023-06-11 22:00:00,0.273,0.274,0.272,0.274,62865.5
2023-06-11 22:30:00,0.274,0.274,0.268,0.271,250783.8
2023-06-11 23:00:00,0.271,0.271,0.263,0.265,1507827.2
2023-06-11 23:30:00,0.265,0.267,0.264,0.266,386240.1
2023-06-12 00:00:00,0.266,0.27,0.264,0.265,604819.8
2023-06-12 00:30:00,0.265,0.267,0.262,0.266,315973.0
2023-06-12 01:00:00,0.266,0.266,0.263,0.264,181167.7
2023-06-12 01:30:00,0.265,0.267,0.263,0.266,246420.8
2023-06-12 02:00:00,0.266,0.267,0.253,0.26,781366.5
2023-06-12 02:30:00,0.26,0.262,0.255,0.257,670754.8
2023-06-12 03:00:00,0.257,0.258,0.256,0.257,397442.0
2023-06-12 03:30:00,0.258,0.26,0.257,0.258,162435.9
2023-06-12 04:00:00,0.259,0.26,0.258,0.26,173503.4
2023-06-12 04:30:00,0.26,0.261,0.259,0.261,126866.5
2023-06-12 05:00:00,0.26,0.261,0.259,0.26,94555.7
2023-06-12 05:30:00,0.261,0.262,0.258,0.259,108037.2
2023-06-12 06:00:00,0.259,0.264,0.258,0.264,326898.6
2023-06-12 06:30:00,0.264,0.264,0.26,0.261,160839.8
2023-06-12 07:00:00,0.261,0.262,0.26,0.26,215630.9
2023-06-12 07:30:00,0.261,0.262,0.258,0.259,285622.4
2023-06-12 08:00:00,0.26,0.263,0.259,0.263,332397.3
2023-06-12 08:30:00,0.263,0.265,0.262,0.264,342045.1
2023-06-12 09:00:00,0.265,0.268,0.263,0.267,514675.8
2023-06-12 09:30:00,0.266,0.266,0.264,0.265,292143.8
2023-06-12 10:00:00,0.265,0.267,0.264,0.266,260128.0
2023-06-12 10:30:00,0.265,0.267,0.265,0.266,192928.7
2023-06-12 11:00:00,0.265,0.267,0.264,0.265,149354.9
2023-06-12 11:30:00,0.264,0.266,0.263,0.265,184049.8
2023-06-12 12:00:00,0.265,0.266,0.263,0.263,170315.3
2023-06-12 12:30:00,0.263,0.266,0.263,0.266,171751.6
2023-06-12 13:00:00,0.265,0.266,0.262,0.263,134095.3
2023-06-12 13:30:00,0.263,0.264,0.26,0.263,581796.7
2023-06-12 14:00:00,0.263,0.265,0.261,0.264,397977.6
2023-06-12 14:30:00,0.264,0.265,0.263,0.264,183894.7
2023-06-12 15:00:00,0.264,0.265,0.262,0.262,204086.2
2023-06-12 15:30:00,0.263,0.265,0.262,0.262,164647.6
2023-06-12 16:00:00,0.263,0.264,0.261,0.263,125623.0
2023-06-12 16:30:00,0.263,0.265,0.262,0.263,96891.1
2023-06-12 17:00:00,0.262,0.263,0.261,0.261,119707.6
2023-06-12 17:30:00,0.261,0.266,0.259,0.264,278876.1
2023-06-12 18:00:00,0.264,0.265,0.262,0.263,153337.0
2023-06-12 18:30:00,0.263,0.266,0.263,0.265,85722.1
2023-06-12 19:00:00,0.265,0.265,0.262,0.262,92944.8
2023-06-12 19:30:00,0.262,0.262,0.26,0.262,159916.2
2023-06-12 20:00:00,0.261,0.265,0.26,0.264,185091.5
2023-06-12 20:30:00,0.265,0.266,0.264,0.266,140775.9
2023-06-12 21:00:00,0.265,0.266,0.263,0.263,97175.5
2023-06-12 21:30:00,0.264,0.267,0.264,0.267,143940.8
2023-06-12 22:00:00,0.267,0.269,0.265,0.266,184357.9
2023-06-12 22:30:00,0.266,0.267,0.265,0.266,43001.9
2023-06-12 23:00:00,0.266,0.266,0.264,0.264,89838.2
2023-06-12 23:30:00,0.265,0.266,0.263,0.265,180544.0
2023-06-13 00:00:00,0.265,0.267,0.264,0.266,125935.5
2023-06-13 00:30:00,0.266,0.266,0.262,0.262,155744.2
2023-06-13 01:00:00,0.263,0.265,0.261,0.265,108186.6
2023-06-13 01:30:00,0.265,0.266,0.264,0.265,221454.1
2023-06-13 02:00:00,0.264,0.265,0.262,0.264,103332.6
2023-06-13 02:30:00,0.264,0.269,0.264,0.269,178994.3
2023-06-13 03:00:00,0.269,0.269,0.267,0.267,66945.9
2023-06-13 03:30:00,0.268,0.268,0.266,0.267,103700.6
2023-06-13 04:00:00,0.267,0.267,0.262,0.263,206518.9
2023-06-13 04:30:00,0.262,0.265,0.261,0.264,193004.9
2023-06-13 05:00:00,0.265,0.268,0.265,0.266,109771.3
2023-06-13 05:30:00,0.265,0.269,0.264,0.268,747210.9
2023-06-13 06:00:00,0.268,0.28,0.268,0.275,2589756.9
2023-06-13 06:30:00,0.275,0.276,0.273,0.275,125651.9
2023-06-13 07:00:00,0.274,0.278,0.274,0.277,481680.1
2023-06-13 07:30:00,0.277,0.278,0.275,0.276,182187.3
2023-06-13 08:00:00,0.275,0.278,0.273,0.277,144650.3
2023-06-13 08:30:00,0.277,0.281,0.276,0.278,487540.1
2023-06-13 09:00:00,0.278,0.279,0.274,0.275,334730.2
2023-06-13 09:30:00,0.276,0.276,0.273,0.276,266988.3
2023-06-13 10:00:00,0.275,0.275,0.272,0.273,238508.6
2023-06-13 10:30:00,0.274,0.274,0.272,0.273,122063.3
2023-06-13 11:00:00,0.272,0.275,0.271,0.273,346098.4
2023-06-13 11:30:00,0.273,0.276,0.27,0.274,528259.5
2023-06-13 12:00:00,0.274,0.277,0.273,0.275,245461.4
2023-06-13 12:30:00,0.274,0.282,0.27,0.272,1159335.5
2023-06-13 13:00:00,0.273,0.274,0.27,0.272,215617.7
2023-06-13 13:30:00,0.272,0.273,0.269,0.269,388715.7
2023-06-13 14:00:00,0.269,0.27,0.267,0.27,318051.5
2023-06-13 14:30:00,0.27,0.27,0.265,0.268,441146.2
2023-06-13 15:00:00,0.268,0.268,0.262,0.264,347092.6
2023-06-13 15:30:00,0.264,0.266,0.261,0.262,334919.8
2023-06-13 16:00:00,0.263,0.266,0.263,0.266,225828.3
2023-06-13 16:30:00,0.265,0.267,0.264,0.265,265476.0
2023-06-13 17:00:00,0.265,0.267,0.265,0.266,130802.7
2023-06-13 17:30:00,0.266,0.267,0.265,0.266,89831.4
2023-06-13 18:00:00,0.266,0.27,0.266,0.269,129954.9
2023-06-13 18:30:00,0.268,0.269,0.266,0.268,129218.3
2023-06-13 19:00:00,0.268,0.269,0.267,0.267,52567.9
2023-06-13 19:30:00,0.267,0.269,0.267,0.268,101921.8
2023-06-13 20:00:00,0.268,0.268,0.266,0.267,80688.5
2023-06-13 20:30:00,0.268,0.27,0.268,0.268,239526.8
2023-06-13 21:00:00,0.268,0.269,0.267,0.268,102207.8
2023-06-13 21:30:00,0.268,0.27,0.268,0.269,85155.8
2023-06-13 22:00:00,0.269,0.27,0.266,0.266,92561.5
2023-06-13 22:30:00,0.266,0.268,0.266,0.267,78992.2
2023-06-13 23:00:00,0.268,0.27,0.268,0.269,49799.0
2023-06-13 23:30:00,0.27,0.271,0.269,0.271,62264.7
2023-06-14 00:00:00,0.27,0.272,0.269,0.271,174805.1
2023-06-14 00:30:00,0.271,0.272,0.268,0.271,168031.5
2023-06-14 01:00:00,0.271,0.271,0.268,0.268,72767.3
2023-06-14 01:30:00,0.269,0.273,0.269,0.272,94953.6
2023-06-14 02:00:00,0.273,0.273,0.271,0.271,26644.3
2023-06-14 02:30:00,0.271,0.272,0.27,0.271,101120.6
2023-06-14 03:00:00,0.271,0.271,0.269,0.27,19471.2
2023-06-14 03:30:00,0.269,0.27,0.269,0.27,67248.4
2023-06-14 04:00:00,0.27,0.27,0.269,0.27,11063.2
2023-06-14 04:30:00,0.27,0.271,0.269,0.269,50036.8
2023-06-14 05:00:00,0.269,0.269,0.267,0.267,70695.3
2023-06-14 05:30:00,0.267,0.268,0.265,0.265,263474.2
2023-06-14 06:00:00,0.265,0.267,0.264,0.266,89502.2
2023-06-14 06:30:00,0.266,0.267,0.266,0.266,42308.6
2023-06-14 07:00:00,0.267,0.267,0.265,0.265,134878.5
2023-06-14 07:30:00,0.265,0.267,0.265,0.265,86011.6
2023-06-14 08:00:00,0.265,0.267,0.265,0.266,105379.0
2023-06-14 08:30:00,0.266,0.268,0.266,0.268,108859.9
2023-06-14 09:00:00,0.267,0.269,0.267,0.269,85411.4
2023-06-14 09:30:00,0.269,0.269,0.268,0.268,77678.0
2023-06-14 10:00:00,0.269,0.27,0.268,0.269,303361.0
2023-06-14 10:30:00,0.27,0.272,0.269,0.272,164865.3
2023-06-14 11:00:00,0.272,0.272,0.27,0.271,66714.9
2023-06-14 11:30:00,0.271,0.272,0.27,0.271,84034.6
2023-06-14 12:00:00,0.271,0.273,0.27,0.271,78267.2
2023-06-14 12:30:00,0.271,0.273,0.27,0.272,136014.9
2023-06-14 13:00:00,0.271,0.272,0.27,0.27,100587.0
2023-06-14 13:30:00,0.27,0.272,0.269,0.271,18869.4
2023-06-14 14:00:00,0.271,0.273,0.271,0.271,71073.3
2023-06-14 14:30:00,0.271,0.273,0.271,0.272,103957.7
2023-06-14 15:00:00,0.272,0.273,0.272,0.272,73706.8
2023-06-14 15:30:00,0.272,0.272,0.271,0.272,59855.9
2023-06-14 16:00:00,0.271,0.274,0.271,0.273,215452.4
2023-06-14 16:30:00,0.274,0.275,0.273,0.273,124439.0
2023-06-14 17:00:00,0.274,0.275,0.272,0.273,178049.5
2023-06-14 17:30:00,0.273,0.277,0.273,0.276,116849.9
2023-06-14 18:00:00,0.276,0.276,0.271,0.274,284421.6
2023-06-14 18:30:00,0.273,0.276,0.273,0.274,79209.7
2023-06-14 19:00:00,0.274,0.276,0.272,0.274,211940.9
2023-06-14 19:30:00,0.273,0.274,0.271,0.272,127662.9
2023-06-14 20:00:00,0.271,0.271,0.251,0.262,1126578.3
2023-06-14 20:30:00,0.262,0.262,0.251,0.253,992552.9
2023-06-14 21:00:00,0.253,0.258,0.252,0.257,289815.7
2023-06-14 21:30:00,0.256,0.258,0.256,0.257,51820.6
2023-06-14 22:00:00,0.258,0.259,0.256,0.256,239344.2
2023-06-14 22:30:00,0.256,0.257,0.255,0.257,148852.1
2023-06-14 23:00:00,0.256,0.257,0.254,0.256,129693.7
2023-06-14 23:30:00,0.257,0.257,0.256,0.256,51842.7
2023-06-15 00:00:00,0.257,0.259,0.256,0.259,68707.4
2023-06-15 00:30:00,0.258,0.26,0.258,0.259,65874.8
2023-06-15 01:00:00,0.26,0.261,0.258,0.258,122841.4
2023-06-15 01:30:00,0.259,0.259,0.257,0.257,46034.1
2023-06-15 02:00:00,0.258,0.259,0.257,0.259,124997.4
2023-06-15 02:30:00,0.258,0.26,0.258,0.258,38786.0
2023-06-15 03:00:00,0.259,0.259,0.258,0.258,18974.3
2023-06-15 03:30:00,0.259,0.261,0.259,0.261,40658.7
2023-06-15 04:00:00,0.261,0.262,0.261,0.261,44469.6
2023-06-15 04:30:00,0.26,0.262,0.259,0.261,106201.8
2023-06-15 05:00:00,0.261,0.262,0.259,0.26,91170.1
2023-06-15 05:30:00,0.261,0.262,0.258,0.262,67778.2
2023-06-15 06:00:00,0.261,0.262,0.26,0.26,98274.1
2023-06-15 06:30:00,0.26,0.261,0.259,0.259,74637.0
2023-06-15 07:00:00,0.26,0.261,0.259,0.26,99565.4
2023-06-15 07:30:00,0.26,0.263,0.26,0.263,132368.0
2023-06-15 08:00:00,0.263,0.267,0.262,0.266,148613.6
2023-06-15 08:30:00,0.266,0.269,0.266,0.266,364569.7
2023-06-15 09:00:00,0.265,0.266,0.262,0.262,167042.2
2023-06-15 09:30:00,0.262,0.263,0.261,0.261,48927.6
2023-06-15 10:00:00,0.262,0.265,0.262,0.264,76504.0
2023-06-15 10:30:00,0.264,0.264,0.261,0.261,51356.2
2023-06-15 11:00:00,0.261,0.261,0.258,0.258,213557.3
2023-06-15 11:30:00,0.259,0.264,0.259,0.264,145615.1
2023-06-15 12:00:00,0.264,0.264,0.261,0.261,189070.6
2023-06-15 12:30:00,0.261,0.262,0.26,0.26,118627.2
2023-06-15 13:00:00,0.26,0.262,0.26,0.261,214640.1
2023-06-15 13:30:00,0.261,0.264,0.261,0.263,216750.6
2023-06-15 14:00:00,0.263,0.264,0.262,0.262,109529.3
2023-06-15 14:30:00,0.262,0.263,0.261,0.262,81884.9
2023-06-15 15:00:00,0.261,0.262,0.258,0.26,183765.1
2023-06-15 15:30:00,0.26,0.261,0.258,0.259,37607.9
2023-06-15 16:00:00,0.258,0.261,0.258,0.261,82806.5
2023-06-15 16:30:00,0.261,0.261,0.259,0.26,58818.8
2023-06-15 17:00:00,0.26,0.261,0.257,0.257,176362.9
2023-06-15 17:30:00,0.257,0.262,0.257,0.262,163937.0
2023-06-15 18:00:00,0.262,0.263,0.26,0.262,171715.0
2023-06-15 18:30:00,0.263,0.268,0.262,0.266,208245.7
2023-06-15 19:00:00,0.267,0.268,0.265,0.267,233800.2
2023-06-15 19:30:00,0.267,0.268,0.267,0.268,75754.7
2023-06-15 20:00:00,0.269,0.27,0.267,0.267,273446.6
2023-06-15 20:30:00,0.266,0.27,0.266,0.27,153326.7
2023-06-15 21:00:00,0.27,0.273,0.27,0.27,440446.5
2023-06-15 21:30:00,0.271,0.272,0.268,0.269,151863.7
2023-06-15 22:00:00,0.269,0.27,0.269,0.269,38590.9
2023-06-15 22:30:00,0.269,0.269,0.268,0.268,29036.1
2023-06-15 23:00:00,0.268,0.269,0.267,0.267,18740.8
2023-06-15 23:30:00,0.267,0.269,0.267,0.269,38689.1
2023-06-16 00:00:00,0.268,0.269,0.267,0.268,84580.8
2023-06-16 00:30:00,0.268,0.268,0.267,0.268,44495.4
2023-06-16 01:00:00,0.267,0.27,0.267,0.27,27380.8
2023-06-16 01:30:00,0.27,0.271,0.269,0.27,47278.1
2023-06-16 02:00:00,0.27,0.272,0.27,0.27,41258.6
2023-06-16 02:30:00,0.27,0.271,0.269,0.271,38947.9
2023-06-16 03:00:00,0.271,0.273,0.271,0.272,67336.6
2023-06-16 03:30:00,0.272,0.273,0.271,0.271,66230.5
2023-06-16 04:00:00,0.272,0.273,0.27,0.27,66479.0
2023-06-16 04:30:00,0.27,0.271,0.269,0.27,47926.6
2023-06-16 05:00:00,0.27,0.271,0.269,0.27,78437.0
2023-06-16 05:30:00,0.27,0.272,0.27,0.272,38101.2
2023-06-16 06:00:00,0.271,0.271,0.27,0.271,88022.0
2023-06-16 06:30:00,0.271,0.272,0.27,0.27,42029.8
2023-06-16 07:00:00,0.27,0.271,0.268,0.269,244005.2
2023-06-16 07:30:00,0.269,0.27,0.268,0.268,88213.8
2023-06-16 08:00:00,0.268,0.271,0.268,0.27,113888.6
2023-06-16 08:30:00,0.27,0.271,0.269,0.269,60492.0
2023-06-16 09:00:00,0.269,0.27,0.268,0.269,42042.3
2023-06-16 09:30:00,0.269,0.27,0.269,0.269,16926.7
2023-06-16 10:00:00,0.27,0.27,0.268,0.268,38833.3
2023-06-16 10:30:00,0.268,0.269,0.268,0.268,59727.8
2023-06-16 11:00:00,0.267,0.27,0.266,0.266,231785.2
2023-06-16 11:30:00,0.267,0.268,0.264,0.265,461997.7
2023-06-16 12:00:00,0.265,0.267,0.265,0.266,149341.6
2023-06-16 12:30:00,0.266,0.267,0.265,0.267,106009.4
2023-06-16 13:00:00,0.266,0.267,0.265,0.267,59939.7
2023-06-16 13:30:00,0.266,0.266,0.265,0.265,94183.9
2023-06-16 14:00:00,0.266,0.268,0.266,0.266,78632.7
2023-06-16 14:30:00,0.266,0.268,0.263,0.267,302789.8
2023-06-16 15:00:00,0.267,0.27,0.267,0.269,264738.4
2023-06-16 15:30:00,0.269,0.27,0.268,0.27,83458.6
2023-06-16 16:00:00,0.27,0.271,0.269,0.27,107395.3
2023-06-16 16:30:00,0.27,0.27,0.269,0.27,39558.3
2023-06-16 17:00:00,0.27,0.272,0.27,0.272,147393.6
2023-06-16 17:30:00,0.272,0.272,0.271,0.272,112852.9
2023-06-16 18:00:00,0.272,0.274,0.271,0.273,250480.7
2023-06-16 18:30:00,0.272,0.274,0.271,0.272,86711.7
2023-06-16 19:00:00,0.272,0.273,0.27,0.271,65546.9
2023-06-16 19:30:00,0.271,0.273,0.271,0.272,49745.2
2023-06-16 20:00:00,0.273,0.274,0.271,0.273,88343.7
2023-06-16 20:30:00,0.273,0.273,0.272,0.273,51000.4
2023-06-16 21:00:00,0.273,0.274,0.271,0.271,76660.2
2023-06-16 21:30:00,0.272,0.273,0.27,0.272,67886.5
2023-06-16 22:00:00,0.272,0.273,0.271,0.271,110352.0
2023-06-16 22:30:00,0.272,0.273,0.272,0.272,15271.4
2023-06-16 23:00:00,0.272,0.273,0.271,0.272,86290.1
2023-06-16 23:30:00,0.272,0.273,0.272,0.273,71546.2
2023-06-17 00:00:00,0.272,0.273,0.271,0.272,124398.1
2023-06-17 00:30:00,0.272,0.279,0.271,0.273,471575.2
2023-06-17 01:00:00,0.273,0.275,0.273,0.274,62168.2
2023-06-17 01:30:00,0.274,0.275,0.272,0.272,121166.0
2023-06-17 02:00:00,0.273,0.276,0.272,0.275,158425.8
2023-06-17 02:30:00,0.275,0.277,0.275,0.275,70956.6
2023-06-17 03:00:00,0.275,0.277,0.275,0.275,73690.8
2023-06-17 03:30:00,0.275,0.277,0.275,0.277,155980.9
2023-06-17 04:00:00,0.276,0.278,0.275,0.277,96726.5
2023-06-17 04:30:00,0.278,0.279,0.277,0.279,84816.3
2023-06-17 05:00:00,0.278,0.279,0.277,0.279,79157.4
2023-06-17 05:30:00,0.279,0.283,0.277,0.283,574780.9
2023-06-17 06:00:00,0.282,0.284,0.281,0.282,279871.6
2023-06-17 06:30:00,0.283,0.285,0.281,0.284,118213.8
2023-06-17 07:00:00,0.283,0.283,0.281,0.283,289886.6
2023-06-17 07:30:00,0.282,0.285,0.282,0.285,168139.7
2023-06-17 08:00:00,0.284,0.287,0.284,0.285,162228.6
2023-06-17 08:30:00,0.285,0.287,0.284,0.286,46354.9
2023-06-17 09:00:00,0.286,0.287,0.284,0.285,107638.0
2023-06-17 09:30:00,0.286,0.286,0.284,0.286,97118.4
2023-06-17 10:00:00,0.285,0.286,0.284,0.285,77424.4
2023-06-17 10:30:00,0.285,0.287,0.285,0.287,108750.8
2023-06-17 11:00:00,0.287,0.287,0.284,0.284,149585.9
2023-06-17 11:30:00,0.284,0.285,0.283,0.283,38873.5
2023-06-17 12:00:00,0.283,0.283,0.281,0.282,153790.0
2023-06-17 12:30:00,0.282,0.283,0.282,0.283,66949.1
2023-06-17 13:00:00,0.283,0.285,0.283,0.283,72183.3
2023-06-17 13:30:00,0.283,0.284,0.282,0.282,44615.2
2023-06-17 14:00:00,0.282,0.282,0.28,0.28,118727.9
2023-06-17 14:30:00,0.28,0.281,0.279,0.28,101091.5
2023-06-17 15:00:00,0.28,0.281,0.278,0.281,159098.7
2023-06-17 15:30:00,0.281,0.281,0.279,0.281,237149.6
2023-06-17 16:00:00,0.281,0.282,0.279,0.28,192460.5
2023-06-17 16:30:00,0.281,0.282,0.28,0.282,176484.3
2023-06-17 17:00:00,0.282,0.282,0.28,0.281,101478.4
2023-06-17 17:30:00,0.281,0.282,0.279,0.28,94627.3
2023-06-17 18:00:00,0.28,0.281,0.28,0.281,40868.8
2023-06-17 18:30:00,0.28,0.282,0.28,0.282,65373.9
2023-06-17 19:00:00,0.281,0.282,0.28,0.28,52177.5
2023-06-17 19:30:00,0.28,0.281,0.28,0.28,23561.9
2023-06-17 20:00:00,0.28,0.281,0.279,0.28,93401.0
2023-06-17 20:30:00,0.28,0.281,0.279,0.281,65442.9
2023-06-17 21:00:00,0.28,0.281,0.279,0.28,73721.2
2023-06-17 21:30:00,0.28,0.281,0.279,0.28,22965.8
2023-06-17 22:00:00,0.279,0.281,0.279,0.281,20818.2
2023-06-17 22:30:00,0.281,0.281,0.28,0.28,5439.8
2023-06-17 23:00:00,0.281,0.281,0.279,0.279,53861.9
2023-06-17 23:30:00,0.28,0.28,0.279,0.279,18980.2
2023-06-18 00:00:00,0.279,0.279,0.276,0.276,168989.4
2023-06-18 00:30:00,0.276,0.277,0.275,0.276,138201.9
2023-06-18 01:00:00,0.276,0.278,0.275,0.278,140315.9
2023-06-18 01:30:00,0.277,0.279,0.276,0.278,114345.5
2023-06-18 02:00:00,0.278,0.278,0.277,0.278,77632.1
2023-06-18 02:30:00,0.277,0.279,0.277,0.279,40130.9
2023-06-18 03:00:00,0.279,0.282,0.279,0.281,61737.0
2023-06-18 03:30:00,0.281,0.282,0.28,0.281,151970.8
2023-06-18 04:00:00,0.281,0.282,0.28,0.282,64602.7
2023-06-18 04:30:00,0.282,0.284,0.281,0.282,108173.6
2023-06-18 05:00:00,0.283,0.283,0.282,0.283,127947.3
2023-06-18 05:30:00,0.283,0.284,0.281,0.282,93971.3
2023-06-18 06:00:00,0.281,0.282,0.28,0.281,117396.1
2023-06-18 06:30:00,0.282,0.283,0.281,0.283,59384.7
2023-06-18 07:00:00,0.282,0.283,0.282,0.283,66694.4
2023-06-18 07:30:00,0.283,0.283,0.28,0.282,274564.5
2023-06-18 08:00:00,0.282,0.282,0.28,0.28,58575.5
2023-06-18 08:30:00,0.28,0.282,0.28,0.282,104831.3
2023-06-18 09:00:00,0.281,0.281,0.28,0.28,46271.1
2023-06-18 09:30:00,0.281,0.283,0.281,0.282,82695.3
2023-06-18 10:00:00,0.282,0.282,0.28,0.28,55946.4
2023-06-18 10:30:00,0.281,0.282,0.28,0.282,55175.5
2023-06-18 11:00:00,0.281,0.282,0.28,0.281,79407.3
2023-06-18 11:30:00,0.281,0.282,0.281,0.281,66443.6
2023-06-18 12:00:00,0.281,0.281,0.281,0.281,73975.0
2023-06-18 12:30:00,0.281,0.283,0.28,0.283,19834.5
2023-06-18 13:00:00,0.282,0.283,0.281,0.282,62199.5
2023-06-18 13:30:00,0.281,0.282,0.281,0.282,25515.9
2023-06-18 14:00:00,0.281,0.282,0.28,0.281,137855.3
2023-06-18 14:30:00,0.282,0.282,0.281,0.281,9769.3
2023-06-18 15:00:00,0.281,0.282,0.281,0.281,71809.7
2023-06-18 15:30:00,0.281,0.282,0.28,0.281,59243.9
2023-06-18 16:00:00,0.281,0.282,0.28,0.282,111894.5
2023-06-18 16:30:00,0.282,0.282,0.28,0.281,56541.9
2023-06-18 17:00:00,0.282,0.282,0.281,0.281,31914.9
2023-06-18 17:30:00,0.281,0.282,0.28,0.281,53607.4
2023-06-18 18:00:00,0.281,0.281,0.28,0.281,22703.9
2023-06-18 18:30:00,0.281,0.281,0.28,0.281,25165.5
2023-06-18 19:00:00,0.281,0.282,0.28,0.281,47075.2
2023-06-18 19:30:00,0.281,0.282,0.28,0.281,71038.8
2023-06-18 20:00:00,0.281,0.281,0.272,0.275,415538.1
2023-06-18 20:30:00,0.275,0.277,0.275,0.275,138007.2
2023-06-18 21:00:00,0.275,0.276,0.274,0.275,37965.3
2023-06-18 21:30:00,0.275,0.275,0.274,0.275,47180.8
2023-06-18 22:00:00,0.275,0.276,0.275,0.276,54860.8
2023-06-18 22:30:00,0.275,0.276,0.274,0.275,66833.9
2023-06-18 23:00:00,0.274,0.276,0.273,0.273,128080.5
2023-06-18 23:30:00,0.274,0.275,0.273,0.275,50289.5
2023-06-19 00:00:00,0.275,0.276,0.274,0.275,49735.4
2023-06-19 00:30:00,0.274,0.276,0.273,0.275,278448.9
2023-06-19 01:00:00,0.275,0.277,0.275,0.277,45212.9
2023-06-19 01:30:00,0.277,0.277,0.276,0.276,35127.4
2023-06-19 02:00:00,0.276,0.278,0.276,0.277,59806.0
2023-06-19 02:30:00,0.277,0.278,0.276,0.277,16519.4
2023-06-19 03:00:00,0.278,0.278,0.276,0.277,23084.0
2023-06-19 03:30:00,0.276,0.277,0.275,0.275,28387.1
2023-06-19 04:00:00,0.276,0.277,0.275,0.276,54604.8
2023-06-19 04:30:00,0.275,0.277,0.275,0.276,96130.5
2023-06-19 05:00:00,0.276,0.277,0.276,0.276,37549.7
2023-06-19 05:30:00,0.276,0.277,0.276,0.277,35378.7
2023-06-19 06:00:00,0.276,0.278,0.276,0.278,28998.4
2023-06-19 06:30:00,0.277,0.278,0.277,0.278,14820.6
2023-06-19 07:00:00,0.277,0.278,0.277,0.277,6165.2
2023-06-19 07:30:00,0.277,0.277,0.275,0.276,36993.2
2023-06-19 08:00:00,0.276,0.278,0.275,0.276,101484.7
2023-06-19 08:30:00,0.277,0.278,0.275,0.277,104608.7
2023-06-19 09:00:00,0.276,0.277,0.275,0.275,69394.2
2023-06-19 09:30:00,0.275,0.276,0.274,0.276,52560.4
2023-06-19 10:00:00,0.276,0.277,0.275,0.277,56791.4
2023-06-19 10:30:00,0.276,0.277,0.275,0.275,31571.3
2023-06-19 11:00:00,0.276,0.277,0.275,0.276,13654.3
2023-06-19 11:30:00,0.276,0.277,0.275,0.277,39116.4
2023-06-19 12:00:00,0.277,0.278,0.276,0.277,78599.1
2023-06-19 12:30:00,0.277,0.278,0.276,0.276,84738.4
2023-06-19 13:00:00,0.276,0.277,0.275,0.277,78981.8
2023-06-19 13:30:00,0.276,0.277,0.276,0.276,56850.1
2023-06-19 14:00:00,0.277,0.277,0.274,0.275,180218.8
2023-06-19 14:30:00,0.275,0.275,0.274,0.274,73441.6
2023-06-19 15:00:00,0.274,0.276,0.273,0.276,274012.9
2023-06-19 15:30:00,0.276,0.276,0.275,0.275,16393.0
2023-06-19 16:00:00,0.275,0.276,0.275,0.275,27456.6
2023-06-19 16:30:00,0.275,0.276,0.272,0.275,274822.8
2023-06-19 17:00:00,0.274,0.277,0.274,0.276,186968.4
2023-06-19 17:30:00,0.276,0.278,0.275,0.277,90221.4
2023-06-19 18:00:00,0.278,0.281,0.277,0.28,351316.5
2023-06-19 18:30:00,0.28,0.281,0.277,0.277,181684.4
2023-06-19 19:00:00,0.277,0.279,0.276,0.279,98275.9
2023-06-19 19:30:00,0.279,0.279,0.278,0.279,62003.3
2023-06-19 20:00:00,0.28,0.281,0.279,0.279,138088.9
2023-06-19 20:30:00,0.279,0.281,0.279,0.279,28830.0
2023-06-19 21:00:00,0.279,0.279,0.278,0.278,35545.7
2023-06-19 21:30:00,0.278,0.28,0.278,0.279,20119.7
2023-06-19 22:00:00,0.279,0.281,0.279,0.28,30666.9
2023-06-19 22:30:00,0.28,0.28,0.279,0.279,34346.8
2023-06-19 23:00:00,0.279,0.28,0.278,0.279,52864.8
2023-06-19 23:30:00,0.279,0.279,0.279,0.279,4398.0
2023-06-20 00:00:00,0.279,0.281,0.278,0.28,130721.8
2023-06-20 00:30:00,0.279,0.282,0.278,0.28,106818.7
2023-06-20 01:00:00,0.28,0.282,0.279,0.28,117905.4
2023-06-20 01:30:00,0.279,0.28,0.278,0.278,78299.2
2023-06-20 02:00:00,0.279,0.28,0.278,0.279,92014.1
2023-06-20 02:30:00,0.279,0.28,0.279,0.279,39189.6
2023-06-20 03:00:00,0.279,0.279,0.279,0.279,17820.5
2023-06-20 03:30:00,0.279,0.28,0.279,0.279,14259.9
2023-06-20 04:00:00,0.278,0.28,0.278,0.279,79639.5
2023-06-20 04:30:00,0.279,0.279,0.278,0.279,83117.4
2023-06-20 05:00:00,0.28,0.28,0.279,0.279,89665.0
2023-06-20 05:30:00,0.28,0.28,0.278,0.278,19878.2
2023-06-20 06:00:00,0.278,0.279,0.278,0.278,39916.8
2023-06-20 06:30:00,0.278,0.278,0.278,0.278,229.1
2023-06-20 07:00:00,0.278,0.28,0.278,0.279,56428.9
2023-06-20 07:30:00,0.28,0.28,0.279,0.279,5404.0
2023-06-20 08:00:00,0.28,0.28,0.278,0.278,117165.0
2023-06-20 08:30:00,0.278,0.278,0.277,0.277,50099.4
2023-06-20 09:00:00,0.277,0.279,0.277,0.279,18875.8
2023-06-20 09:30:00,0.278,0.279,0.277,0.278,89278.6
2023-06-20 10:00:00,0.278,0.279,0.277,0.279,58581.3
2023-06-20 10:30:00,0.278,0.279,0.278,0.278,42489.3
2023-06-20 11:00:00,0.278,0.278,0.277,0.278,10388.7
2023-06-20 11:30:00,0.278,0.279,0.278,0.278,40972.2
2023-06-20 12:00:00,0.279,0.279,0.279,0.279,58017.4
2023-06-20 12:30:00,0.278,0.278,0.277,0.277,14006.2
2023-06-20 13:00:00,0.277,0.277,0.277,0.277,244.4
2023-06-20 13:30:00,0.277,0.278,0.274,0.275,440403.8
2023-06-20 14:00:00,0.274,0.276,0.272,0.273,143794.0
2023-06-20 14:30:00,0.273,0.275,0.273,0.274,66773.6
2023-06-20 15:00:00,0.274,0.275,0.273,0.275,43916.4
2023-06-20 15:30:00,0.275,0.276,0.273,0.275,165734.7
2023-06-20 16:00:00,0.276,0.278,0.274,0.278,232637.5
2023-06-20 16:30:00,0.277,0.278,0.276,0.278,179488.9
2023-06-20 17:00:00,0.278,0.279,0.277,0.278,74176.3
2023-06-20 17:30:00,0.279,0.281,0.277,0.28,122856.8
2023-06-20 18:00:00,0.281,0.283,0.281,0.282,128605.6
2023-06-20 18:30:00,0.282,0.284,0.28,0.284,174488.9
2023-06-20 19:00:00,0.284,0.285,0.281,0.283,275552.0
2023-06-20 19:30:00,0.283,0.285,0.283,0.285,142076.6
2023-06-20 20:00:00,0.285,0.287,0.283,0.286,177149.7
2023-06-20 20:30:00,0.286,0.287,0.285,0.286,133799.5
2023-06-20 21:00:00,0.287,0.287,0.285,0.285,108458.0
2023-06-20 21:30:00,0.285,0.286,0.284,0.285,64222.5
2023-06-20 22:00:00,0.284,0.286,0.284,0.286,43218.2
2023-06-20 22:30:00,0.286,0.287,0.285,0.286,64274.0
2023-06-20 23:00:00,0.286,0.287,0.285,0.286,196592.2
2023-06-20 23:30:00,0.286,0.287,0.285,0.287,177394.4
2023-06-21 00:00:00,0.287,0.289,0.285,0.288,266399.0
2023-06-21 00:30:00,0.288,0.29,0.287,0.289,230387.7
2023-06-21 01:00:00,0.29,0.294,0.29,0.292,461382.8
2023-06-21 01:30:00,0.292,0.293,0.29,0.293,160415.9
2023-06-21 02:00:00,0.293,0.293,0.292,0.293,56089.2
2023-06-21 02:30:00,0.292,0.294,0.291,0.293,69124.0
2023-06-21 03:00:00,0.293,0.293,0.292,0.292,40667.9
2023-06-21 03:30:00,0.292,0.295,0.292,0.294,106131.9
2023-06-21 04:00:00,0.295,0.295,0.293,0.293,87550.2
2023-06-21 04:30:00,0.294,0.294,0.293,0.294,84723.4
2023-06-21 05:00:00,0.294,0.295,0.293,0.295,175579.6
2023-06-21 05:30:00,0.294,0.298,0.294,0.297,306061.1
2023-06-21 06:00:00,0.297,0.299,0.296,0.297,265647.4
2023-06-21 06:30:00,0.298,0.298,0.294,0.296,156936.8
2023-06-21 07:00:00,0.295,0.296,0.295,0.296,61039.0
2023-06-21 07:30:00,0.295,0.296,0.294,0.295,100249.4
2023-06-21 08:00:00,0.294,0.295,0.292,0.293,87667.2
2023-06-21 08:30:00,0.292,0.293,0.291,0.293,100242.3
2023-06-21 09:00:00,0.292,0.295,0.292,0.295,160815.1
2023-06-21 09:30:00,0.294,0.295,0.293,0.295,42614.8
2023-06-21 10:00:00,0.294,0.294,0.293,0.293,51755.8
2023-06-21 10:30:00,0.294,0.294,0.29,0.29,240086.5
2023-06-21 11:00:00,0.291,0.293,0.29,0.293,68521.8
2023-06-21 11:30:00,0.293,0.293,0.291,0.293,91520.1
2023-06-21 12:00:00,0.293,0.294,0.292,0.294,156506.0
2023-06-21 12:30:00,0.294,0.294,0.29,0.29,154426.6
2023-06-21 13:00:00,0.291,0.293,0.29,0.292,112975.0
2023-06-21 13:30:00,0.292,0.294,0.292,0.292,159402.4
2023-06-21 14:00:00,0.292,0.293,0.291,0.293,213581.0
2023-06-21 14:30:00,0.294,0.297,0.293,0.297,301492.6
2023-06-21 15:00:00,0.296,0.299,0.295,0.298,285694.6
2023-06-21 15:30:00,0.298,0.3,0.296,0.3,450500.9
2023-06-21 16:00:00,0.3,0.305,0.298,0.304,792902.5
2023-06-21 16:30:00,0.303,0.305,0.299,0.3,469666.1
2023-06-21 17:00:00,0.3,0.303,0.298,0.3,705570.0
2023-06-21 17:30:00,0.3,0.302,0.298,0.301,231801.7
2023-06-21 18:00:00,0.301,0.304,0.301,0.304,238467.9
2023-06-21 18:30:00,0.303,0.304,0.301,0.303,336718.4
2023-06-21 19:00:00,0.302,0.304,0.3,0.302,176036.4
2023-06-21 19:30:00,0.301,0.303,0.301,0.302,322588.3
2023-06-21 20:00:00,0.302,0.303,0.3,0.302,160053.8
2023-06-21 20:30:00,0.303,0.303,0.3,0.301,171936.8
2023-06-21 21:00:00,0.301,0.302,0.3,0.302,146421.4
2023-06-21 21:30:00,0.302,0.302,0.299,0.3,70051.3
2023-06-21 22:00:00,0.301,0.303,0.3,0.302,122901.9
2023-06-21 22:30:00,0.302,0.304,0.302,0.304,95812.9
2023-06-21 23:00:00,0.303,0.305,0.303,0.305,81876.6
2023-06-21 23:30:00,0.305,0.305,0.302,0.303,134613.7
2023-06-22 00:00:00,0.303,0.305,0.301,0.305,218537.7
2023-06-22 00:30:00,0.305,0.308,0.305,0.307,218185.0
2023-06-22 01:00:00,0.307,0.31,0.306,0.309,275077.4
2023-06-22 01:30:00,0.308,0.311,0.308,0.311,185540.4
2023-06-22 02:00:00,0.31,0.312,0.309,0.312,300698.8
2023-06-22 02:30:00,0.311,0.314,0.311,0.314,239226.3
2023-06-22 03:00:00,0.314,0.315,0.313,0.314,136613.4
2023-06-22 03:30:00,0.314,0.314,0.312,0.313,139932.7
2023-06-22 04:00:00,0.312,0.313,0.31,0.31,220710.8
2023-06-22 04:30:00,0.311,0.314,0.311,0.314,127046.1
2023-06-22 05:00:00,0.314,0.314,0.31,0.31,207554.4
2023-06-22 05:30:00,0.311,0.311,0.307,0.307,144217.3
2023-06-22 06:00:00,0.308,0.308,0.303,0.306,309568.2
2023-06-22 06:30:00,0.305,0.306,0.304,0.305,62493.2
2023-06-22 07:00:00,0.305,0.307,0.305,0.306,46098.9
2023-06-22 07:30:00,0.306,0.309,0.305,0.309,183227.1
2023-06-22 08:00:00,0.308,0.308,0.306,0.306,187460.3
2023-06-22 08:30:00,0.306,0.307,0.305,0.306,171626.6
2023-06-22 09:00:00,0.307,0.31,0.305,0.31,151303.0
2023-06-22 09:30:00,0.309,0.309,0.306,0.306,113448.1
2023-06-22 10:00:00,0.306,0.309,0.306,0.309,58853.3
2023-06-22 10:30:00,0.309,0.309,0.307,0.307,47054.9
2023-06-22 11:00:00,0.307,0.307,0.292,0.301,913549.5
2023-06-22 11:30:00,0.301,0.302,0.297,0.298,280149.2
2023-06-22 12:00:00,0.298,0.302,0.298,0.301,507424.3
2023-06-22 12:30:00,0.3,0.303,0.3,0.302,82029.4
2023-06-22 13:00:00,0.302,0.302,0.3,0.301,158349.5
2023-06-22 13:30:00,0.301,0.301,0.299,0.3,210809.3
2023-06-22 14:00:00,0.3,0.301,0.298,0.299,203871.9
2023-06-22 14:30:00,0.298,0.298,0.293,0.295,254236.2
2023-06-22 15:00:00,0.294,0.297,0.294,0.295,168019.3
2023-06-22 15:30:00,0.295,0.297,0.294,0.296,43809.3
2023-06-22 16:00:00,0.297,0.298,0.296,0.297,90753.4
2023-06-22 16:30:00,0.298,0.299,0.295,0.297,93450.4
2023-06-22 17:00:00,0.296,0.297,0.295,0.297,54378.9
2023-06-22 17:30:00,0.297,0.299,0.297,0.299,108052.4
2023-06-22 18:00:00,0.299,0.299,0.297,0.298,115596.1
2023-06-22 18:30:00,0.298,0.299,0.296,0.299,124303.2
2023-06-22 19:00:00,0.298,0.299,0.297,0.298,56295.9
2023-06-22 19:30:00,0.297,0.299,0.297,0.299,116786.5
2023-06-22 20:00:00,0.299,0.299,0.297,0.297,67347.2
2023-06-22 20:30:00,0.297,0.298,0.296,0.298,31561.4
2023-06-22 21:00:00,0.299,0.299,0.297,0.297,21744.6
2023-06-22 21:30:00,0.297,0.298,0.296,0.297,137484.0
2023-06-22 22:00:00,0.297,0.297,0.295,0.295,77930.2
2023-06-22 22:30:00,0.296,0.297,0.293,0.293,150764.1
2023-06-22 23:00:00,0.293,0.294,0.292,0.294,41600.9
2023-06-22 23:30:00,0.293,0.295,0.292,0.293,86377.1
2023-06-23 00:00:00,0.292,0.295,0.292,0.294,54263.8
2023-06-23 00:30:00,0.294,0.295,0.293,0.294,99031.7
2023-06-23 01:00:00,0.294,0.296,0.293,0.295,84601.7
2023-06-23 01:30:00,0.295,0.296,0.292,0.293,265309.4
2023-06-23 02:00:00,0.292,0.293,0.29,0.292,510933.4
2023-06-23 02:30:00,0.293,0.294,0.292,0.293,267868.9
2023-06-23 03:00:00,0.292,0.295,0.292,0.294,138361.6
2023-06-23 03:30:00,0.293,0.294,0.293,0.294,23469.8
2023-06-23 04:00:00,0.293,0.294,0.292,0.293,38231.6
2023-06-23 04:30:00,0.292,0.295,0.292,0.294,35730.9
2023-06-23 05:00:00,0.294,0.295,0.293,0.295,72721.6
2023-06-23 05:30:00,0.294,0.295,0.294,0.295,13985.6
2023-06-23 06:00:00,0.295,0.296,0.294,0.296,31687.7
2023-06-23 06:30:00,0.296,0.296,0.294,0.294,53643.3
2023-06-23 07:00:00,0.294,0.295,0.293,0.294,41767.7
2023-06-23 07:30:00,0.294,0.296,0.294,0.295,162503.4
2023-06-23 08:00:00,0.295,0.295,0.294,0.295,60427.9
2023-06-23 08:30:00,0.295,0.296,0.295,0.295,106739.4
2023-06-23 09:00:00,0.295,0.296,0.292,0.293,102271.7
2023-06-23 09:30:00,0.293,0.295,0.292,0.294,89007.6
2023-06-23 10:00:00,0.294,0.295,0.292,0.293,73191.0
2023-06-23 10:30:00,0.292,0.294,0.292,0.293,23304.1
2023-06-23 11:00:00,0.293,0.294,0.293,0.293,27917.4
2023-06-23 11:30:00,0.293,0.295,0.293,0.295,46898.3
2023-06-23 12:00:00,0.294,0.294,0.291,0.293,168407.3
2023-06-23 12:30:00,0.292,0.293,0.29,0.293,162928.9
2023-06-23 13:00:00,0.293,0.293,0.291,0.292,41006.1
2023-06-23 13:30:00,0.291,0.292,0.287,0.289,431890.9
2023-06-23 14:00:00,0.289,0.291,0.288,0.29,163313.9
2023-06-23 14:30:00,0.29,0.293,0.29,0.293,149985.6
2023-06-23 15:00:00,0.293,0.296,0.292,0.293,301881.2
2023-06-23 15:30:00,0.293,0.301,0.293,0.3,681457.9
2023-06-23 16:00:00,0.301,0.305,0.299,0.303,857066.6
2023-06-23 16:30:00,0.301,0.305,0.3,0.302,463984.2
2023-06-23 17:00:00,0.303,0.305,0.302,0.303,318254.7
2023-06-23 17:30:00,0.303,0.304,0.301,0.304,213408.2
2023-06-23 18:00:00,0.304,0.305,0.302,0.302,111811.4
2023-06-23 18:30:00,0.302,0.302,0.3,0.302,73297.7
2023-06-23 19:00:00,0.302,0.303,0.301,0.302,52783.7
2023-06-23 19:30:00,0.302,0.302,0.299,0.301,75708.4
2023-06-23 20:00:00,0.301,0.303,0.301,0.302,77714.9
2023-06-23 20:30:00,0.302,0.304,0.302,0.303,111605.9
2023-06-23 21:00:00,0.303,0.304,0.302,0.303,45489.3
2023-06-23 21:30:00,0.304,0.304,0.298,0.299,96963.2
2023-06-23 22:00:00,0.299,0.3,0.296,0.296,225075.3
2023-06-23 22:30:00,0.296,0.299,0.296,0.298,50102.4
2023-06-23 23:00:00,0.299,0.3,0.298,0.299,98030.1
2023-06-23 23:30:00,0.298,0.3,0.298,0.299,87663.3
2023-06-24 00:00:00,0.3,0.3,0.297,0.298,164986.1
2023-06-24 00:30:00,0.299,0.3,0.297,0.298,295140.2
2023-06-24 01:00:00,0.298,0.299,0.297,0.298,64630.1
2023-06-24 01:30:00,0.298,0.3,0.297,0.299,92862.3
2023-06-24 02:00:00,0.3,0.303,0.3,0.302,80805.0
2023-06-24 02:30:00,0.302,0.303,0.302,0.302,25976.1
2023-06-24 03:00:00,0.303,0.304,0.302,0.304,43123.9
2023-06-24 03:30:00,0.303,0.306,0.303,0.306,175146.9
2023-06-24 04:00:00,0.305,0.308,0.304,0.307,176366.7
2023-06-24 04:30:00,0.306,0.308,0.305,0.305,73646.6
2023-06-24 05:00:00,0.305,0.307,0.305,0.307,24342.9
2023-06-24 05:30:00,0.306,0.307,0.306,0.306,44183.2
2023-06-24 06:00:00,0.307,0.307,0.303,0.304,111770.2
2023-06-24 06:30:00,0.304,0.306,0.303,0.305,56931.1
2023-06-24 07:00:00,0.305,0.306,0.303,0.305,131975.8
2023-06-24 07:30:00,0.304,0.305,0.301,0.303,232055.7
2023-06-24 08:00:00,0.304,0.305,0.302,0.305,93845.3
2023-06-24 08:30:00,0.304,0.304,0.303,0.304,60285.0
2023-06-24 09:00:00,0.304,0.305,0.303,0.304,51777.7
2023-06-24 09:30:00,0.303,0.305,0.303,0.305,66991.1
2023-06-24 10:00:00,0.304,0.309,0.304,0.308,222441.0
2023-06-24 10:30:00,0.309,0.309,0.307,0.307,81954.3
2023-06-24 11:00:00,0.306,0.308,0.306,0.307,48448.1
2023-06-24 11:30:00,0.307,0.308,0.307,0.307,59747.2
2023-06-24 12:00:00,0.306,0.309,0.306,0.309,76205.3
2023-06-24 12:30:00,0.308,0.31,0.307,0.308,166966.6
2023-06-24 13:00:00,0.308,0.309,0.304,0.304,236117.1
2023-06-24 13:30:00,0.305,0.306,0.304,0.305,113431.2
2023-06-24 14:00:00,0.306,0.307,0.304,0.307,106891.2
2023-06-24 14:30:00,0.307,0.311,0.306,0.31,193832.1
2023-06-24 15:00:00,0.31,0.311,0.306,0.306,158956.8
2023-06-24 15:30:00,0.306,0.307,0.299,0.301,397100.5
2023-06-24 16:00:00,0.301,0.302,0.297,0.301,199195.6
2023-06-24 16:30:00,0.301,0.302,0.299,0.301,63474.3
2023-06-24 17:00:00,0.302,0.303,0.301,0.303,89133.9
2023-06-24 17:30:00,0.303,0.303,0.301,0.302,54778.2
2023-06-24 18:00:00,0.301,0.307,0.301,0.307,317059.0
2023-06-24 18:30:00,0.306,0.34,0.306,0.318,4795555.6
2023-06-24 19:00:00,0.317,0.32,0.312,0.313,1067175.5
2023-06-24 19:30:00,0.314,0.315,0.311,0.312,350378.3
2023-06-24 20:00:00,0.312,0.313,0.307,0.308,370924.3
2023-06-24 20:30:00,0.308,0.309,0.306,0.306,222828.1
2023-06-24 21:00:00,0.307,0.308,0.305,0.307,257144.0
2023-06-24 21:30:00,0.308,0.31,0.307,0.31,116781.4
2023-06-24 22:00:00,0.309,0.312,0.309,0.312,143860.1
2023-06-24 22:30:00,0.311,0.311,0.309,0.311,91311.3
2023-06-24 23:00:00,0.311,0.317,0.311,0.317,375146.7
2023-06-24 23:30:00,0.317,0.322,0.316,0.321,536966.0
2023-06-25 00:00:00,0.32,0.321,0.317,0.317,228370.8
2023-06-25 00:30:00,0.317,0.321,0.317,0.32,313965.1
2023-06-25 01:00:00,0.32,0.326,0.318,0.324,490325.0
2023-06-25 01:30:00,0.324,0.333,0.323,0.327,1547621.1
2023-06-25 02:00:00,0.326,0.328,0.325,0.326,585098.0
2023-06-25 02:30:00,0.327,0.338,0.326,0.332,1067490.6
2023-06-25 03:00:00,0.331,0.333,0.325,0.326,534345.4
2023-06-25 03:30:00,0.325,0.329,0.324,0.327,350247.4
2023-06-25 04:00:00,0.328,0.329,0.324,0.327,389713.8
2023-06-25 04:30:00,0.327,0.328,0.324,0.327,381862.4
2023-06-25 05:00:00,0.327,0.328,0.323,0.326,323364.7
2023-06-25 05:30:00,0.326,0.331,0.325,0.329,357465.2
2023-06-25 06:00:00,0.33,0.334,0.327,0.331,446703.3
2023-06-25 06:30:00,0.331,0.336,0.331,0.334,476629.9
2023-06-25 07:00:00,0.335,0.335,0.326,0.329,670599.0
2023-06-25 07:30:00,0.329,0.331,0.327,0.331,328963.1
2023-06-25 08:00:00,0.33,0.33,0.328,0.328,280237.0
2023-06-25 08:30:00,0.328,0.331,0.328,0.331,164046.6
2023-06-25 09:00:00,0.331,0.331,0.323,0.325,364408.2
2023-06-25 09:30:00,0.324,0.326,0.324,0.325,186420.7
2023-06-25 10:00:00,0.325,0.325,0.323,0.324,162534.2
2023-06-25 10:30:00,0.323,0.325,0.322,0.322,174132.9
2023-06-25 11:00:00,0.322,0.324,0.322,0.323,226976.1
2023-06-25 11:30:00,0.322,0.323,0.321,0.322,231013.2
2023-06-25 12:00:00,0.322,0.323,0.318,0.32,207971.4
2023-06-25 12:30:00,0.319,0.32,0.318,0.32,135758.1
2023-06-25 13:00:00,0.32,0.321,0.314,0.316,239202.9
2023-06-25 13:30:00,0.316,0.317,0.313,0.316,202727.1
2023-06-25 14:00:00,0.316,0.318,0.315,0.317,117407.3
2023-06-25 14:30:00,0.317,0.317,0.313,0.313,135704.2
2023-06-25 15:00:00,0.313,0.315,0.312,0.315,93064.5
2023-06-25 15:30:00,0.315,0.315,0.314,0.315,92499.0
2023-06-25 16:00:00,0.315,0.317,0.314,0.316,150513.0
2023-06-25 16:30:00,0.316,0.317,0.315,0.316,57026.3
2023-06-25 17:00:00,0.316,0.317,0.315,0.315,13084.9
2023-06-25 17:30:00,0.315,0.315,0.313,0.313,87383.0
2023-06-25 18:00:00,0.314,0.314,0.31,0.311,252392.6
2023-06-25 18:30:00,0.311,0.313,0.311,0.313,122195.1
2023-06-25 19:00:00,0.313,0.313,0.311,0.312,84985.9
2023-06-25 19:30:00,0.312,0.313,0.31,0.312,51400.2
2023-06-25 20:00:00,0.313,0.315,0.313,0.314,207362.4
2023-06-25 20:30:00,0.314,0.314,0.311,0.313,68379.6
2023-06-25 21:00:00,0.312,0.314,0.312,0.314,64595.0
2023-06-25 21:30:00,0.313,0.314,0.313,0.313,23351.5
2023-06-25 22:00:00,0.313,0.316,0.313,0.316,57803.5
2023-06-25 22:30:00,0.315,0.315,0.314,0.315,25566.1
2023-06-25 23:00:00,0.314,0.315,0.314,0.314,93381.0
2023-06-25 23:30:00,0.313,0.314,0.312,0.314,33200.3
2023-06-26 00:00:00,0.314,0.314,0.31,0.311,230604.4
2023-06-26 00:30:00,0.311,0.311,0.308,0.309,154927.2
2023-06-26 01:00:00,0.308,0.308,0.304,0.307,329446.6
2023-06-26 01:30:00,0.306,0.308,0.305,0.305,65620.3
2023-06-26 02:00:00,0.305,0.306,0.304,0.304,127663.1
2023-06-26 02:30:00,0.305,0.307,0.304,0.306,77107.0
2023-06-26 03:00:00,0.306,0.308,0.306,0.307,61508.4
2023-06-26 03:30:00,0.308,0.308,0.306,0.307,78195.4
2023-06-26 04:00:00,0.307,0.308,0.306,0.306,37548.9
2023-06-26 04:30:00,0.306,0.307,0.306,0.307,41446.5
2023-06-26 05:00:00,0.307,0.307,0.304,0.305,150163.0
2023-06-26 05:30:00,0.305,0.306,0.303,0.305,87948.1
2023-06-26 06:00:00,0.304,0.307,0.303,0.307,53537.7
2023-06-26 06:30:00,0.306,0.31,0.306,0.309,189514.7
2023-06-26 07:00:00,0.309,0.311,0.308,0.309,149872.9
2023-06-26 07:30:00,0.309,0.31,0.306,0.309,127311.0
2023-06-26 08:00:00,0.308,0.309,0.307,0.309,53747.0
2023-06-26 08:30:00,0.309,0.312,0.308,0.311,123438.2
2023-06-26 09:00:00,0.312,0.313,0.308,0.31,466440.1
2023-06-26 09:30:00,0.309,0.31,0.308,0.308,46322.1
2023-06-26 10:00:00,0.308,0.308,0.305,0.308,89546.9
2023-06-26 10:30:00,0.308,0.309,0.307,0.308,15527.1
2023-06-26 11:00:00,0.308,0.309,0.308,0.309,9169.9
2023-06-26 11:30:00,0.308,0.309,0.307,0.309,63673.9
2023-06-26 12:00:00,0.308,0.31,0.308,0.308,39223.6
2023-06-26 12:30:00,0.308,0.31,0.307,0.309,35750.5
2023-06-26 13:00:00,0.31,0.31,0.309,0.31,95062.6
2023-06-26 13:30:00,0.31,0.314,0.31,0.313,290364.8
2023-06-26 14:00:00,0.314,0.314,0.311,0.311,153177.0
2023-06-26 14:30:00,0.312,0.312,0.308,0.31,141917.3
2023-06-26 15:00:00,0.31,0.311,0.308,0.311,47254.7
2023-06-26 15:30:00,0.311,0.312,0.31,0.31,19854.5
2023-06-26 16:00:00,0.311,0.311,0.309,0.309,62889.4
2023-06-26 16:30:00,0.309,0.31,0.297,0.302,551066.1
2023-06-26 17:00:00,0.301,0.303,0.3,0.302,206764.1
2023-06-26 17:30:00,0.303,0.303,0.3,0.301,12538.8
2023-06-26 18:00:00,0.3,0.302,0.3,0.302,118220.1
2023-06-26 18:30:00,0.301,0.303,0.301,0.302,49757.3
2023-06-26 19:00:00,0.302,0.302,0.301,0.301,22944.7
2023-06-26 19:30:00,0.301,0.303,0.3,0.301,49897.4
2023-06-26 20:00:00,0.302,0.303,0.301,0.302,53826.8
2023-06-26 20:30:00,0.301,0.302,0.298,0.299,116763.0
2023-06-26 21:00:00,0.299,0.299,0.297,0.298,115674.7
2023-06-26 21:30:00,0.298,0.298,0.293,0.294,297796.7
2023-06-26 22:00:00,0.293,0.296,0.292,0.296,242768.1
2023-06-26 22:30:00,0.296,0.3,0.296,0.3,192881.9
2023-06-26 23:00:00,0.3,0.3,0.299,0.299,25548.7
2023-06-26 23:30:00,0.3,0.301,0.299,0.301,21766.6
2023-06-27 00:00:00,0.301,0.302,0.3,0.301,67305.8
2023-06-27 00:30:00,0.301,0.302,0.299,0.301,114098.1
2023-06-27 01:00:00,0.301,0.301,0.298,0.301,87593.1
2023-06-27 01:30:00,0.301,0.305,0.301,0.304,147591.5
2023-06-27 02:00:00,0.303,0.305,0.303,0.303,220975.3
2023-06-27 02:30:00,0.303,0.306,0.303,0.306,234518.9
2023-06-27 03:00:00,0.306,0.306,0.304,0.306,151001.0
2023-06-27 03:30:00,0.305,0.306,0.305,0.305,83177.0
2023-06-27 04:00:00,0.305,0.309,0.305,0.308,147612.1
2023-06-27 04:30:00,0.308,0.31,0.308,0.309,75464.7
2023-06-27 05:00:00,0.31,0.31,0.306,0.306,91085.7
2023-06-27 05:30:00,0.305,0.306,0.303,0.304,107816.2
2023-06-27 06:00:00,0.304,0.304,0.302,0.303,137139.7
2023-06-27 06:30:00,0.303,0.304,0.302,0.303,27370.4
2023-06-27 07:00:00,0.303,0.305,0.303,0.304,52800.1
2023-06-27 07:30:00,0.303,0.304,0.302,0.303,83534.1
2023-06-27 08:00:00,0.303,0.303,0.302,0.302,77564.5
2023-06-27 08:30:00,0.302,0.302,0.3,0.3,123561.6
2023-06-27 09:00:00,0.301,0.301,0.299,0.3,80681.2
2023-06-27 09:30:00,0.3,0.302,0.3,0.3,55097.4
2023-06-27 10:00:00,0.301,0.304,0.301,0.302,210449.8
2023-06-27 10:30:00,0.302,0.304,0.302,0.303,75230.2
2023-06-27 11:00:00,0.303,0.303,0.3,0.3,61855.6
2023-06-27 11:30:00,0.3,0.301,0.299,0.301,107175.4
2023-06-27 12:00:00,0.301,0.301,0.299,0.3,35973.7
2023-06-27 12:30:00,0.3,0.301,0.299,0.3,170445.9
2023-06-27 13:00:00,0.3,0.3,0.296,0.298,190907.4
2023-06-27 13:30:00,0.297,0.3,0.297,0.299,99089.7
2023-06-27 14:00:00,0.299,0.301,0.297,0.3,209644.5
2023-06-27 14:30:00,0.299,0.3,0.297,0.298,78198.0
2023-06-27 15:00:00,0.298,0.298,0.295,0.298,147595.3
2023-06-27 15:30:00,0.298,0.298,0.294,0.296,187546.3
2023-06-27 16:00:00,0.296,0.297,0.294,0.297,135473.3
2023-06-27 16:30:00,0.297,0.299,0.296,0.298,79863.5
2023-06-27 17:00:00,0.299,0.3,0.297,0.298,82294.0
2023-06-27 17:30:00,0.298,0.299,0.296,0.299,47981.9
2023-06-27 18:00:00,0.298,0.299,0.297,0.298,79609.2
2023-06-27 18:30:00,0.298,0.299,0.298,0.299,14270.3
2023-06-27 19:00:00,0.298,0.299,0.297,0.298,79227.5
2023-06-27 19:30:00,0.297,0.299,0.297,0.298,57567.3
2023-06-27 20:00:00,0.298,0.299,0.296,0.297,55542.3
2023-06-27 20:30:00,0.297,0.298,0.296,0.297,25039.1
2023-06-27 21:00:00,0.297,0.298,0.296,0.297,20518.8
2023-06-27 21:30:00,0.297,0.298,0.297,0.298,47730.6
2023-06-27 22:00:00,0.298,0.299,0.296,0.296,24394.6
2023-06-27 22:30:00,0.297,0.297,0.295,0.295,52026.1
2023-06-27 23:00:00,0.296,0.298,0.296,0.296,124886.5
2023-06-27 23:30:00,0.296,0.298,0.296,0.298,74026.9
2023-06-28 00:00:00,0.298,0.298,0.291,0.294,336971.7
2023-06-28 00:30:00,0.294,0.294,0.291,0.293,191927.2
2023-06-28 01:00:00,0.293,0.295,0.291,0.292,129758.0
2023-06-28 01:30:00,0.292,0.292,0.29,0.291,156754.3
2023-06-28 02:00:00,0.291,0.292,0.29,0.291,60820.0
2023-06-28 02:30:00,0.291,0.291,0.286,0.287,407404.4
2023-06-28 03:00:00,0.286,0.29,0.286,0.29,75753.0
2023-06-28 03:30:00,0.289,0.289,0.287,0.289,67591.6
2023-06-28 04:00:00,0.289,0.289,0.288,0.288,59945.4
2023-06-28 04:30:00,0.288,0.29,0.288,0.289,30599.4
2023-06-28 05:00:00,0.289,0.289,0.287,0.289,79863.7
2023-06-28 05:30:00,0.289,0.29,0.288,0.289,15221.7
2023-06-28 06:00:00,0.29,0.29,0.286,0.287,45625.9
2023-06-28 06:30:00,0.288,0.289,0.287,0.287,56158.3
2023-06-28 07:00:00,0.287,0.288,0.284,0.286,181108.6
2023-06-28 07:30:00,0.286,0.287,0.273,0.28,839050.4
2023-06-28 08:00:00,0.279,0.281,0.277,0.28,183748.0
2023-06-28 08:30:00,0.281,0.281,0.279,0.28,81334.2
2023-06-28 09:00:00,0.279,0.282,0.279,0.281,93518.7
2023-06-28 09:30:00,0.281,0.282,0.28,0.28,40003.2
2023-06-28 10:00:00,0.28,0.281,0.279,0.281,60454.7
2023-06-28 10:30:00,0.281,0.281,0.279,0.28,64892.9
2023-06-28 11:00:00,0.281,0.281,0.28,0.28,52131.9
2023-06-28 11:30:00,0.28,0.28,0.277,0.278,158640.9
2023-06-28 12:00:00,0.279,0.279,0.277,0.279,134687.5
2023-06-28 12:30:00,0.278,0.28,0.276,0.277,138527.1
2023-06-28 13:00:00,0.277,0.279,0.276,0.278,93870.6
2023-06-28 13:30:00,0.278,0.279,0.277,0.279,85377.7
2023-06-28 14:00:00,0.279,0.279,0.278,0.278,65835.1
2023-06-28 14:30:00,0.279,0.282,0.278,0.28,98467.0
2023-06-28 15:00:00,0.28,0.281,0.279,0.281,49465.0
2023-06-28 15:30:00,0.281,0.282,0.28,0.281,63024.3
2023-06-28 16:00:00,0.281,0.281,0.279,0.28,46199.7
2023-06-28 16:30:00,0.279,0.28,0.278,0.278,19268.5
2023-06-28 17:00:00,0.279,0.279,0.274,0.277,267942.2
2023-06-28 17:30:00,0.277,0.277,0.273,0.274,181625.5
2023-06-28 18:00:00,0.274,0.276,0.274,0.276,23165.4
2023-06-28 18:30:00,0.276,0.276,0.274,0.274,88652.7
2023-06-28 19:00:00,0.274,0.276,0.269,0.27,197087.2
2023-06-28 19:30:00,0.271,0.271,0.259,0.267,850532.8
2023-06-28 20:00:00,0.267,0.268,0.264,0.266,308995.2
2023-06-28 20:30:00,0.266,0.269,0.265,0.268,98612.8
2023-06-28 21:00:00,0.269,0.269,0.267,0.267,52362.6
2023-06-28 21:30:00,0.268,0.27,0.268,0.27,138397.0
2023-06-28 22:00:00,0.27,0.271,0.269,0.27,52938.3
2023-06-28 22:30:00,0.271,0.271,0.269,0.27,120735.1
2023-06-28 23:00:00,0.271,0.272,0.27,0.27,36489.4
2023-06-28 23:30:00,0.27,0.27,0.269,0.27,32273.8
2023-06-29 00:00:00,0.27,0.272,0.269,0.271,165054.9
2023-06-29 00:30:00,0.271,0.272,0.268,0.268,79465.6
2023-06-29 01:00:00,0.269,0.273,0.268,0.271,121489.6
2023-06-29 01:30:00,0.271,0.271,0.269,0.269,61987.7
2023-06-29 02:00:00,0.269,0.27,0.269,0.27,36292.5
2023-06-29 02:30:00,0.269,0.269,0.268,0.268,14112.4
2023-06-29 03:00:00,0.269,0.27,0.268,0.27,46296.0
2023-06-29 03:30:00,0.271,0.271,0.27,0.271,24695.2
2023-06-29 04:00:00,0.271,0.271,0.269,0.271,12668.0
2023-06-29 04:30:00,0.271,0.272,0.27,0.272,30988.6
2023-06-29 05:00:00,0.272,0.273,0.272,0.273,52499.3
2023-06-29 05:30:00,0.272,0.272,0.27,0.27,118151.6
2023-06-29 06:00:00,0.27,0.271,0.27,0.27,34935.9
2023-06-29 06:30:00,0.27,0.272,0.27,0.271,7406.2
2023-06-29 07:00:00,0.271,0.273,0.271,0.273,73493.7
2023-06-29 07:30:00,0.273,0.274,0.272,0.273,26640.5
2023-06-29 08:00:00,0.273,0.274,0.272,0.273,79061.1
2023-06-29 08:30:00,0.273,0.273,0.272,0.272,4182.0
2023-06-29 09:00:00,0.272,0.275,0.272,0.274,126208.7
2023-06-29 09:30:00,0.274,0.275,0.273,0.274,47367.6
2023-06-29 10:00:00,0.274,0.276,0.272,0.275,133545.3
2023-06-29 10:30:00,0.275,0.277,0.275,0.275,46589.9
2023-06-29 11:00:00,0.276,0.276,0.275,0.276,20743.8
2023-06-29 11:30:00,0.277,0.277,0.275,0.276,27468.2
2023-06-29 12:00:00,0.277,0.278,0.275,0.276,83868.9
2023-06-29 12:30:00,0.276,0.277,0.274,0.275,49237.8
2023-06-29 13:00:00,0.275,0.277,0.274,0.275,74206.5
2023-06-29 13:30:00,0.275,0.276,0.271,0.272,104002.6
2023-06-29 14:00:00,0.272,0.273,0.271,0.273,82477.9
2023-06-29 14:30:00,0.272,0.273,0.269,0.27,71421.3
2023-06-29 15:00:00,0.27,0.272,0.27,0.271,93953.8
2023-06-29 15:30:00,0.27,0.272,0.269,0.27,36305.7
2023-06-29 16:00:00,0.27,0.271,0.27,0.271,62878.5
2023-06-29 16:30:00,0.27,0.27,0.268,0.27,103639.0
2023-06-29 17:00:00,0.269,0.271,0.268,0.27,94945.6
2023-06-29 17:30:00,0.271,0.272,0.269,0.269,110921.0
2023-06-29 18:00:00,0.27,0.27,0.269,0.27,26314.9
2023-06-29 18:30:00,0.271,0.271,0.27,0.27,8668.0
2023-06-29 19:00:00,0.27,0.27,0.268,0.269,27175.1
2023-06-29 19:30:00,0.269,0.27,0.268,0.27,99006.1
2023-06-29 20:00:00,0.271,0.271,0.267,0.268,167463.0
2023-06-29 20:30:00,0.268,0.268,0.267,0.268,37209.5
2023-06-29 21:00:00,0.268,0.269,0.267,0.269,77976.0
2023-06-29 21:30:00,0.269,0.27,0.269,0.269,56232.2
2023-06-29 22:00:00,0.269,0.27,0.268,0.268,141454.9
2023-06-29 22:30:00,0.269,0.27,0.269,0.269,32899.6
2023-06-29 23:00:00,0.269,0.27,0.268,0.27,120222.5
2023-06-29 23:30:00,0.271,0.271,0.268,0.269,43303.7
2023-06-30 00:00:00,0.269,0.27,0.268,0.27,131858.6
2023-06-30 00:30:00,0.269,0.27,0.267,0.268,86880.7
2023-06-30 01:00:00,0.268,0.269,0.265,0.269,244927.8
2023-06-30 01:30:00,0.269,0.269,0.267,0.269,56913.1
2023-06-30 02:00:00,0.269,0.271,0.269,0.271,141284.0
2023-06-30 02:30:00,0.272,0.275,0.271,0.275,127091.3
2023-06-30 03:00:00,0.275,0.277,0.274,0.276,235922.8
2023-06-30 03:30:00,0.277,0.278,0.276,0.278,199227.3
2023-06-30 04:00:00,0.278,0.279,0.276,0.276,61152.2
2023-06-30 04:30:00,0.277,0.281,0.277,0.278,194104.2
2023-06-30 05:00:00,0.277,0.28,0.276,0.278,120433.8
2023-06-30 05:30:00,0.277,0.277,0.274,0.276,79346.2
2023-06-30 06:00:00,0.276,0.277,0.274,0.275,119435.8
2023-06-30 06:30:00,0.275,0.275,0.273,0.273,94596.9
2023-06-30 07:00:00,0.273,0.276,0.273,0.274,65911.9
2023-06-30 07:30:00,0.274,0.276,0.273,0.275,235625.8
2023-06-30 08:00:00,0.275,0.276,0.274,0.275,73930.6
2023-06-30 08:30:00,0.276,0.277,0.275,0.276,58441.9
2023-06-30 09:00:00,0.275,0.276,0.272,0.274,380294.6
2023-06-30 09:30:00,0.275,0.275,0.273,0.274,23820.8
2023-06-30 10:00:00,0.274,0.276,0.273,0.273,112414.8
2023-06-30 10:30:00,0.274,0.276,0.273,0.274,212449.0
2023-06-30 11:00:00,0.274,0.275,0.273,0.274,60779.9
2023-06-30 11:30:00,0.275,0.276,0.274,0.276,54521.6
2023-06-30 12:00:00,0.276,0.281,0.275,0.278,555095.8
2023-06-30 12:30:00,0.279,0.279,0.277,0.279,140635.0
2023-06-30 13:00:00,0.279,0.279,0.277,0.279,159545.9
2023-06-30 13:30:00,0.278,0.279,0.25,0.26,1632321.0
2023-06-30 14:00:00,0.261,0.264,0.258,0.262,450595.0
2023-06-30 14:30:00,0.262,0.263,0.256,0.258,573764.5
2023-06-30 15:00:00,0.258,0.26,0.257,0.258,115370.0
2023-06-30 15:30:00,0.257,0.259,0.255,0.258,342397.6
2023-06-30 16:00:00,0.258,0.26,0.255,0.26,178147.0
2023-06-30 16:30:00,0.26,0.262,0.259,0.26,323609.2
2023-06-30 17:00:00,0.261,0.265,0.261,0.263,289599.9
2023-06-30 17:30:00,0.263,0.266,0.262,0.264,190392.4
2023-06-30 18:00:00,0.265,0.266,0.26,0.261,286656.3
2023-06-30 18:30:00,0.262,0.263,0.259,0.262,350678.4
2023-06-30 19:00:00,0.263,0.264,0.262,0.262,186070.5
2023-06-30 19:30:00,0.263,0.265,0.262,0.264,188702.6
2023-06-30 20:00:00,0.263,0.266,0.263,0.265,95659.8
2023-06-30 20:30:00,0.265,0.265,0.264,0.264,75623.0
2023-06-30 21:00:00,0.264,0.266,0.263,0.265,97553.6
2023-06-30 21:30:00,0.265,0.266,0.264,0.266,50620.1
2023-06-30 22:00:00,0.266,0.266,0.265,0.266,199930.8
2023-06-30 22:30:00,0.266,0.266,0.263,0.264,36894.9
2023-06-30 23:00:00,0.263,0.265,0.263,0.264,57469.6
2023-06-30 23:30:00,0.265,0.265,0.263,0.263,5800.7
2023-07-01 00:00:00,0.264,0.266,0.264,0.266,69293.4
2023-07-01 00:30:00,0.265,0.267,0.264,0.265,95433.2
2023-07-01 01:00:00,0.265,0.266,0.261,0.263,224738.8
2023-07-01 01:30:00,0.264,0.267,0.264,0.266,82020.6
2023-07-01 02:00:00,0.266,0.267,0.264,0.266,55047.8
2023-07-01 02:30:00,0.267,0.267,0.263,0.264,62426.7
2023-07-01 03:00:00,0.264,0.265,0.263,0.265,66475.0
2023-07-01 03:30:00,0.265,0.265,0.263,0.263,28892.4
2023-07-01 04:00:00,0.263,0.265,0.26,0.261,89163.5
2023-07-01 04:30:00,0.261,0.263,0.261,0.261,69903.0
2023-07-01 05:00:00,0.261,0.263,0.261,0.261,18086.7
2023-07-01 05:30:00,0.262,0.263,0.262,0.263,63482.6
2023-07-01 06:00:00,0.262,0.264,0.262,0.263,73799.6
2023-07-01 06:30:00,0.263,0.265,0.262,0.265,51175.5
2023-07-01 07:00:00,0.265,0.266,0.264,0.265,97567.3
2023-07-01 07:30:00,0.265,0.267,0.264,0.267,64107.9
2023-07-01 08:00:00,0.266,0.27,0.266,0.267,232623.1
2023-07-01 08:30:00,0.266,0.267,0.265,0.266,36922.0
2023-07-01 09:00:00,0.265,0.266,0.264,0.264,113717.2
2023-07-01 09:30:00,0.265,0.266,0.265,0.266,114662.5
2023-07-01 10:00:00,0.266,0.267,0.265,0.266,74766.3
2023-07-01 10:30:00,0.267,0.267,0.265,0.265,172755.9
2023-07-01 11:00:00,0.266,0.268,0.266,0.266,114084.9
2023-07-01 11:30:00,0.266,0.268,0.266,0.267,107406.2
2023-07-01 12:00:00,0.267,0.27,0.267,0.268,116029.6
2023-07-01 12:30:00,0.269,0.269,0.266,0.267,133864.6
2023-07-01 13:00:00,0.267,0.27,0.267,0.269,253365.6
2023-07-01 13:30:00,0.269,0.271,0.268,0.27,161805.8
2023-07-01 14:00:00,0.269,0.271,0.269,0.27,87734.0
2023-07-01 14:30:00,0.27,0.271,0.269,0.27,72246.8
2023-07-01 15:00:00,0.271,0.271,0.267,0.269,74262.0
2023-07-01 15:30:00,0.269,0.27,0.268,0.269,51228.3
2023-07-01 16:00:00,0.27,0.271,0.267,0.268,110656.6
2023-07-01 16:30:00,0.268,0.269,0.266,0.267,71418.6
2023-07-01 17:00:00,0.267,0.268,0.266,0.267,31489.4
2023-07-01 17:30:00,0.268,0.269,0.266,0.267,96094.6
2023-07-01 18:00:00,0.267,0.268,0.267,0.268,10579.6
2023-07-01 18:30:00,0.267,0.269,0.267,0.269,99247.4
2023-07-01 19:00:00,0.269,0.269,0.268,0.268,10646.9
2023-07-01 19:30:00,0.268,0.269,0.267,0.268,37402.6
2023-07-01 20:00:00,0.268,0.269,0.268,0.268,21357.9
2023-07-01 20:30:00,0.268,0.269,0.268,0.269,31320.8
2023-07-01 21:00:00,0.269,0.269,0.267,0.269,39085.4
2023-07-01 21:30:00,0.268,0.268,0.267,0.267,32075.8
2023-07-01 22:00:00,0.268,0.268,0.267,0.268,68982.8
2023-07-01 22:30:00,0.268,0.268,0.266,0.267,55843.8
2023-07-01 23:00:00,0.267,0.268,0.267,0.268,38183.3
2023-07-01 23:30:00,0.267,0.27,0.267,0.27,39418.2
2023-07-02 00:00:00,0.27,0.272,0.268,0.27,226100.2
2023-07-02 00:30:00,0.27,0.271,0.268,0.27,168072.1
2023-07-02 01:00:00,0.269,0.271,0.269,0.271,98718.5
2023-07-02 01:30:00,0.27,0.271,0.268,0.268,65290.8
2023-07-02 02:00:00,0.268,0.268,0.266,0.266,169019.4
2023-07-02 02:30:00,0.266,0.268,0.265,0.266,356457.6
2023-07-02 03:00:00,0.266,0.266,0.265,0.266,9646.9
2023-07-02 03:30:00,0.266,0.266,0.262,0.262,226429.6
2023-07-02 04:00:00,0.262,0.265,0.261,0.264,73343.8
2023-07-02 04:30:00,0.265,0.265,0.263,0.264,68939.3
2023-07-02 05:00:00,0.264,0.265,0.263,0.265,48030.9
2023-07-02 05:30:00,0.265,0.265,0.264,0.264,38566.3
2023-07-02 06:00:00,0.264,0.266,0.264,0.266,27708.5
2023-07-02 06:30:00,0.266,0.266,0.264,0.265,37268.6
2023-07-02 07:00:00,0.265,0.266,0.264,0.266,23268.6
2023-07-02 07:30:00,0.266,0.267,0.265,0.267,59333.6
2023-07-02 08:00:00,0.267,0.267,0.266,0.267,46621.3
2023-07-02 08:30:00,0.266,0.267,0.264,0.264,78092.4
2023-07-02 09:00:00,0.264,0.267,0.264,0.267,17170.4
2023-07-02 09:30:00,0.267,0.267,0.265,0.266,63458.1
2023-07-02 10:00:00,0.265,0.266,0.265,0.266,43595.8
2023-07-02 10:30:00,0.267,0.267,0.266,0.266,72035.4
2023-07-02 11:00:00,0.265,0.267,0.265,0.266,26789.3
2023-07-02 11:30:00,0.267,0.268,0.266,0.267,43096.2
2023-07-02 12:00:00,0.266,0.267,0.265,0.266,100401.6
2023-07-02 12:30:00,0.265,0.267,0.265,0.266,67581.8
2023-07-02 13:00:00,0.267,0.267,0.263,0.264,46108.0
2023-07-02 13:30:00,0.264,0.264,0.262,0.263,45943.2
2023-07-02 14:00:00,0.263,0.264,0.263,0.264,32121.5
2023-07-02 14:30:00,0.263,0.265,0.263,0.265,46007.8
2023-07-02 15:00:00,0.265,0.266,0.26,0.263,339650.6
2023-07-02 15:30:00,0.263,0.265,0.263,0.263,134114.2
2023-07-02 16:00:00,0.264,0.266,0.264,0.265,60179.2
2023-07-02 16:30:00,0.265,0.266,0.265,0.265,13360.3
2023-07-02 17:00:00,0.266,0.266,0.263,0.264,65247.1
2023-07-02 17:30:00,0.264,0.264,0.262,0.263,31456.0
2023-07-02 18:00:00,0.262,0.264,0.261,0.264,62542.1
2023-07-02 18:30:00,0.264,0.264,0.263,0.264,28635.9
2023-07-02 19:00:00,0.265,0.266,0.264,0.266,10165.6
2023-07-02 19:30:00,0.265,0.265,0.264,0.265,22104.0
2023-07-02 20:00:00,0.265,0.266,0.264,0.265,9032.9
2023-07-02 20:30:00,0.264,0.266,0.264,0.265,5692.2
2023-07-02 21:00:00,0.265,0.266,0.265,0.265,4664.7
2023-07-02 21:30:00,0.266,0.266,0.264,0.264,11798.3
2023-07-02 22:00:00,0.265,0.269,0.265,0.269,65820.1
2023-07-02 22:30:00,0.269,0.27,0.265,0.268,243219.4
2023-07-02 23:00:00,0.268,0.269,0.267,0.268,80744.9
2023-07-02 23:30:00,0.268,0.269,0.267,0.269,62715.4
2023-07-03 00:00:00,0.269,0.27,0.268,0.268,79965.3
2023-07-03 00:30:00,0.268,0.269,0.267,0.268,119696.1
2023-07-03 01:00:00,0.268,0.27,0.268,0.269,32825.5
2023-07-03 01:30:00,0.269,0.271,0.269,0.27,139345.9
2023-07-03 02:00:00,0.271,0.273,0.271,0.272,117975.5
2023-07-03 02:30:00,0.273,0.274,0.271,0.272,107782.9
2023-07-03 03:00:00,0.271,0.274,0.271,0.272,79220.0
2023-07-03 03:30:00,0.272,0.274,0.272,0.273,19383.0
2023-07-03 04:00:00,0.273,0.276,0.273,0.273,150309.5
2023-07-03 04:30:00,0.273,0.274,0.272,0.273,71049.7
2023-07-03 05:00:00,0.273,0.275,0.273,0.274,49379.0
2023-07-03 05:30:00,0.274,0.275,0.272,0.273,31240.8
2023-07-03 06:00:00,0.272,0.274,0.27,0.27,382783.5
2023-07-03 06:30:00,0.27,0.272,0.269,0.271,41899.2
2023-07-03 07:00:00,0.271,0.274,0.271,0.273,40706.5
2023-07-03 07:30:00,0.273,0.275,0.273,0.273,47180.8
2023-07-03 08:00:00,0.273,0.275,0.273,0.274,110149.9
2023-07-03 08:30:00,0.275,0.276,0.274,0.274,112894.5
2023-07-03 09:00:00,0.274,0.275,0.274,0.274,150219.5
2023-07-03 09:30:00,0.275,0.275,0.273,0.273,81540.8
2023-07-03 10:00:00,0.274,0.275,0.272,0.274,112647.7
2023-07-03 10:30:00,0.274,0.277,0.273,0.276,570785.7
2023-07-03 11:00:00,0.277,0.278,0.276,0.276,140683.9
2023-07-03 11:30:00,0.277,0.277,0.276,0.277,52381.7
2023-07-03 12:00:00,0.276,0.276,0.273,0.274,51987.5
2023-07-03 12:30:00,0.274,0.277,0.274,0.277,73797.5
2023-07-03 13:00:00,0.277,0.278,0.275,0.276,138763.4
2023-07-03 13:30:00,0.276,0.277,0.274,0.276,171916.0
2023-07-03 14:00:00,0.275,0.278,0.275,0.278,68159.7
2023-07-03 14:30:00,0.277,0.279,0.276,0.278,300977.5
2023-07-03 15:00:00,0.278,0.28,0.277,0.278,105267.7
2023-07-03 15:30:00,0.279,0.28,0.277,0.278,251183.8
2023-07-03 16:00:00,0.278,0.278,0.274,0.276,152229.3
2023-07-03 16:30:00,0.276,0.277,0.275,0.277,35299.0
2023-07-03 17:00:00,0.277,0.278,0.275,0.277,68062.7
2023-07-03 17:30:00,0.278,0.278,0.276,0.276,91530.1
2023-07-03 18:00:00,0.277,0.278,0.276,0.276,42246.8
2023-07-03 18:30:00,0.275,0.278,0.275,0.277,155626.3
2023-07-03 19:00:00,0.277,0.279,0.276,0.278,43173.9
2023-07-03 19:30:00,0.278,0.279,0.277,0.277,196967.5
2023-07-03 20:00:00,0.278,0.279,0.277,0.277,146087.8
2023-07-03 20:30:00,0.276,0.277,0.275,0.277,50161.8
2023-07-03 21:00:00,0.276,0.277,0.273,0.275,143744.8
2023-07-03 21:30:00,0.275,0.276,0.274,0.275,266296.9
2023-07-03 22:00:00,0.276,0.278,0.276,0.277,42318.7
2023-07-03 22:30:00,0.277,0.277,0.276,0.277,5630.5
2023-07-03 23:00:00,0.276,0.277,0.276,0.277,6322.9
2023-07-03 23:30:00,0.277,0.279,0.276,0.278,66173.0
2023-07-04 00:00:00,0.278,0.279,0.277,0.279,28004.2
2023-07-04 00:30:00,0.279,0.282,0.279,0.28,226499.8
2023-07-04 01:00:00,0.28,0.283,0.28,0.282,130893.9
2023-07-04 01:30:00,0.282,0.282,0.278,0.279,192713.4
2023-07-04 02:00:00,0.279,0.28,0.278,0.28,58142.6
2023-07-04 02:30:00,0.28,0.281,0.278,0.28,126145.1
2023-07-04 03:00:00,0.279,0.281,0.277,0.28,108422.9
2023-07-04 03:30:00,0.28,0.284,0.28,0.281,81434.0
2023-07-04 04:00:00,0.281,0.281,0.278,0.28,133883.0
2023-07-04 04:30:00,0.28,0.281,0.278,0.28,126086.5
2023-07-04 05:00:00,0.279,0.281,0.279,0.28,60871.0
2023-07-04 05:30:00,0.281,0.282,0.28,0.281,51856.1
2023-07-04 06:00:00,0.28,0.282,0.278,0.282,139747.8
2023-07-04 06:30:00,0.281,0.283,0.28,0.28,75389.4
2023-07-04 07:00:00,0.28,0.282,0.28,0.28,327005.0
2023-07-04 07:30:00,0.281,0.281,0.277,0.279,95140.8
2023-07-04 08:00:00,0.278,0.279,0.277,0.278,50284.3
2023-07-04 08:30:00,0.277,0.278,0.275,0.275,259639.7
2023-07-04 09:00:00,0.275,0.277,0.273,0.276,123483.7
2023-07-04 09:30:00,0.276,0.276,0.274,0.276,109996.8
2023-07-04 10:00:00,0.275,0.277,0.275,0.276,63927.7
2023-07-04 10:30:00,0.276,0.277,0.275,0.277,56820.5
2023-07-04 11:00:00,0.277,0.278,0.275,0.278,114353.7
2023-07-04 11:30:00,0.277,0.28,0.277,0.28,356464.7
2023-07-04 12:00:00,0.28,0.28,0.277,0.279,216973.3
2023-07-04 12:30:00,0.278,0.28,0.277,0.278,86966.2
2023-07-04 13:00:00,0.279,0.279,0.277,0.277,74629.6
2023-07-04 13:30:00,0.277,0.279,0.276,0.278,129495.2
2023-07-04 14:00:00,0.278,0.281,0.277,0.28,126724.9
2023-07-04 14:30:00,0.28,0.281,0.278,0.278,108922.8
2023-07-04 15:00:00,0.279,0.28,0.277,0.278,97810.4
2023-07-04 15:30:00,0.278,0.278,0.275,0.277,155747.7
2023-07-04 16:00:00,0.277,0.28,0.276,0.279,216586.2
2023-07-04 16:30:00,0.279,0.281,0.275,0.276,188557.9
2023-07-04 17:00:00,0.276,0.278,0.275,0.277,104157.1
2023-07-04 17:30:00,0.276,0.277,0.274,0.275,58837.2
2023-07-04 18:00:00,0.275,0.277,0.274,0.276,58468.5
2023-07-04 18:30:00,0.276,0.277,0.275,0.276,38383.8
2023-07-04 19:00:00,0.275,0.275,0.272,0.273,151505.5
2023-07-04 19:30:00,0.273,0.274,0.272,0.272,60766.8
2023-07-04 20:00:00,0.273,0.275,0.273,0.275,72841.6
2023-07-04 20:30:00,0.275,0.276,0.274,0.276,38486.2
2023-07-04 21:00:00,0.276,0.276,0.274,0.276,22350.2
2023-07-04 21:30:00,0.276,0.277,0.275,0.277,29205.7
2023-07-04 22:00:00,0.276,0.277,0.275,0.277,71602.2
2023-07-04 22:30:00,0.277,0.279,0.276,0.279,78532.8
2023-07-04 23:00:00,0.278,0.28,0.277,0.279,69558.5
2023-07-04 23:30:00,0.279,0.281,0.277,0.277,128785.4
2023-07-05 00:00:00,0.277,0.281,0.277,0.28,108515.7
2023-07-05 00:30:00,0.279,0.28,0.277,0.277,24308.2
2023-07-05 01:00:00,0.277,0.28,0.277,0.279,59607.3
2023-07-05 01:30:00,0.279,0.279,0.277,0.278,44712.3
2023-07-05 02:00:00,0.278,0.281,0.278,0.28,28083.5
2023-07-05 02:30:00,0.279,0.28,0.279,0.28,36228.3
2023-07-05 03:00:00,0.28,0.281,0.278,0.278,59104.2
2023-07-05 03:30:00,0.279,0.281,0.279,0.281,90219.6
2023-07-05 04:00:00,0.28,0.281,0.279,0.281,66345.8
2023-07-05 04:30:00,0.281,0.281,0.28,0.28,11389.9
2023-07-05 05:00:00,0.281,0.282,0.28,0.282,89272.6
2023-07-05 05:30:00,0.281,0.282,0.28,0.282,49715.5
2023-07-05 06:00:00,0.281,0.282,0.28,0.281,25831.8
2023-07-05 06:30:00,0.281,0.282,0.28,0.281,51825.9
2023-07-05 07:00:00,0.281,0.284,0.281,0.283,99722.0
2023-07-05 07:30:00,0.283,0.285,0.281,0.281,156209.6
2023-07-05 08:00:00,0.281,0.282,0.277,0.278,177163.4
2023-07-05 08:30:00,0.279,0.28,0.278,0.279,87437.0
2023-07-05 09:00:00,0.279,0.281,0.278,0.279,99273.6
2023-07-05 09:30:00,0.279,0.28,0.276,0.278,114434.6
2023-07-05 10:00:00,0.278,0.279,0.277,0.277,180475.2
2023-07-05 10:30:00,0.277,0.278,0.266,0.268,964021.4
2023-07-05 11:00:00,0.268,0.273,0.267,0.271,183293.2
2023-07-05 11:30:00,0.271,0.272,0.269,0.269,120517.8
2023-07-05 12:00:00,0.269,0.27,0.267,0.268,297342.9
2023-07-05 12:30:00,0.269,0.271,0.267,0.268,197170.2
2023-07-05 13:00:00,0.268,0.269,0.264,0.265,436914.2
2023-07-05 13:30:00,0.265,0.268,0.265,0.266,166294.1
2023-07-05 14:00:00,0.266,0.268,0.266,0.267,140990.7
2023-07-05 14:30:00,0.267,0.268,0.265,0.266,106948.3
2023-07-05 15:00:00,0.266,0.267,0.262,0.263,409841.4
2023-07-05 15:30:00,0.262,0.263,0.256,0.259,692732.1
2023-07-05 16:00:00,0.259,0.26,0.257,0.259,228473.3
2023-07-05 16:30:00,0.259,0.259,0.256,0.258,239889.5
2023-07-05 17:00:00,0.258,0.26,0.257,0.26,57564.1
2023-07-05 17:30:00,0.26,0.26,0.258,0.26,267093.5
2023-07-05 18:00:00,0.26,0.261,0.259,0.26,130891.4
2023-07-05 18:30:00,0.26,0.261,0.258,0.26,126988.1
2023-07-05 19:00:00,0.26,0.261,0.258,0.26,80337.3
2023-07-05 19:30:00,0.26,0.26,0.257,0.258,141429.2
2023-07-05 20:00:00,0.258,0.259,0.256,0.258,100101.6
2023-07-05 20:30:00,0.259,0.26,0.258,0.26,39616.6
2023-07-05 21:00:00,0.259,0.26,0.258,0.26,19060.0
2023-07-05 21:30:00,0.26,0.26,0.258,0.259,66624.2
2023-07-05 22:00:00,0.258,0.261,0.258,0.259,130108.9
2023-07-05 22:30:00,0.259,0.259,0.257,0.257,30137.6
2023-07-05 23:00:00,0.258,0.259,0.257,0.259,45096.0
2023-07-05 23:30:00,0.259,0.26,0.259,0.259,13664.7
2023-07-06 00:00:00,0.258,0.26,0.256,0.259,191927.5
2023-07-06 00:30:00,0.259,0.259,0.257,0.258,128267.2
2023-07-06 01:00:00,0.257,0.259,0.255,0.257,169062.9
2023-07-06 01:30:00,0.257,0.26,0.257,0.26,49934.3
2023-07-06 02:00:00,0.259,0.26,0.257,0.259,97061.8
2023-07-06 02:30:00,0.259,0.26,0.257,0.259,76569.1
2023-07-06 03:00:00,0.258,0.26,0.258,0.259,39900.4
2023-07-06 03:30:00,0.259,0.261,0.258,0.259,31310.8
2023-07-06 04:00:00,0.26,0.26,0.259,0.259,6969.6
2023-07-06 04:30:00,0.259,0.259,0.257,0.258,59500.8
2023-07-06 05:00:00,0.258,0.26,0.257,0.259,43576.5
2023-07-06 05:30:00,0.259,0.263,0.258,0.262,50654.9
2023-07-06 06:00:00,0.262,0.263,0.26,0.263,121721.0
2023-07-06 06:30:00,0.262,0.264,0.262,0.263,89568.4
2023-07-06 07:00:00,0.264,0.264,0.262,0.263,38558.8
2023-07-06 07:30:00,0.263,0.264,0.263,0.263,27837.5
2023-07-06 08:00:00,0.263,0.264,0.263,0.264,21678.0
2023-07-06 08:30:00,0.264,0.268,0.263,0.268,245976.6
2023-07-06 09:00:00,0.267,0.269,0.266,0.267,207901.2
2023-07-06 09:30:00,0.268,0.269,0.265,0.265,170357.3
2023-07-06 10:00:00,0.265,0.266,0.264,0.265,87132.8
2023-07-06 10:30:00,0.265,0.267,0.263,0.267,84226.2
2023-07-06 11:00:00,0.266,0.266,0.265,0.266,17041.3
2023-07-06 11:30:00,0.266,0.266,0.261,0.262,181299.3
2023-07-06 12:00:00,0.262,0.262,0.256,0.259,433260.4
2023-07-06 12:30:00,0.259,0.259,0.255,0.258,229029.6
2023-07-06 13:00:00,0.258,0.259,0.257,0.258,83007.6
2023-07-06 13:30:00,0.257,0.258,0.254,0.255,267355.2
2023-07-06 14:00:00,0.255,0.257,0.243,0.247,1391540.2
2023-07-06 14:30:00,0.247,0.251,0.246,0.25,343685.0
2023-07-06 15:00:00,0.25,0.251,0.247,0.251,272820.6
2023-07-06 15:30:00,0.25,0.253,0.249,0.252,133219.2
2023-07-06 16:00:00,0.252,0.254,0.251,0.253,169295.9
2023-07-06 16:30:00,0.254,0.254,0.249,0.252,248893.8
2023-07-06 17:00:00,0.251,0.252,0.25,0.252,66573.4
2023-07-06 17:30:00,0.251,0.253,0.251,0.253,167584.0
2023-07-06 18:00:00,0.253,0.255,0.252,0.253,84023.3
2023-07-06 18:30:00,0.253,0.254,0.252,0.254,67384.3
2023-07-06 19:00:00,0.254,0.254,0.252,0.253,35442.7
2023-07-06 19:30:00,0.252,0.253,0.25,0.251,59353.8
2023-07-06 20:00:00,0.251,0.252,0.25,0.252,41875.5
2023-07-06 20:30:00,0.251,0.252,0.25,0.252,118014.7
2023-07-06 21:00:00,0.251,0.251,0.249,0.25,55249.3
2023-07-06 21:30:00,0.25,0.251,0.248,0.251,97457.8
2023-07-06 22:00:00,0.251,0.252,0.25,0.251,29921.7
2023-07-06 22:30:00,0.251,0.252,0.248,0.25,66721.0
2023-07-06 23:00:00,0.249,0.25,0.247,0.249,96424.9
2023-07-06 23:30:00,0.248,0.248,0.246,0.247,97900.7
2023-07-07 00:00:00,0.246,0.249,0.243,0.247,391034.8
2023-07-07 00:30:00,0.247,0.249,0.245,0.247,134631.8
2023-07-07 01:00:00,0.248,0.248,0.246,0.247,93200.2
2023-07-07 01:30:00,0.247,0.25,0.246,0.249,77252.2
2023-07-07 02:00:00,0.248,0.249,0.247,0.249,74105.2
2023-07-07 02:30:00,0.249,0.251,0.248,0.25,98485.5
2023-07-07 03:00:00,0.25,0.25,0.248,0.249,143336.9
2023-07-07 03:30:00,0.249,0.25,0.248,0.249,32132.4
2023-07-07 04:00:00,0.249,0.249,0.246,0.246,122502.8
2023-07-07 04:30:00,0.247,0.249,0.245,0.246,118174.8
2023-07-07 05:00:00,0.246,0.249,0.244,0.248,258831.4
2023-07-07 05:30:00,0.248,0.249,0.247,0.248,66445.1
2023-07-07 06:00:00,0.247,0.248,0.246,0.246,49429.8
2023-07-07 06:30:00,0.246,0.248,0.246,0.247,231811.3
2023-07-07 07:00:00,0.247,0.247,0.245,0.245,108685.5
2023-07-07 07:30:00,0.245,0.246,0.243,0.245,326284.4
2023-07-07 08:00:00,0.244,0.247,0.243,0.245,119583.7
2023-07-07 08:30:00,0.245,0.246,0.244,0.245,193691.3
2023-07-07 09:00:00,0.244,0.247,0.244,0.246,174024.2
2023-07-07 09:30:00,0.246,0.248,0.245,0.247,113838.2
2023-07-07 10:00:00,0.247,0.247,0.244,0.245,76661.7
2023-07-07 10:30:00,0.245,0.247,0.245,0.247,22216.6
2023-07-07 11:00:00,0.247,0.247,0.245,0.246,121437.4
2023-07-07 11:30:00,0.246,0.247,0.245,0.245,16337.5
2023-07-07 12:00:00,0.245,0.247,0.241,0.243,215670.8
2023-07-07 12:30:00,0.243,0.247,0.242,0.246,296146.8
2023-07-07 13:00:00,0.246,0.248,0.243,0.248,179217.5
2023-07-07 13:30:00,0.247,0.249,0.246,0.248,134576.0
2023-07-07 14:00:00,0.249,0.249,0.246,0.247,132649.4
2023-07-07 14:30:00,0.247,0.248,0.246,0.248,86340.4
2023-07-07 15:00:00,0.247,0.248,0.246,0.247,125099.8
2023-07-07 15:30:00,0.247,0.248,0.247,0.248,22647.2
2023-07-07 16:00:00,0.248,0.248,0.247,0.247,34992.1
2023-07-07 16:30:00,0.247,0.248,0.247,0.248,46640.8
2023-07-07 17:00:00,0.247,0.248,0.247,0.248,36825.9
2023-07-07 17:30:00,0.247,0.248,0.246,0.247,69711.5
2023-07-07 18:00:00,0.246,0.247,0.246,0.247,74809.9
2023-07-07 18:30:00,0.247,0.247,0.244,0.245,164614.8
2023-07-07 19:00:00,0.245,0.246,0.244,0.245,28329.6
2023-07-07 19:30:00,0.245,0.247,0.245,0.246,51676.9
2023-07-07 20:00:00,0.246,0.247,0.245,0.247,28961.7
2023-07-07 20:30:00,0.247,0.247,0.246,0.247,43201.4
2023-07-07 21:00:00,0.247,0.249,0.247,0.248,27560.3
2023-07-07 21:30:00,0.248,0.248,0.247,0.247,38319.9
2023-07-07 22:00:00,0.248,0.249,0.247,0.248,111208.2
2023-07-07 22:30:00,0.248,0.249,0.247,0.249,83316.8
2023-07-07 23:00:00,0.249,0.249,0.248,0.249,85140.6
2023-07-07 23:30:00,0.249,0.25,0.248,0.249,31044.3
2023-07-08 00:00:00,0.249,0.249,0.247,0.249,55044.8
2023-07-08 00:30:00,0.249,0.25,0.248,0.25,36531.9
2023-07-08 01:00:00,0.25,0.252,0.249,0.252,32496.1
2023-07-08 01:30:00,0.251,0.252,0.25,0.251,48850.1
2023-07-08 02:00:00,0.251,0.252,0.25,0.251,31053.2
2023-07-08 02:30:00,0.251,0.252,0.251,0.251,25861.9
2023-07-08 03:00:00,0.251,0.251,0.249,0.249,85623.0
2023-07-08 03:30:00,0.249,0.25,0.248,0.249,68897.9
2023-07-08 04:00:00,0.249,0.249,0.247,0.249,88062.3
2023-07-08 04:30:00,0.249,0.25,0.248,0.25,34560.2
2023-07-08 05:00:00,0.249,0.249,0.248,0.248,33302.1
2023-07-08 05:30:00,0.249,0.25,0.248,0.249,57286.2
2023-07-08 06:00:00,0.248,0.25,0.247,0.249,62358.6
2023-07-08 06:30:00,0.248,0.249,0.247,0.249,59425.9
2023-07-08 07:00:00,0.248,0.25,0.248,0.25,53559.9
2023-07-08 07:30:00,0.249,0.25,0.249,0.25,12359.9
2023-07-08 08:00:00,0.249,0.251,0.249,0.251,75876.2
2023-07-08 08:30:00,0.25,0.253,0.25,0.252,76497.5
2023-07-08 09:00:00,0.253,0.253,0.251,0.251,37468.6
2023-07-08 09:30:00,0.252,0.252,0.251,0.252,140790.3
2023-07-08 10:00:00,0.251,0.252,0.251,0.251,24150.7
2023-07-08 10:30:00,0.252,0.252,0.25,0.25,29095.7
2023-07-08 11:00:00,0.251,0.251,0.249,0.25,30619.6
2023-07-08 11:30:00,0.25,0.251,0.248,0.25,68745.6
2023-07-08 12:00:00,0.25,0.251,0.249,0.25,68987.7
2023-07-08 12:30:00,0.25,0.251,0.249,0.249,84107.4
2023-07-08 13:00:00,0.249,0.251,0.249,0.25,24515.4
2023-07-08 13:30:00,0.251,0.251,0.25,0.25,64970.2
2023-07-08 14:00:00,0.25,0.251,0.249,0.25,57671.7
2023-07-08 14:30:00,0.251,0.251,0.249,0.249,41810.6
2023-07-08 15:00:00,0.249,0.25,0.248,0.249,71848.3
2023-07-08 15:30:00,0.249,0.25,0.248,0.25,65025.8
2023-07-08 16:00:00,0.25,0.251,0.249,0.25,23632.7
2023-07-08 16:30:00,0.251,0.251,0.25,0.25,8922.1
2023-07-08 17:00:00,0.251,0.251,0.249,0.249,16209.8
2023-07-08 17:30:00,0.249,0.25,0.249,0.249,4095.1
2023-07-08 18:00:00,0.25,0.25,0.249,0.249,4423.4
2023-07-08 18:30:00,0.25,0.251,0.249,0.249,18445.8
2023-07-08 19:00:00,0.25,0.25,0.247,0.248,79627.9
2023-07-08 19:30:00,0.248,0.249,0.246,0.247,95670.2
2023-07-08 20:00:00,0.247,0.247,0.245,0.246,77393.6
2023-07-08 20:30:00,0.246,0.247,0.246,0.247,15595.9
2023-07-08 21:00:00,0.247,0.248,0.246,0.247,55843.1
2023-07-08 21:30:00,0.247,0.247,0.246,0.247,83201.5
2023-07-08 22:00:00,0.247,0.248,0.247,0.247,8121.3
2023-07-08 22:30:00,0.247,0.249,0.247,0.249,12880.0
2023-07-08 23:00:00,0.249,0.25,0.248,0.249,22363.7
2023-07-08 23:30:00,0.25,0.25,0.248,0.25,13471.1
2023-07-09 00:00:00,0.249,0.25,0.248,0.249,74571.9
2023-07-09 00:30:00,0.249,0.251,0.249,0.251,39587.9
2023-07-09 01:00:00,0.251,0.252,0.251,0.251,26192.5
2023-07-09 01:30:00,0.25,0.251,0.25,0.25,15843.5
2023-07-09 02:00:00,0.25,0.25,0.248,0.249,62438.4
2023-07-09 02:30:00,0.248,0.249,0.247,0.249,20707.9
2023-07-09 03:00:00,0.248,0.249,0.248,0.249,29452.0
2023-07-09 03:30:00,0.249,0.25,0.249,0.25,51276.8
2023-07-09 04:00:00,0.249,0.25,0.248,0.249,30786.1
2023-07-09 04:30:00,0.249,0.25,0.248,0.249,44181.0
2023-07-09 05:00:00,0.249,0.25,0.248,0.249,58298.7
2023-07-09 05:30:00,0.249,0.249,0.248,0.248,53128.0
2023-07-09 06:00:00,0.249,0.249,0.247,0.248,34348.8
2023-07-09 06:30:00,0.248,0.249,0.248,0.248,34830.0
2023-07-09 07:00:00,0.248,0.249,0.248,0.249,20425.7
2023-07-09 07:30:00,0.248,0.248,0.247,0.248,56450.8
2023-07-09 08:00:00,0.247,0.249,0.247,0.249,37902.3
2023-07-09 08:30:00,0.248,0.249,0.248,0.249,4359.1
2023-07-09 09:00:00,0.249,0.249,0.247,0.248,52454.4
2023-07-09 09:30:00,0.247,0.248,0.247,0.247,19925.7
2023-07-09 10:00:00,0.248,0.249,0.247,0.248,25970.0
2023-07-09 10:30:00,0.248,0.249,0.247,0.247,33302.0
2023-07-09 11:00:00,0.247,0.248,0.247,0.247,5313.8
2023-07-09 11:30:00,0.247,0.248,0.247,0.248,5413.5
2023-07-09 12:00:00,0.247,0.248,0.246,0.247,65432.6
2023-07-09 12:30:00,0.247,0.248,0.247,0.247,4951.4
2023-07-09 13:00:00,0.248,0.249,0.247,0.248,28512.8
2023-07-09 13:30:00,0.248,0.248,0.247,0.247,27394.5
2023-07-09 14:00:00,0.246,0.247,0.244,0.246,199996.3
2023-07-09 14:30:00,0.246,0.248,0.246,0.247,127815.5
2023-07-09 15:00:00,0.246,0.248,0.246,0.247,89810.0
2023-07-09 15:30:00,0.247,0.247,0.245,0.246,49857.4
2023-07-09 16:00:00,0.247,0.247,0.245,0.246,50841.4
2023-07-09 16:30:00,0.246,0.247,0.245,0.246,60723.0
2023-07-09 17:00:00,0.247,0.247,0.246,0.247,6639.4
2023-07-09 17:30:00,0.247,0.248,0.246,0.248,48950.3
2023-07-09 18:00:00,0.247,0.248,0.247,0.248,10432.6
2023-07-09 18:30:00,0.247,0.248,0.247,0.247,2049.7
2023-07-09 19:00:00,0.247,0.247,0.246,0.247,17293.7
2023-07-09 19:30:00,0.247,0.247,0.246,0.246,8502.0
2023-07-09 20:00:00,0.246,0.247,0.246,0.246,16352.8
2023-07-09 20:30:00,0.245,0.247,0.245,0.247,45721.6
2023-07-09 21:00:00,0.247,0.247,0.246,0.246,34422.2
2023-07-09 21:30:00,0.246,0.246,0.245,0.245,46061.8
2023-07-09 22:00:00,0.245,0.246,0.244,0.246,29237.2
2023-07-09 22:30:00,0.246,0.247,0.246,0.246,21417.6
2023-07-09 23:00:00,0.246,0.246,0.245,0.245,26413.5
2023-07-09 23:30:00,0.245,0.245,0.243,0.244,61300.3
2023-07-10 00:00:00,0.244,0.244,0.234,0.236,629177.6
2023-07-10 00:30:00,0.237,0.238,0.236,0.237,53936.6
2023-07-10 01:00:00,0.237,0.238,0.235,0.237,162257.1
2023-07-10 01:30:00,0.236,0.237,0.233,0.234,294478.6
2023-07-10 02:00:00,0.233,0.236,0.233,0.235,97755.8
2023-07-10 02:30:00,0.236,0.237,0.235,0.236,99184.7
2023-07-10 03:00:00,0.237,0.237,0.236,0.237,61442.0
2023-07-10 03:30:00,0.237,0.237,0.236,0.237,11601.1
2023-07-10 04:00:00,0.236,0.237,0.235,0.237,41313.9
2023-07-10 04:30:00,0.237,0.239,0.237,0.238,97488.2
2023-07-10 05:00:00,0.238,0.238,0.236,0.237,79475.0
2023-07-10 05:30:00,0.237,0.238,0.235,0.236,67269.3
2023-07-10 06:00:00,0.235,0.236,0.234,0.236,154188.4
2023-07-10 06:30:00,0.235,0.235,0.232,0.234,857082.8
2023-07-10 07:00:00,0.233,0.235,0.233,0.233,193544.8
2023-07-10 07:30:00,0.233,0.235,0.232,0.233,126532.9
2023-07-10 08:00:00,0.234,0.234,0.229,0.232,382277.1
2023-07-10 08:30:00,0.232,0.233,0.23,0.232,225878.1
2023-07-10 09:00:00,0.231,0.234,0.23,0.234,470049.5
2023-07-10 09:30:00,0.233,0.235,0.232,0.235,593898.5
2023-07-10 10:00:00,0.235,0.235,0.234,0.234,96781.0
2023-07-10 10:30:00,0.234,0.236,0.234,0.234,295639.2
2023-07-10 11:00:00,0.234,0.235,0.233,0.235,302194.7
2023-07-10 11:30:00,0.234,0.236,0.233,0.235,284057.4
2023-07-10 12:00:00,0.236,0.237,0.235,0.236,12536.4
2023-07-10 12:30:00,0.236,0.237,0.235,0.235,64886.3
2023-07-10 13:00:00,0.235,0.237,0.235,0.236,68000.5
2023-07-10 13:30:00,0.237,0.239,0.237,0.238,206450.9
2023-07-10 14:00:00,0.238,0.24,0.237,0.24,182657.7
2023-07-10 14:30:00,0.24,0.242,0.238,0.241,186338.7
2023-07-10 15:00:00,0.242,0.242,0.239,0.24,93807.7
2023-07-10 15:30:00,0.24,0.243,0.24,0.242,102676.0
2023-07-10 16:00:00,0.242,0.242,0.24,0.24,138710.4
2023-07-10 16:30:00,0.241,0.242,0.24,0.242,59635.7
2023-07-10 17:00:00,0.242,0.243,0.241,0.242,45887.7
2023-07-10 17:30:00,0.242,0.242,0.239,0.241,37403.7
2023-07-10 18:00:00,0.241,0.242,0.24,0.242,91845.9
2023-07-10 18:30:00,0.242,0.244,0.242,0.243,43065.3
2023-07-10 19:00:00,0.244,0.244,0.24,0.243,210533.0
2023-07-10 19:30:00,0.243,0.245,0.242,0.244,81998.6
2023-07-10 20:00:00,0.244,0.246,0.244,0.245,242776.7
2023-07-10 20:30:00,0.245,0.246,0.243,0.244,213514.7
2023-07-10 21:00:00,0.244,0.245,0.243,0.244,93676.2
2023-07-10 21:30:00,0.244,0.245,0.241,0.242,101351.7
2023-07-10 22:00:00,0.241,0.242,0.24,0.242,251361.2
2023-07-10 22:30:00,0.242,0.243,0.24,0.242,30935.4
2023-07-10 23:00:00,0.241,0.242,0.241,0.241,5102.9
2023-07-10 23:30:00,0.241,0.242,0.241,0.241,22774.2
2023-07-11 00:00:00,0.242,0.243,0.241,0.241,54649.8
2023-07-11 00:30:00,0.241,0.242,0.239,0.24,100068.2
2023-07-11 01:00:00,0.241,0.243,0.241,0.243,31449.8
2023-07-11 01:30:00,0.242,0.244,0.241,0.243,41631.5
2023-07-11 02:00:00,0.243,0.246,0.243,0.246,102100.5
2023-07-11 02:30:00,0.245,0.246,0.244,0.245,43224.4
2023-07-11 03:00:00,0.245,0.246,0.244,0.244,66840.0
2023-07-11 03:30:00,0.244,0.246,0.244,0.244,53532.3
2023-07-11 04:00:00,0.244,0.246,0.243,0.243,46730.4
2023-07-11 04:30:00,0.244,0.245,0.243,0.243,67053.1
2023-07-11 05:00:00,0.244,0.245,0.243,0.244,31038.2
2023-07-11 05:30:00,0.244,0.245,0.243,0.243,83872.5
2023-07-11 06:00:00,0.244,0.245,0.243,0.244,22668.3
2023-07-11 06:30:00,0.245,0.246,0.242,0.244,694281.6
2023-07-11 07:00:00,0.244,0.245,0.243,0.244,86425.5
2023-07-11 07:30:00,0.244,0.246,0.243,0.245,60883.4
2023-07-11 08:00:00,0.245,0.245,0.243,0.244,81780.1
2023-07-11 08:30:00,0.244,0.245,0.243,0.243,36164.7
2023-07-11 09:00:00,0.243,0.243,0.241,0.243,115526.3
2023-07-11 09:30:00,0.242,0.243,0.241,0.242,82263.4
2023-07-11 10:00:00,0.241,0.242,0.24,0.241,75409.7
2023-07-11 10:30:00,0.24,0.242,0.24,0.242,68042.9
2023-07-11 11:00:00,0.242,0.242,0.241,0.242,27384.6
2023-07-11 11:30:00,0.242,0.243,0.242,0.243,15866.8
2023-07-11 12:00:00,0.243,0.243,0.241,0.243,118124.4
2023-07-11 12:30:00,0.242,0.244,0.242,0.243,75325.8
2023-07-11 13:00:00,0.242,0.243,0.242,0.242,10849.2
2023-07-11 13:30:00,0.242,0.244,0.241,0.243,74051.4
2023-07-11 14:00:00,0.242,0.243,0.24,0.242,94765.5
2023-07-11 14:30:00,0.242,0.243,0.241,0.243,75852.0
2023-07-11 15:00:00,0.243,0.245,0.242,0.244,146010.6
2023-07-11 15:30:00,0.243,0.244,0.241,0.242,61074.4
2023-07-11 16:00:00,0.242,0.242,0.24,0.241,370567.2
2023-07-11 16:30:00,0.241,0.243,0.241,0.242,102701.1
2023-07-11 17:00:00,0.242,0.243,0.241,0.242,61017.8
2023-07-11 17:30:00,0.241,0.242,0.24,0.241,45575.8
2023-07-11 18:00:00,0.24,0.242,0.24,0.241,55941.6
2023-07-11 18:30:00,0.24,0.241,0.24,0.241,35795.9
2023-07-11 19:00:00,0.241,0.241,0.24,0.241,7073.2
2023-07-11 19:30:00,0.241,0.242,0.24,0.241,90456.7
2023-07-11 20:00:00,0.241,0.242,0.241,0.241,78008.5
2023-07-11 20:30:00,0.242,0.243,0.241,0.242,25842.1
2023-07-11 21:00:00,0.242,0.243,0.241,0.241,28717.5
2023-07-11 21:30:00,0.242,0.242,0.241,0.242,21982.2
2023-07-11 22:00:00,0.243,0.243,0.242,0.243,24020.8
2023-07-11 22:30:00,0.242,0.243,0.242,0.242,15541.6
2023-07-11 23:00:00,0.243,0.244,0.243,0.243,51066.3
2023-07-11 23:30:00,0.243,0.244,0.243,0.243,2731.9
2023-07-12 00:00:00,0.244,0.244,0.242,0.243,36244.8
2023-07-12 00:30:00,0.243,0.245,0.243,0.243,58208.8
2023-07-12 01:00:00,0.244,0.245,0.243,0.245,37834.9
2023-07-12 01:30:00,0.244,0.245,0.244,0.245,37431.0
2023-07-12 02:00:00,0.245,0.246,0.244,0.245,29331.5
2023-07-12 02:30:00,0.245,0.245,0.244,0.245,6498.5
2023-07-12 03:00:00,0.245,0.245,0.244,0.244,7688.6
2023-07-12 03:30:00,0.245,0.245,0.243,0.245,17703.1
2023-07-12 04:00:00,0.244,0.246,0.244,0.245,54057.9
2023-07-12 04:30:00,0.244,0.246,0.244,0.245,20959.5
2023-07-12 05:00:00,0.245,0.247,0.245,0.246,68583.2
2023-07-12 05:30:00,0.246,0.247,0.245,0.246,60470.6
2023-07-12 06:00:00,0.246,0.247,0.245,0.246,37698.8
2023-07-12 06:30:00,0.247,0.248,0.246,0.247,41137.6
2023-07-12 07:00:00,0.247,0.247,0.246,0.246,36838.5
2023-07-12 07:30:00,0.247,0.248,0.246,0.247,47316.5
2023-07-12 08:00:00,0.246,0.247,0.246,0.247,19537.7
2023-07-12 08:30:00,0.247,0.247,0.245,0.247,29284.2
2023-07-12 09:00:00,0.246,0.247,0.246,0.246,29072.8
2023-07-12 09:30:00,0.246,0.247,0.245,0.246,26641.8
2023-07-12 10:00:00,0.246,0.247,0.246,0.246,23815.5
2023-07-12 10:30:00,0.247,0.247,0.246,0.246,2476.7
2023-07-12 11:00:00,0.246,0.247,0.246,0.247,9158.7
2023-07-12 11:30:00,0.247,0.247,0.245,0.246,52558.1
2023-07-12 12:00:00,0.245,0.246,0.244,0.246,129620.1
2023-07-12 12:30:00,0.246,0.248,0.245,0.246,267329.4
2023-07-12 13:00:00,0.246,0.248,0.246,0.247,68219.5
2023-07-12 13:30:00,0.247,0.247,0.245,0.246,87562.7
2023-07-12 14:00:00,0.246,0.248,0.246,0.247,45845.5
2023-07-12 14:30:00,0.248,0.248,0.247,0.247,22657.6
2023-07-12 15:00:00,0.247,0.248,0.246,0.246,42417.7
2023-07-12 15:30:00,0.246,0.246,0.244,0.245,47014.3
2023-07-12 16:00:00,0.245,0.245,0.242,0.244,92519.4
2023-07-12 16:30:00,0.244,0.245,0.243,0.245,16552.3
2023-07-12 17:00:00,0.245,0.246,0.244,0.245,24199.6
2023-07-12 17:30:00,0.245,0.247,0.244,0.245,243124.6
2023-07-12 18:00:00,0.245,0.246,0.244,0.245,19471.8
2023-07-12 18:30:00,0.245,0.246,0.245,0.246,1825.6
2023-07-12 19:00:00,0.245,0.246,0.243,0.243,94958.0
2023-07-12 19:30:00,0.243,0.243,0.241,0.241,92650.2
2023-07-12 20:00:00,0.241,0.243,0.24,0.242,45412.0
2023-07-12 20:30:00,0.242,0.244,0.242,0.243,41714.1
2023-07-12 21:00:00,0.243,0.243,0.242,0.242,16692.2
2023-07-12 21:30:00,0.243,0.244,0.242,0.244,8410.2
2023-07-12 22:00:00,0.243,0.244,0.243,0.243,8034.0
2023-07-12 22:30:00,0.244,0.245,0.244,0.245,45157.1
2023-07-12 23:00:00,0.245,0.246,0.244,0.245,24556.5
2023-07-12 23:30:00,0.246,0.247,0.246,0.246,39330.0
2023-07-13 00:00:00,0.246,0.246,0.245,0.245,48718.8
2023-07-13 00:30:00,0.244,0.244,0.243,0.244,40654.8
2023-07-13 01:00:00,0.243,0.245,0.242,0.243,73683.2
2023-07-13 01:30:00,0.242,0.244,0.242,0.243,44693.0
2023-07-13 02:00:00,0.243,0.244,0.243,0.244,1088.1
2023-07-13 02:30:00,0.244,0.244,0.242,0.243,7257.9
2023-07-13 03:00:00,0.243,0.243,0.241,0.242,30518.4
2023-07-13 03:30:00,0.242,0.243,0.241,0.242,14104.2
2023-07-13 04:00:00,0.243,0.243,0.241,0.241,34332.7
2023-07-13 04:30:00,0.242,0.245,0.242,0.243,52407.6
2023-07-13 05:00:00,0.243,0.245,0.243,0.244,56228.8
2023-07-13 05:30:00,0.244,0.246,0.244,0.245,102407.6
2023-07-13 06:00:00,0.246,0.247,0.245,0.246,15757.3
2023-07-13 06:30:00,0.247,0.248,0.246,0.247,73537.5
2023-07-13 07:00:00,0.247,0.248,0.247,0.248,15151.6
2023-07-13 07:30:00,0.248,0.248,0.246,0.246,29201.2
2023-07-13 08:00:00,0.246,0.249,0.246,0.248,120705.4
2023-07-13 08:30:00,0.249,0.25,0.248,0.248,150043.9
2023-07-13 09:00:00,0.249,0.25,0.248,0.249,81905.2
2023-07-13 09:30:00,0.25,0.253,0.25,0.252,187477.4
2023-07-13 10:00:00,0.252,0.254,0.251,0.252,134525.1
2023-07-13 10:30:00,0.253,0.255,0.252,0.253,165729.6
2023-07-13 11:00:00,0.254,0.259,0.254,0.258,571243.9
2023-07-13 11:30:00,0.258,0.261,0.256,0.26,492216.0
2023-07-13 12:00:00,0.26,0.263,0.258,0.259,1016588.5
2023-07-13 12:30:00,0.259,0.268,0.257,0.265,1633505.6
2023-07-13 13:00:00,0.265,0.267,0.263,0.264,1111979.4
2023-07-13 13:30:00,0.264,0.269,0.264,0.268,885796.0
2023-07-13 14:00:00,0.269,0.27,0.265,0.268,902512.8
2023-07-13 14:30:00,0.268,0.274,0.268,0.271,1575244.0
2023-07-13 15:00:00,0.271,0.279,0.267,0.275,2030224.1
2023-07-13 15:30:00,0.276,0.282,0.273,0.277,2489224.9
2023-07-13 16:00:00,0.277,0.297,0.275,0.281,2726302.1
2023-07-13 16:30:00,0.281,0.283,0.277,0.278,1997384.4
2023-07-13 17:00:00,0.278,0.282,0.277,0.279,732186.8
2023-07-13 17:30:00,0.28,0.283,0.279,0.282,783357.7
2023-07-13 18:00:00,0.282,0.284,0.277,0.28,965768.3
2023-07-13 18:30:00,0.279,0.281,0.275,0.278,693365.0
2023-07-13 19:00:00,0.279,0.28,0.276,0.279,608296.8
2023-07-13 19:30:00,0.279,0.281,0.278,0.281,426216.0
2023-07-13 20:00:00,0.281,0.283,0.279,0.281,539727.5
2023-07-13 20:30:00,0.281,0.282,0.278,0.28,314432.1
2023-07-13 21:00:00,0.28,0.281,0.277,0.278,472846.3
2023-07-13 21:30:00,0.278,0.279,0.277,0.278,220545.9
2023-07-13 22:00:00,0.279,0.281,0.279,0.28,80476.0
2023-07-13 22:30:00,0.28,0.284,0.279,0.281,253430.4
2023-07-13 23:00:00,0.281,0.282,0.279,0.279,90866.1
2023-07-13 23:30:00,0.279,0.282,0.279,0.282,111143.7
2023-07-14 00:00:00,0.282,0.283,0.28,0.282,296437.7
2023-07-14 00:30:00,0.282,0.284,0.281,0.283,257475.1
2023-07-14 01:00:00,0.283,0.283,0.276,0.279,464118.6
2023-07-14 01:30:00,0.279,0.28,0.277,0.279,145402.7
2023-07-14 02:00:00,0.279,0.28,0.276,0.277,151755.1
2023-07-14 02:30:00,0.277,0.278,0.276,0.277,102699.9
2023-07-14 03:00:00,0.277,0.278,0.275,0.276,210275.2
2023-07-14 03:30:00,0.276,0.277,0.274,0.276,259929.7
2023-07-14 04:00:00,0.276,0.278,0.276,0.278,258396.1
2023-07-14 04:30:00,0.278,0.278,0.276,0.276,69603.1
2023-07-14 05:00:00,0.276,0.276,0.275,0.276,119700.5
2023-07-14 05:30:00,0.276,0.278,0.276,0.278,80581.2
2023-07-14 06:00:00,0.278,0.28,0.278,0.279,294447.6
2023-07-14 06:30:00,0.278,0.279,0.277,0.279,248261.9
2023-07-14 07:00:00,0.279,0.28,0.277,0.278,228345.6
2023-07-14 07:30:00,0.278,0.278,0.275,0.275,186415.0
2023-07-14 08:00:00,0.276,0.279,0.276,0.278,176527.4
2023-07-14 08:30:00,0.279,0.279,0.276,0.276,147968.6
2023-07-14 09:00:00,0.277,0.278,0.271,0.274,1005553.6
2023-07-14 09:30:00,0.273,0.274,0.27,0.273,770736.6
2023-07-14 10:00:00,0.272,0.273,0.271,0.272,274382.2
2023-07-14 10:30:00,0.271,0.272,0.27,0.272,86616.1
2023-07-14 11:00:00,0.272,0.274,0.272,0.274,101798.8
2023-07-14 11:30:00,0.273,0.274,0.272,0.273,73871.4
2023-07-14 12:00:00,0.272,0.275,0.272,0.273,121712.9
2023-07-14 12:30:00,0.273,0.274,0.272,0.273,140144.3
2023-07-14 13:00:00,0.273,0.275,0.273,0.275,59619.4
2023-07-14 13:30:00,0.274,0.279,0.273,0.279,223484.8
2023-07-14 14:00:00,0.278,0.28,0.277,0.279,190124.2
2023-07-14 14:30:00,0.279,0.28,0.277,0.279,138808.0
2023-07-14 15:00:00,0.278,0.279,0.276,0.278,111405.1
2023-07-14 15:30:00,0.279,0.279,0.276,0.277,71661.4
2023-07-14 16:00:00,0.278,0.282,0.277,0.278,590568.2
2023-07-14 16:30:00,0.278,0.282,0.274,0.281,446686.4
2023-07-14 17:00:00,0.28,0.281,0.275,0.279,367845.2
2023-07-14 17:30:00,0.278,0.28,0.275,0.275,210239.5
2023-07-14 18:00:00,0.275,0.278,0.268,0.269,480335.2
2023-07-14 18:30:00,0.269,0.269,0.264,0.266,490987.5
2023-07-14 19:00:00,0.265,0.267,0.263,0.263,706323.1
2023-07-14 19:30:00,0.264,0.264,0.261,0.263,128913.4
2023-07-14 20:00:00,0.263,0.265,0.262,0.264,185713.3
2023-07-14 20:30:00,0.263,0.266,0.263,0.265,83618.5
2023-07-14 21:00:00,0.265,0.267,0.265,0.267,29670.7
2023-07-14 21:30:00,0.267,0.268,0.266,0.268,48482.2
2023-07-14 22:00:00,0.268,0.268,0.264,0.265,334284.2
2023-07-14 22:30:00,0.266,0.266,0.265,0.266,49734.4
2023-07-14 23:00:00,0.266,0.268,0.265,0.268,73029.8
2023-07-14 23:30:00,0.268,0.269,0.267,0.268,133887.0
2023-07-15 00:00:00,0.269,0.269,0.266,0.268,95748.8
2023-07-15 00:30:00,0.268,0.268,0.266,0.267,43153.4
2023-07-15 01:00:00,0.268,0.268,0.267,0.267,52044.8
2023-07-15 01:30:00,0.268,0.269,0.267,0.267,75022.4
2023-07-15 02:00:00,0.267,0.267,0.265,0.266,124312.6
2023-07-15 02:30:00,0.267,0.268,0.266,0.267,72603.9
2023-07-15 03:00:00,0.266,0.266,0.263,0.264,144222.9
2023-07-15 03:30:00,0.264,0.265,0.263,0.263,15122.9
2023-07-15 04:00:00,0.263,0.265,0.262,0.265,59127.4
2023-07-15 04:30:00,0.265,0.265,0.263,0.265,52344.2
2023-07-15 05:00:00,0.264,0.265,0.263,0.263,49209.0
2023-07-15 05:30:00,0.264,0.265,0.263,0.265,44144.2
2023-07-15 06:00:00,0.264,0.266,0.263,0.266,48297.4
2023-07-15 06:30:00,0.266,0.267,0.265,0.267,47692.3
2023-07-15 07:00:00,0.266,0.268,0.266,0.268,130289.2
2023-07-15 07:30:00,0.268,0.271,0.268,0.27,162913.1
2023-07-15 08:00:00,0.27,0.27,0.268,0.269,49747.7
2023-07-15 08:30:00,0.27,0.271,0.269,0.27,38732.9
2023-07-15 09:00:00,0.27,0.273,0.27,0.273,185842.3
2023-07-15 09:30:00,0.273,0.274,0.272,0.273,66339.5
2023-07-15 10:00:00,0.274,0.274,0.271,0.272,41144.8
2023-07-15 10:30:00,0.271,0.272,0.27,0.271,39856.9
2023-07-15 11:00:00,0.27,0.271,0.268,0.269,194247.8
2023-07-15 11:30:00,0.269,0.27,0.268,0.269,83233.4
2023-07-15 12:00:00,0.269,0.269,0.267,0.268,89630.4
2023-07-15 12:30:00,0.268,0.269,0.267,0.268,90283.7
2023-07-15 13:00:00,0.267,0.268,0.266,0.267,102117.4
2023-07-15 13:30:00,0.266,0.269,0.266,0.269,86430.7
2023-07-15 14:00:00,0.268,0.268,0.266,0.268,77399.2
2023-07-15 14:30:00,0.268,0.268,0.266,0.267,9528.5
2023-07-15 15:00:00,0.267,0.269,0.267,0.267,120354.2
2023-07-15 15:30:00,0.268,0.268,0.267,0.267,17914.6
2023-07-15 16:00:00,0.267,0.267,0.265,0.265,98140.8
2023-07-15 16:30:00,0.266,0.266,0.264,0.265,102721.7
2023-07-15 17:00:00,0.265,0.266,0.265,0.265,32631.3
2023-07-15 17:30:00,0.266,0.266,0.264,0.264,8944.4
2023-07-15 18:00:00,0.264,0.266,0.264,0.265,18693.8
2023-07-15 18:30:00,0.266,0.267,0.266,0.266,27844.4
2023-07-15 19:00:00,0.266,0.267,0.265,0.266,123771.9
2023-07-15 19:30:00,0.266,0.266,0.264,0.265,100283.6
2023-07-15 20:00:00,0.265,0.265,0.264,0.265,39498.9
2023-07-15 20:30:00,0.265,0.265,0.264,0.265,7360.1
2023-07-15 21:00:00,0.265,0.265,0.263,0.263,49123.3
2023-07-15 21:30:00,0.263,0.264,0.263,0.264,43312.8
2023-07-15 22:00:00,0.263,0.265,0.263,0.265,37717.8
2023-07-15 22:30:00,0.264,0.265,0.263,0.265,130236.4
2023-07-15 23:00:00,0.265,0.266,0.265,0.266,22095.9
2023-07-15 23:30:00,0.265,0.266,0.265,0.266,4022.7
2023-07-16 00:00:00,0.266,0.266,0.265,0.265,70676.0
2023-07-16 00:30:00,0.266,0.267,0.265,0.266,40157.2
2023-07-16 01:00:00,0.266,0.267,0.266,0.267,34367.9
2023-07-16 01:30:00,0.266,0.267,0.265,0.265,4347.9
2023-07-16 02:00:00,0.265,0.265,0.259,0.261,392938.3
2023-07-16 02:30:00,0.26,0.263,0.26,0.262,133595.5
2023-07-16 03:00:00,0.262,0.262,0.259,0.26,424507.7
2023-07-16 03:30:00,0.26,0.261,0.259,0.26,106791.6
2023-07-16 04:00:00,0.259,0.26,0.259,0.259,108098.6
2023-07-16 04:30:00,0.259,0.259,0.257,0.258,87531.0
2023-07-16 05:00:00,0.259,0.26,0.259,0.26,36468.4
2023-07-16 05:30:00,0.26,0.26,0.259,0.26,19505.9
2023-07-16 06:00:00,0.26,0.26,0.258,0.259,6273.6
2023-07-16 06:30:00,0.259,0.26,0.259,0.26,33307.6
2023-07-16 07:00:00,0.259,0.261,0.259,0.261,58204.0
2023-07-16 07:30:00,0.261,0.261,0.26,0.26,49931.9
2023-07-16 08:00:00,0.26,0.261,0.26,0.261,90356.5
2023-07-16 08:30:00,0.26,0.261,0.26,0.26,116203.0
2023-07-16 09:00:00,0.261,0.262,0.261,0.262,36864.4
2023-07-16 09:30:00,0.261,0.261,0.26,0.261,15161.6
2023-07-16 10:00:00,0.26,0.262,0.26,0.261,85304.1
2023-07-16 10:30:00,0.261,0.261,0.258,0.26,124733.8
2023-07-16 11:00:00,0.261,0.262,0.26,0.26,69757.9
2023-07-16 11:30:00,0.261,0.261,0.26,0.26,40974.6
2023-07-16 12:00:00,0.26,0.262,0.259,0.26,33809.9
2023-07-16 12:30:00,0.26,0.261,0.259,0.259,40355.6
2023-07-16 13:00:00,0.259,0.26,0.258,0.259,70609.9
2023-07-16 13:30:00,0.259,0.26,0.258,0.26,47931.6
2023-07-16 14:00:00,0.26,0.261,0.259,0.261,77047.1
2023-07-16 14:30:00,0.26,0.262,0.26,0.261,82609.0
2023-07-16 15:00:00,0.261,0.261,0.26,0.261,51615.1
2023-07-16 15:30:00,0.261,0.261,0.259,0.26,20942.8
2023-07-16 16:00:00,0.259,0.26,0.258,0.26,96443.6
2023-07-16 16:30:00,0.26,0.26,0.258,0.259,33749.5
2023-07-16 17:00:00,0.259,0.26,0.259,0.26,21747.6
2023-07-16 17:30:00,0.26,0.26,0.258,0.259,19871.9
2023-07-16 18:00:00,0.26,0.26,0.257,0.258,32081.2
2023-07-16 18:30:00,0.257,0.257,0.255,0.256,116007.1
2023-07-16 19:00:00,0.256,0.257,0.255,0.257,43459.9
2023-07-16 19:30:00,0.256,0.257,0.254,0.254,181020.3
2023-07-16 20:00:00,0.254,0.255,0.253,0.255,80733.3
2023-07-16 20:30:00,0.255,0.255,0.254,0.255,7833.3
2023-07-16 21:00:00,0.255,0.257,0.254,0.257,24692.1
2023-07-16 21:30:00,0.257,0.257,0.256,0.257,17169.2
2023-07-16 22:00:00,0.257,0.258,0.256,0.257,45159.1
2023-07-16 22:30:00,0.257,0.257,0.256,0.257,17837.4
2023-07-16 23:00:00,0.257,0.257,0.256,0.256,26672.2
2023-07-16 23:30:00,0.255,0.255,0.253,0.255,119451.7
2023-07-17 00:00:00,0.254,0.257,0.253,0.256,108308.6
2023-07-17 00:30:00,0.255,0.256,0.254,0.254,88657.3
2023-07-17 01:00:00,0.254,0.256,0.254,0.256,44302.6
2023-07-17 01:30:00,0.256,0.257,0.256,0.256,71084.6
2023-07-17 02:00:00,0.256,0.258,0.256,0.258,35808.1
2023-07-17 02:30:00,0.258,0.258,0.258,0.258,13157.5
2023-07-17 03:00:00,0.258,0.259,0.258,0.259,18172.2
2023-07-17 03:30:00,0.259,0.26,0.258,0.259,40449.6
2023-07-17 04:00:00,0.259,0.26,0.259,0.26,5458.6
2023-07-17 04:30:00,0.26,0.261,0.259,0.261,39172.4
2023-07-17 05:00:00,0.261,0.262,0.26,0.261,90048.0
2023-07-17 05:30:00,0.261,0.261,0.259,0.26,38256.3
2023-07-17 06:00:00,0.26,0.261,0.259,0.259,54984.7
2023-07-17 06:30:00,0.26,0.26,0.257,0.26,102522.9
2023-07-17 07:00:00,0.26,0.261,0.259,0.261,20268.6
2023-07-17 07:30:00,0.26,0.26,0.259,0.26,45349.9
2023-07-17 08:00:00,0.259,0.261,0.259,0.261,70359.9
2023-07-17 08:30:00,0.261,0.261,0.259,0.259,51318.6
2023-07-17 09:00:00,0.259,0.259,0.256,0.258,131885.9
2023-07-17 09:30:00,0.258,0.258,0.254,0.255,188475.2
2023-07-17 10:00:00,0.255,0.256,0.249,0.253,296993.1
2023-07-17 10:30:00,0.253,0.255,0.251,0.255,130794.5
2023-07-17 11:00:00,0.255,0.258,0.255,0.258,77781.6
2023-07-17 11:30:00,0.257,0.258,0.256,0.257,46260.1
2023-07-17 12:00:00,0.257,0.258,0.254,0.255,115757.2
2023-07-17 12:30:00,0.254,0.258,0.253,0.257,179056.4
2023-07-17 13:00:00,0.257,0.259,0.256,0.259,11178.8
2023-07-17 13:30:00,0.258,0.262,0.258,0.261,309901.0
2023-07-17 14:00:00,0.262,0.267,0.262,0.264,1208620.6
2023-07-17 14:30:00,0.264,0.267,0.263,0.266,274482.6
2023-07-17 15:00:00,0.266,0.266,0.262,0.265,593677.2
2023-07-17 15:30:00,0.264,0.266,0.263,0.265,197122.7
2023-07-17 16:00:00,0.265,0.266,0.262,0.262,500610.6
2023-07-17 16:30:00,0.262,0.263,0.26,0.262,365379.6
2023-07-17 17:00:00,0.262,0.263,0.256,0.259,410279.7
2023-07-17 17:30:00,0.26,0.261,0.258,0.258,68637.5
2023-07-17 18:00:00,0.258,0.259,0.258,0.259,57009.4
2023-07-17 18:30:00,0.259,0.259,0.255,0.258,291879.5
2023-07-17 19:00:00,0.258,0.26,0.257,0.259,228814.4
2023-07-17 19:30:00,0.259,0.26,0.258,0.26,93488.5
2023-07-17 20:00:00,0.26,0.26,0.258,0.258,106232.1
2023-07-17 20:30:00,0.259,0.259,0.258,0.258,59321.5
2023-07-17 21:00:00,0.258,0.26,0.258,0.259,67875.3
2023-07-17 21:30:00,0.26,0.263,0.259,0.262,73233.0
2023-07-17 22:00:00,0.263,0.265,0.262,0.265,76847.1
2023-07-17 22:30:00,0.265,0.266,0.264,0.264,125850.9
2023-07-17 23:00:00,0.264,0.265,0.264,0.265,17273.1
2023-07-17 23:30:00,0.264,0.266,0.264,0.266,66632.6
2023-07-18 00:00:00,0.266,0.266,0.264,0.265,41907.3
2023-07-18 00:30:00,0.266,0.267,0.264,0.266,166792.2
2023-07-18 01:00:00,0.266,0.268,0.265,0.267,100328.0
2023-07-18 01:30:00,0.267,0.267,0.266,0.266,140127.0
2023-07-18 02:00:00,0.266,0.266,0.264,0.264,60866.6
2023-07-18 02:30:00,0.263,0.264,0.262,0.263,100463.8
2023-07-18 03:00:00,0.264,0.264,0.263,0.264,41394.2
2023-07-18 03:30:00,0.264,0.264,0.263,0.264,49700.4
2023-07-18 04:00:00,0.263,0.264,0.261,0.263,131166.5
2023-07-18 04:30:00,0.263,0.264,0.262,0.263,75910.8
2023-07-18 05:00:00,0.263,0.264,0.263,0.263,87271.1
2023-07-18 05:30:00,0.263,0.264,0.262,0.262,43081.0
2023-07-18 06:00:00,0.262,0.262,0.26,0.261,72350.5
2023-07-18 06:30:00,0.26,0.261,0.256,0.257,365888.7
2023-07-18 07:00:00,0.257,0.258,0.256,0.257,91938.8
2023-07-18 07:30:00,0.257,0.258,0.257,0.257,61874.5
2023-07-18 08:00:00,0.256,0.258,0.254,0.258,122389.2
2023-07-18 08:30:00,0.257,0.259,0.257,0.258,204392.5
2023-07-18 09:00:00,0.258,0.26,0.257,0.258,89610.5
2023-07-18 09:30:00,0.257,0.258,0.256,0.257,76833.5
2023-07-18 10:00:00,0.256,0.258,0.256,0.256,87827.2
2023-07-18 10:30:00,0.257,0.258,0.257,0.257,136143.2
2023-07-18 11:00:00,0.257,0.259,0.256,0.259,385441.3
2023-07-18 11:30:00,0.258,0.258,0.253,0.253,239977.7
2023-07-18 12:00:00,0.254,0.254,0.251,0.253,230212.2
2023-07-18 12:30:00,0.254,0.254,0.252,0.254,146387.6
2023-07-18 13:00:00,0.254,0.255,0.253,0.255,43855.7
2023-07-18 13:30:00,0.254,0.255,0.253,0.254,89992.9
2023-07-18 14:00:00,0.254,0.257,0.254,0.256,65441.5
2023-07-18 14:30:00,0.256,0.257,0.255,0.256,53713.7
2023-07-18 15:00:00,0.257,0.257,0.255,0.255,71115.6
2023-07-18 15:30:00,0.255,0.256,0.254,0.255,45726.5
2023-07-18 16:00:00,0.256,0.256,0.254,0.254,64411.6
2023-07-18 16:30:00,0.254,0.255,0.25,0.252,190328.4
2023-07-18 17:00:00,0.252,0.253,0.252,0.252,43271.6
2023-07-18 17:30:00,0.252,0.253,0.252,0.252,865.1
2023-07-18 18:00:00,0.253,0.255,0.253,0.255,31011.9
2023-07-18 18:30:00,0.255,0.256,0.254,0.255,50977.1
2023-07-18 19:00:00,0.255,0.256,0.254,0.254,14753.8
2023-07-18 19:30:00,0.254,0.255,0.251,0.252,264655.0
2023-07-18 20:00:00,0.252,0.252,0.251,0.251,36379.9
2023-07-18 20:30:00,0.251,0.252,0.25,0.252,35968.2
2023-07-18 21:00:00,0.252,0.254,0.252,0.254,22788.3
2023-07-18 21:30:00,0.254,0.254,0.253,0.254,126106.6
2023-07-18 22:00:00,0.254,0.255,0.252,0.253,70131.2
2023-07-18 22:30:00,0.253,0.254,0.252,0.253,22564.8
2023-07-18 23:00:00,0.254,0.255,0.253,0.255,19227.6
2023-07-18 23:30:00,0.254,0.254,0.253,0.254,40185.6
2023-07-19 00:00:00,0.254,0.255,0.252,0.254,52932.9
2023-07-19 00:30:00,0.254,0.257,0.254,0.256,54064.9
2023-07-19 01:00:00,0.257,0.258,0.256,0.257,83816.4
2023-07-19 01:30:00,0.257,0.258,0.257,0.258,67746.2
2023-07-19 02:00:00,0.257,0.258,0.256,0.257,45581.5
2023-07-19 02:30:00,0.257,0.259,0.257,0.258,16542.2
2023-07-19 03:00:00,0.259,0.26,0.258,0.259,95617.5
2023-07-19 03:30:00,0.26,0.26,0.258,0.259,42164.0
2023-07-19 04:00:00,0.259,0.26,0.258,0.259,103794.1
2023-07-19 04:30:00,0.259,0.26,0.257,0.258,234183.1
2023-07-19 05:00:00,0.258,0.258,0.257,0.258,44924.2
2023-07-19 05:30:00,0.258,0.258,0.257,0.257,15089.6
2023-07-19 06:00:00,0.258,0.258,0.255,0.256,52380.3
2023-07-19 06:30:00,0.256,0.257,0.255,0.255,91263.2
2023-07-19 07:00:00,0.2551,0.2554,0.2542,0.2548,57328.0
2023-07-19 07:30:00,0.2547,0.2552,0.2536,0.2538,189222.9
2023-07-19 08:00:00,0.2536,0.254,0.2529,0.2539,86130.9
2023-07-19 08:30:00,0.2539,0.2539,0.2508,0.2508,253676.0
2023-07-19 09:00:00,0.2507,0.2525,0.25,0.2523,233301.8
2023-07-19 09:30:00,0.2524,0.2535,0.252,0.253,130060.2
2023-07-19 10:00:00,0.2529,0.2542,0.2519,0.2526,228739.9
2023-07-19 10:30:00,0.2528,0.2532,0.2521,0.2522,76594.9
2023-07-19 11:00:00,0.2523,0.253,0.2518,0.2524,68627.6
2023-07-19 11:30:00,0.2524,0.2539,0.2524,0.2532,47986.3
2023-07-19 12:00:00,0.2534,0.2534,0.252,0.252,42933.7
2023-07-19 12:30:00,0.2521,0.2527,0.2516,0.2527,38138.1
2023-07-19 13:00:00,0.2524,0.2532,0.2511,0.253,73352.8
2023-07-19 13:30:00,0.253,0.255,0.253,0.2542,93982.8
2023-07-19 14:00:00,0.2543,0.2545,0.2513,0.2513,635145.7
2023-07-19 14:30:00,0.2513,0.2518,0.2501,0.2505,592163.8
2023-07-19 15:00:00,0.2505,0.252,0.2494,0.2514,175088.3
2023-07-19 15:30:00,0.2513,0.2536,0.2512,0.2533,151611.2
2023-07-19 16:00:00,0.2534,0.2545,0.252,0.2522,208782.3
2023-07-19 16:30:00,0.252,0.2523,0.2512,0.2518,45633.5
2023-07-19 17:00:00,0.2514,0.2534,0.2511,0.2531,55686.3
2023-07-19 17:30:00,0.253,0.255,0.2527,0.2541,114157.2
2023-07-19 18:00:00,0.2541,0.2549,0.2537,0.2549,47084.4
2023-07-19 18:30:00,0.2547,0.255,0.254,0.255,63525.0
2023-07-19 19:00:00,0.2548,0.255,0.254,0.2542,48030.0
2023-07-19 19:30:00,0.2544,0.2552,0.254,0.2543,42742.9
2023-07-19 20:00:00,0.2541,0.2548,0.2533,0.2537,81232.5
2023-07-19 20:30:00,0.2536,0.2539,0.2523,0.2523,72074.4
2023-07-19 21:00:00,0.2524,0.2524,0.2507,0.2514,101832.0
2023-07-19 21:30:00,0.2512,0.2525,0.2512,0.2525,80627.3
2023-07-19 22:00:00,0.2522,0.2526,0.2513,0.2515,101656.2
2023-07-19 22:30:00,0.2514,0.2516,0.2504,0.2504,59563.2
2023-07-19 23:00:00,0.2506,0.2509,0.2499,0.2504,158769.2
2023-07-19 23:30:00,0.2504,0.2508,0.249,0.2493,258459.0
2023-07-20 00:00:00,0.2491,0.2499,0.2488,0.2488,121404.5
2023-07-20 00:30:00,0.2489,0.2502,0.248,0.2502,144392.5
2023-07-20 01:00:00,0.2503,0.2518,0.2503,0.2511,64266.6
2023-07-20 01:30:00,0.2511,0.2512,0.2501,0.2501,45827.2
2023-07-20 02:00:00,0.2504,0.2511,0.2501,0.2505,171498.4
2023-07-20 02:30:00,0.2507,0.251,0.2495,0.2501,164780.4
2023-07-20 03:00:00,0.2501,0.2502,0.2475,0.2479,102893.0
2023-07-20 03:30:00,0.2479,0.2482,0.2475,0.2482,109221.0
2023-07-20 04:00:00,0.2482,0.249,0.2476,0.2476,77764.7
2023-07-20 04:30:00,0.2476,0.2487,0.2476,0.2486,58541.0
2023-07-20 05:00:00,0.2486,0.2502,0.2485,0.2501,136793.7
2023-07-20 05:30:00,0.2501,0.2523,0.2501,0.2522,80195.8
2023-07-20 06:00:00,0.2523,0.2526,0.2512,0.2524,72889.5
2023-07-20 06:30:00,0.2524,0.2527,0.2514,0.2526,90027.4
2023-07-20 07:00:00,0.2523,0.254,0.2523,0.254,199295.2
2023-07-20 07:30:00,0.254,0.254,0.2527,0.253,198214.7
2023-07-20 08:00:00,0.253,0.2538,0.2524,0.253,230197.5
2023-07-20 08:30:00,0.2532,0.254,0.2526,0.2535,99536.7
2023-07-20 09:00:00,0.2539,0.254,0.2529,0.2535,75391.7
2023-07-20 09:30:00,0.2537,0.2551,0.2536,0.2548,68297.7
2023-07-20 10:00:00,0.2548,0.2554,0.2546,0.2551,64344.7
2023-07-20 10:30:00,0.2551,0.2555,0.2539,0.2546,74833.0
2023-07-20 11:00:00,0.2548,0.2549,0.2537,0.2542,112260.8
2023-07-20 11:30:00,0.2544,0.2549,0.2527,0.2535,309357.7
2023-07-20 12:00:00,0.254,0.2544,0.2531,0.2534,48548.7
2023-07-20 12:30:00,0.2532,0.2537,0.2524,0.2527,105441.3
2023-07-20 13:00:00,0.2527,0.2547,0.2527,0.2546,132360.5
2023-07-20 13:30:00,0.2545,0.2559,0.2542,0.2555,186553.0
2023-07-20 14:00:00,0.2554,0.2556,0.2532,0.2539,165415.9
2023-07-20 14:30:00,0.2536,0.2539,0.246,0.249,515818.0
2023-07-20 15:00:00,0.249,0.2503,0.2487,0.2502,141266.0
2023-07-20 15:30:00,0.25,0.25,0.2464,0.2474,193574.1
2023-07-20 16:00:00,0.2473,0.2487,0.2464,0.2475,182316.0
2023-07-20 16:30:00,0.2472,0.2473,0.2446,0.2456,270969.2
2023-07-20 17:00:00,0.2457,0.2468,0.2457,0.2462,25757.9
2023-07-20 17:30:00,0.2461,0.2466,0.2454,0.2457,59281.5
2023-07-20 18:00:00,0.2457,0.2457,0.2437,0.2438,107944.3
2023-07-20 18:30:00,0.244,0.245,0.2432,0.2438,80973.1
2023-07-20 19:00:00,0.2438,0.2452,0.2438,0.2446,51062.6
2023-07-20 19:30:00,0.2446,0.2449,0.2436,0.2444,26467.8
2023-07-20 20:00:00,0.2447,0.2447,0.2423,0.2435,106848.9
2023-07-20 20:30:00,0.2435,0.244,0.2421,0.2439,95645.1
2023-07-20 21:00:00,0.2439,0.2456,0.2438,0.2453,84587.9
2023-07-20 21:30:00,0.2454,0.2463,0.2454,0.2463,38473.0
2023-07-20 22:00:00,0.2467,0.2467,0.2458,0.2464,25657.0
2023-07-20 22:30:00,0.2464,0.2465,0.2455,0.2463,115391.1
2023-07-20 23:00:00,0.2461,0.2467,0.246,0.2462,49506.0
2023-07-20 23:30:00,0.246,0.2463,0.2455,0.2463,56268.0
2023-07-21 00:00:00,0.246,0.246,0.244,0.2446,167682.4
2023-07-21 00:30:00,0.2445,0.2455,0.2437,0.2446,113770.0
2023-07-21 01:00:00,0.2443,0.2473,0.2441,0.2471,84426.2
2023-07-21 01:30:00,0.2471,0.2474,0.2463,0.2473,24052.9
2023-07-21 02:00:00,0.2473,0.2483,0.2464,0.2483,113322.6
2023-07-21 02:30:00,0.2481,0.2486,0.2476,0.2485,44699.6
2023-07-21 03:00:00,0.2485,0.249,0.2481,0.2482,57076.3
2023-07-21 03:30:00,0.248,0.2484,0.2474,0.2478,47903.5
2023-07-21 04:00:00,0.248,0.2482,0.2462,0.2467,28628.1
2023-07-21 04:30:00,0.2466,0.2469,0.2457,0.246,58450.4
2023-07-21 05:00:00,0.2459,0.2468,0.2442,0.2448,88680.4
2023-07-21 05:30:00,0.2448,0.2449,0.2436,0.2445,143736.1
2023-07-21 06:00:00,0.2445,0.2458,0.244,0.2458,69962.8
2023-07-21 06:30:00,0.2456,0.2458,0.2447,0.2453,79569.0
2023-07-21 07:00:00,0.2453,0.2456,0.2447,0.2447,89373.1
2023-07-21 07:30:00,0.2446,0.2447,0.2436,0.2447,88061.5
2023-07-21 08:00:00,0.2447,0.246,0.244,0.2459,35494.2
2023-07-21 08:30:00,0.2456,0.246,0.2445,0.2448,56298.4
2023-07-21 09:00:00,0.245,0.2454,0.2442,0.2447,73020.4
2023-07-21 09:30:00,0.2448,0.245,0.2436,0.2437,54591.4
2023-07-21 10:00:00,0.2438,0.2455,0.2436,0.2448,55953.6
2023-07-21 10:30:00,0.2448,0.2457,0.2447,0.2453,100991.4
2023-07-21 11:00:00,0.2453,0.2455,0.2445,0.2447,62960.3
2023-07-21 11:30:00,0.2448,0.2454,0.2446,0.245,15896.5
2023-07-21 12:00:00,0.2452,0.2458,0.2447,0.2456,82389.9
2023-07-21 12:30:00,0.2456,0.248,0.2456,0.247,125341.2
2023-07-21 13:00:00,0.247,0.247,0.2462,0.2465,55096.8
2023-07-21 13:30:00,0.2464,0.2475,0.2463,0.2469,85208.7
2023-07-21 14:00:00,0.2468,0.2473,0.2455,0.247,97034.0
2023-07-21 14:30:00,0.2473,0.2482,0.2473,0.248,34501.2
2023-07-21 15:00:00,0.248,0.2486,0.2478,0.2482,53981.3
2023-07-21 15:30:00,0.2484,0.2498,0.2477,0.2481,104548.8
2023-07-21 16:00:00,0.248,0.248,0.247,0.248,70531.3
2023-07-21 16:30:00,0.248,0.2482,0.247,0.247,33779.0
2023-07-21 17:00:00,0.247,0.2489,0.2469,0.2488,49599.2
2023-07-21 17:30:00,0.2489,0.2496,0.2484,0.2495,66447.7
2023-07-21 18:00:00,0.2496,0.251,0.2496,0.2504,96835.8
2023-07-21 18:30:00,0.2503,0.2504,0.2489,0.2493,62073.3
2023-07-21 19:00:00,0.2494,0.2494,0.2466,0.2477,108330.8
2023-07-21 19:30:00,0.248,0.2482,0.2474,0.248,22349.9
2023-07-21 20:00:00,0.2481,0.2486,0.2476,0.2478,43566.5
2023-07-21 20:30:00,0.2479,0.2483,0.2476,0.248,21219.2
2023-07-21 21:00:00,0.248,0.2481,0.2475,0.2476,54329.4
2023-07-21 21:30:00,0.2476,0.2513,0.2476,0.2503,323341.6
2023-07-21 22:00:00,0.2503,0.2523,0.25,0.2513,336473.7
2023-07-21 22:30:00,0.251,0.2517,0.2505,0.2515,132328.3
2023-07-21 23:00:00,0.2514,0.2522,0.251,0.252,110896.5
2023-07-21 23:30:00,0.252,0.2533,0.2511,0.2529,659650.4
2023-07-22 00:00:00,0.2529,0.2535,0.2517,0.2523,93775.0
2023-07-22 00:30:00,0.2526,0.2546,0.2526,0.2534,184068.2
2023-07-22 01:00:00,0.2538,0.2539,0.2523,0.2526,81198.4
2023-07-22 01:30:00,0.2523,0.2531,0.2516,0.2523,69251.5
2023-07-22 02:00:00,0.2523,0.2526,0.2515,0.2519,54559.1
2023-07-22 02:30:00,0.2527,0.2536,0.2526,0.2534,29852.2
2023-07-22 03:00:00,0.2534,0.257,0.253,0.2563,251081.0
2023-07-22 03:30:00,0.2563,0.2565,0.2543,0.2544,140821.7
2023-07-22 04:00:00,0.2545,0.2572,0.2539,0.2564,184634.8
2023-07-22 04:30:00,0.2561,0.2563,0.2534,0.2537,165921.8
2023-07-22 05:00:00,0.254,0.2542,0.2513,0.2515,241203.7
2023-07-22 05:30:00,0.2516,0.2517,0.2508,0.2517,101426.0
2023-07-22 06:00:00,0.2517,0.254,0.2517,0.2518,97552.9
2023-07-22 06:30:00,0.2518,0.253,0.2518,0.253,73993.5
2023-07-22 07:00:00,0.2528,0.2533,0.2524,0.2529,24334.5
2023-07-22 07:30:00,0.253,0.2548,0.253,0.2545,120375.6
2023-07-22 08:00:00,0.2545,0.2557,0.2538,0.2547,188659.8
2023-07-22 08:30:00,0.2547,0.2554,0.2542,0.2554,102731.5
2023-07-22 09:00:00,0.2554,0.2563,0.255,0.2552,94355.0
2023-07-22 09:30:00,0.2554,0.2555,0.2539,0.2542,85981.1
2023-07-22 10:00:00,0.2544,0.2549,0.2525,0.2546,126940.9
2023-07-22 10:30:00,0.2548,0.2563,0.2547,0.2556,76584.5
2023-07-22 11:00:00,0.2556,0.2569,0.2556,0.256,156263.1
2023-07-22 11:30:00,0.256,0.257,0.2557,0.2557,117416.8
2023-07-22 12:00:00,0.2559,0.2567,0.255,0.2567,106332.4
2023-07-22 12:30:00,0.2568,0.2568,0.254,0.2553,162429.7
2023-07-22 13:00:00,0.2552,0.2552,0.2527,0.2542,329285.6
2023-07-22 13:30:00,0.2542,0.2543,0.2533,0.2537,43152.4
2023-07-22 14:00:00,0.2535,0.2541,0.2527,0.2528,146285.4
2023-07-22 14:30:00,0.2526,0.253,0.2519,0.2525,67549.3
2023-07-22 15:00:00,0.2525,0.2534,0.2522,0.2526,29835.7
2023-07-22 15:30:00,0.2526,0.2532,0.2526,0.2529,22128.7
2023-07-22 16:00:00,0.253,0.2536,0.2526,0.2532,41969.7
2023-07-22 16:30:00,0.2533,0.254,0.2532,0.2537,62844.6
2023-07-22 17:00:00,0.2537,0.2543,0.2536,0.2537,31462.8
2023-07-22 17:30:00,0.2537,0.2539,0.2521,0.2525,81657.0
2023-07-22 18:00:00,0.2525,0.2525,0.2508,0.251,97669.1
2023-07-22 18:30:00,0.2509,0.2514,0.2505,0.2508,68097.7
2023-07-22 19:00:00,0.251,0.2521,0.2509,0.2515,61036.8
2023-07-22 19:30:00,0.2517,0.2527,0.2513,0.2527,53154.3
2023-07-22 20:00:00,0.2526,0.2527,0.2514,0.2514,258231.7
2023-07-22 20:30:00,0.2511,0.252,0.2511,0.2516,13219.1
2023-07-22 21:00:00,0.2516,0.2521,0.2516,0.252,39527.0
2023-07-22 21:30:00,0.252,0.2521,0.2514,0.2514,40606.1
2023-07-22 22:00:00,0.2515,0.252,0.2512,0.2515,57120.0
2023-07-22 22:30:00,0.2515,0.2517,0.2511,0.2514,77481.3
2023-07-22 23:00:00,0.2513,0.2513,0.2475,0.2484,357611.7
2023-07-22 23:30:00,0.2483,0.2503,0.2471,0.2502,164897.6
2023-07-23 00:00:00,0.2502,0.2507,0.2488,0.2506,116432.5
2023-07-23 00:30:00,0.2506,0.2515,0.2497,0.2513,83158.1
2023-07-23 01:00:00,0.2516,0.2523,0.2514,0.252,69676.9
2023-07-23 01:30:00,0.252,0.2527,0.2516,0.2527,55258.1
2023-07-23 02:00:00,0.2527,0.2529,0.2517,0.2528,60487.4
2023-07-23 02:30:00,0.2529,0.2532,0.2513,0.252,173601.2
2023-07-23 03:00:00,0.2517,0.2532,0.2517,0.2529,36469.5
2023-07-23 03:30:00,0.2523,0.2531,0.2523,0.2528,16706.1
2023-07-23 04:00:00,0.253,0.2537,0.2528,0.2528,62130.5
2023-07-23 04:30:00,0.2528,0.2538,0.252,0.253,128322.9
2023-07-23 05:00:00,0.253,0.2556,0.253,0.2555,202803.3
2023-07-23 05:30:00,0.2556,0.2618,0.2552,0.2589,1206468.3
2023-07-23 06:00:00,0.2586,0.2593,0.2556,0.2593,355200.7
2023-07-23 06:30:00,0.2593,0.2594,0.2575,0.2578,137209.9
2023-07-23 07:00:00,0.2576,0.2581,0.2546,0.2549,427158.7
2023-07-23 07:30:00,0.255,0.2558,0.2546,0.2558,102069.6
2023-07-23 08:00:00,0.2558,0.2571,0.2558,0.2565,106340.6
2023-07-23 08:30:00,0.2562,0.2569,0.2561,0.2566,55361.7
2023-07-23 09:00:00,0.2567,0.2567,0.2541,0.256,173247.8
2023-07-23 09:30:00,0.256,0.2562,0.2551,0.2553,29482.4
2023-07-23 10:00:00,0.2556,0.2557,0.2542,0.2548,103450.1
2023-07-23 10:30:00,0.255,0.2553,0.2542,0.2545,81662.4
2023-07-23 11:00:00,0.2543,0.2547,0.2542,0.2543,17983.1
2023-07-23 11:30:00,0.2543,0.2543,0.2532,0.2536,54052.7
2023-07-23 12:00:00,0.2535,0.2542,0.2529,0.2534,68450.8
2023-07-23 12:30:00,0.2536,0.2543,0.253,0.2542,65869.5
2023-07-23 13:00:00,0.2544,0.2545,0.2533,0.2533,110469.7
2023-07-23 13:30:00,0.2533,0.2544,0.2528,0.2539,121560.9
2023-07-23 14:00:00,0.2539,0.2545,0.2536,0.2536,77154.7
2023-07-23 14:30:00,0.2539,0.256,0.2539,0.2556,121606.9
2023-07-23 15:00:00,0.2559,0.2565,0.2551,0.2551,39180.3
2023-07-23 15:30:00,0.2551,0.2558,0.2547,0.2547,169326.4
2023-07-23 16:00:00,0.2547,0.2567,0.2547,0.2565,150256.5
2023-07-23 16:30:00,0.2561,0.2569,0.2556,0.2565,80715.9
2023-07-23 17:00:00,0.2566,0.257,0.2561,0.2565,63251.7
2023-07-23 17:30:00,0.2565,0.2572,0.2562,0.2571,23581.4
2023-07-23 18:00:00,0.2573,0.2578,0.2566,0.2569,87124.3
2023-07-23 18:30:00,0.2569,0.2572,0.2561,0.257,69343.8
2023-07-23 19:00:00,0.2569,0.258,0.2564,0.2566,127035.5
2023-07-23 19:30:00,0.2566,0.2567,0.2542,0.2551,122665.2
2023-07-23 20:00:00,0.2551,0.256,0.2546,0.2554,159403.1
2023-07-23 20:30:00,0.2552,0.2559,0.2551,0.2558,42770.5
2023-07-23 21:00:00,0.2558,0.2559,0.2536,0.2537,85123.5
2023-07-23 21:30:00,0.2536,0.2537,0.2521,0.2525,109507.4
2023-07-23 22:00:00,0.2526,0.2531,0.2525,0.2529,39936.0
2023-07-23 22:30:00,0.2529,0.2534,0.2525,0.2531,65178.9
2023-07-23 23:00:00,0.2531,0.2539,0.253,0.2539,14185.4
2023-07-23 23:30:00,0.254,0.2544,0.2539,0.2542,20607.6
2023-07-24 00:00:00,0.2542,0.2544,0.2532,0.2538,41831.7
2023-07-24 00:30:00,0.2535,0.254,0.2526,0.2526,35011.6
2023-07-24 01:00:00,0.2529,0.2531,0.2522,0.2525,93577.9
2023-07-24 01:30:00,0.2524,0.2529,0.251,0.2521,108663.7
2023-07-24 02:00:00,0.252,0.252,0.2502,0.2512,54653.4
2023-07-24 02:30:00,0.2513,0.2513,0.2507,0.2511,20174.0
2023-07-24 03:00:00,0.251,0.2511,0.2505,0.251,29954.2
2023-07-24 03:30:00,0.2508,0.251,0.2493,0.2497,86760.5
2023-07-24 04:00:00,0.2494,0.2494,0.2459,0.249,365206.5
2023-07-24 04:30:00,0.2491,0.2497,0.2488,0.2494,14892.4
2023-07-24 05:00:00,0.2495,0.2499,0.2492,0.2498,22548.9
2023-07-24 05:30:00,0.2499,0.2499,0.2492,0.2497,47859.0
2023-07-24 06:00:00,0.2496,0.2513,0.2496,0.2505,71889.7
2023-07-24 06:30:00,0.2507,0.251,0.2503,0.2504,50687.7
2023-07-24 07:00:00,0.2503,0.2515,0.2491,0.2513,153778.0
2023-07-24 07:30:00,0.2513,0.2513,0.2501,0.2504,93301.3
2023-07-24 08:00:00,0.2503,0.2503,0.2495,0.2501,88333.6
2023-07-24 08:30:00,0.2497,0.2499,0.2491,0.2494,47706.4
2023-07-24 09:00:00,0.2493,0.25,0.2493,0.2497,20434.5
2023-07-24 09:30:00,0.2498,0.25,0.2327,0.2418,574406.2
2023-07-24 10:00:00,0.242,0.2442,0.2404,0.243,285414.6
2023-07-24 10:30:00,0.2433,0.2438,0.2424,0.2438,32901.4
2023-07-24 11:00:00,0.2438,0.2452,0.2438,0.2445,92513.8
2023-07-24 11:30:00,0.2449,0.2451,0.2435,0.2436,78713.0
2023-07-24 12:00:00,0.2434,0.2436,0.2417,0.2427,85785.4
2023-07-24 12:30:00,0.2426,0.2433,0.2423,0.2427,65582.4
2023-07-24 13:00:00,0.2429,0.2434,0.2427,0.2428,21860.7
2023-07-24 13:30:00,0.243,0.2435,0.2418,0.243,66613.7
2023-07-24 14:00:00,0.243,0.2435,0.2421,0.243,54100.5
2023-07-24 14:30:00,0.2426,0.2433,0.2419,0.2425,111832.1
2023-07-24 15:00:00,0.2425,0.2425,0.2387,0.242,690895.4
2023-07-24 15:30:00,0.242,0.2421,0.2406,0.2416,46061.6
2023-07-24 16:00:00,0.2416,0.242,0.2402,0.2408,45273.7
2023-07-24 16:30:00,0.2408,0.2423,0.2408,0.2422,61461.3
2023-07-24 17:00:00,0.242,0.2422,0.2392,0.2396,304158.1
2023-07-24 17:30:00,0.2396,0.2401,0.2391,0.2397,17433.1
2023-07-24 18:00:00,0.2397,0.2415,0.2395,0.241,53101.2
2023-07-24 18:30:00,0.2412,0.2427,0.2412,0.2416,32815.7
2023-07-24 19:00:00,0.242,0.242,0.2408,0.2411,21113.0
2023-07-24 19:30:00,0.2411,0.2411,0.24,0.24,48770.6
2023-07-24 20:00:00,0.2401,0.2402,0.2394,0.2396,106031.8
2023-07-24 20:30:00,0.2396,0.241,0.2391,0.2409,43954.6
2023-07-24 21:00:00,0.241,0.2416,0.2407,0.2415,37066.0
2023-07-24 21:30:00,0.2415,0.2417,0.2408,0.241,13006.8
2023-07-24 22:00:00,0.2417,0.242,0.2415,0.2415,52188.5
2023-07-24 22:30:00,0.2415,0.2418,0.2412,0.2418,5518.9
2023-07-24 23:00:00,0.2418,0.2425,0.2418,0.2425,45866.5
2023-07-24 23:30:00,0.2427,0.2427,0.2421,0.2424,22963.7
2023-07-25 00:00:00,0.2425,0.2431,0.2417,0.2426,18706.0
2023-07-25 00:30:00,0.2426,0.2427,0.2408,0.2413,63700.2
2023-07-25 01:00:00,0.2413,0.2413,0.2394,0.24,115925.0
2023-07-25 01:30:00,0.2401,0.2404,0.2396,0.2402,48271.7
2023-07-25 02:00:00,0.2404,0.2419,0.2402,0.2414,53810.5
2023-07-25 02:30:00,0.2416,0.2427,0.2416,0.242,14878.1
2023-07-25 03:00:00,0.2421,0.2421,0.2413,0.2413,17510.2
2023-07-25 03:30:00,0.2412,0.2414,0.2409,0.241,8775.0
2023-07-25 04:00:00,0.2412,0.2418,0.2406,0.2406,33034.1
2023-07-25 04:30:00,0.2407,0.241,0.2401,0.2406,34652.2
2023-07-25 05:00:00,0.2406,0.2412,0.2404,0.2412,21148.8
2023-07-25 05:30:00,0.2412,0.242,0.241,0.242,5252.6
2023-07-25 06:00:00,0.2416,0.2416,0.2411,0.2411,2190.2
2023-07-25 06:30:00,0.2417,0.2417,0.2401,0.2409,8324.3
2023-07-25 07:00:00,0.2412,0.2412,0.2404,0.2405,36179.3
2023-07-25 07:30:00,0.2406,0.2406,0.2394,0.2402,53444.1
2023-07-25 08:00:00,0.24,0.241,0.24,0.241,8128.7
2023-07-25 08:30:00,0.2407,0.2419,0.2407,0.2419,8951.5
2023-07-25 09:00:00,0.242,0.2428,0.2417,0.2428,59974.7
2023-07-25 09:30:00,0.2428,0.2439,0.2426,0.2433,105688.0
2023-07-25 10:00:00,0.2429,0.243,0.242,0.2424,21864.2
2023-07-25 10:30:00,0.2421,0.2429,0.2417,0.2423,8430.3
2023-07-25 11:00:00,0.2422,0.2433,0.2422,0.2432,51106.7
2023-07-25 11:30:00,0.2434,0.2434,0.2428,0.2434,17675.9
2023-07-25 12:00:00,0.2434,0.2434,0.2418,0.2428,42181.4
2023-07-25 12:30:00,0.2427,0.2429,0.2417,0.2421,35499.9
2023-07-25 13:00:00,0.2419,0.2422,0.2409,0.241,30326.6
2023-07-25 13:30:00,0.2412,0.244,0.2405,0.2405,104901.1
2023-07-25 14:00:00,0.2409,0.2415,0.2395,0.2413,318823.1
2023-07-25 14:30:00,0.2413,0.2415,0.2391,0.2402,139829.9
2023-07-25 15:00:00,0.2402,0.2407,0.2397,0.2405,35352.2
2023-07-25 15:30:00,0.2402,0.2409,0.24,0.2406,12170.5
2023-07-25 16:00:00,0.2407,0.2417,0.2404,0.2408,62432.7
2023-07-25 16:30:00,0.2408,0.2427,0.2408,0.2416,219183.2
2023-07-25 17:00:00,0.2415,0.2423,0.2405,0.2422,18889.9
2023-07-25 17:30:00,0.2417,0.2425,0.2415,0.2424,16265.8
2023-07-25 18:00:00,0.2423,0.2429,0.2423,0.2426,94269.8
2023-07-25 18:30:00,0.2426,0.2436,0.2422,0.2423,122954.7
2023-07-25 19:00:00,0.242,0.2421,0.2408,0.241,53048.8
2023-07-25 19:30:00,0.2409,0.2409,0.2397,0.2398,61210.8
2023-07-25 20:00:00,0.2397,0.24,0.2393,0.2396,30316.0
2023-07-25 20:30:00,0.2401,0.2405,0.2395,0.2405,25469.7
2023-07-25 21:00:00,0.2406,0.2417,0.2406,0.2415,18709.2
2023-07-25 21:30:00,0.2415,0.2415,0.2407,0.2407,15008.7
2023-07-25 22:00:00,0.2414,0.2415,0.2407,0.2408,3650.4
2023-07-25 22:30:00,0.2406,0.2411,0.2406,0.2409,11060.7
2023-07-25 23:00:00,0.2408,0.2408,0.2402,0.2402,3733.8
2023-07-25 23:30:00,0.2402,0.2405,0.2402,0.2405,2009.6
2023-07-26 00:00:00,0.2405,0.2411,0.2398,0.2401,11011.7
2023-07-26 00:30:00,0.2402,0.2409,0.2392,0.2392,106212.4
2023-07-26 01:00:00,0.2391,0.2393,0.2376,0.2383,235449.6
2023-07-26 01:30:00,0.2383,0.2389,0.2369,0.2385,120599.0
2023-07-26 02:00:00,0.2384,0.2393,0.2383,0.2391,19699.6
2023-07-26 02:30:00,0.2389,0.2404,0.2385,0.2404,25853.8
2023-07-26 03:00:00,0.2405,0.2424,0.2402,0.2421,138582.7
2023-07-26 03:30:00,0.2421,0.2427,0.2418,0.242,30106.9
2023-07-26 04:00:00,0.2419,0.2421,0.2418,0.2418,55313.6
2023-07-26 04:30:00,0.2415,0.242,0.2411,0.2411,23914.2
2023-07-26 05:00:00,0.2412,0.2414,0.2411,0.2414,10812.6
2023-07-26 05:30:00,0.2414,0.2425,0.2414,0.2425,19478.4
2023-07-26 06:00:00,0.2422,0.2425,0.242,0.242,14864.6
2023-07-26 06:30:00,0.2421,0.2425,0.2411,0.2412,42006.4
2023-07-26 07:00:00,0.2411,0.2419,0.2411,0.2411,43583.3
2023-07-26 07:30:00,0.2411,0.2411,0.2408,0.2408,11961.1
2023-07-26 08:00:00,0.2408,0.2408,0.2404,0.2407,10962.7
2023-07-26 08:30:00,0.2406,0.2412,0.2404,0.2404,15880.8
2023-07-26 09:00:00,0.2405,0.2405,0.2395,0.2395,18446.6
2023-07-26 09:30:00,0.2396,0.2397,0.239,0.2394,24330.0
2023-07-26 10:00:00,0.2395,0.2398,0.2394,0.2395,5583.8
2023-07-26 10:30:00,0.2394,0.2401,0.2392,0.2395,13880.6
2023-07-26 11:00:00,0.2397,0.2401,0.2397,0.2399,12566.7
2023-07-26 11:30:00,0.2396,0.2396,0.2378,0.2382,182532.3
2023-07-26 12:00:00,0.2383,0.239,0.2379,0.239,14306.1
2023-07-26 12:30:00,0.2393,0.2397,0.2391,0.2395,3649.6
2023-07-26 13:00:00,0.2397,0.24,0.2388,0.2388,33134.2
2023-07-26 13:30:00,0.2391,0.2396,0.2386,0.2396,9994.9
2023-07-26 14:00:00,0.2396,0.2403,0.2389,0.2399,28957.7
2023-07-26 14:30:00,0.2399,0.2403,0.2396,0.2402,25003.0
2023-07-26 15:00:00,0.2402,0.2405,0.2402,0.2404,13310.9
2023-07-26 15:30:00,0.2401,0.2416,0.2401,0.2412,118968.1
2023-07-26 16:00:00,0.2413,0.2415,0.2395,0.2395,14106.7
2023-07-26 16:30:00,0.2397,0.2398,0.239,0.2392,98621.8
2023-07-26 17:00:00,0.2392,0.2394,0.2375,0.2383,59741.3
2023-07-26 17:30:00,0.2386,0.2389,0.2366,0.237,222356.4
2023-07-26 18:00:00,0.2374,0.2402,0.237,0.238,308159.1
2023-07-26 18:30:00,0.238,0.2415,0.2375,0.2407,256459.6
2023-07-26 19:00:00,0.2404,0.2406,0.2375,0.2406,200448.6
2023-07-26 19:30:00,0.2407,0.2412,0.2402,0.241,35377.3
2023-07-26 20:00:00,0.2409,0.2431,0.2409,0.2422,74451.1
2023-07-26 20:30:00,0.2422,0.2426,0.2418,0.2418,45197.2
2023-07-26 21:00:00,0.2418,0.2423,0.2412,0.2412,42150.4
2023-07-26 21:30:00,0.2409,0.2411,0.2397,0.2399,17981.2
2023-07-26 22:00:00,0.2398,0.2401,0.2393,0.2395,28069.7
2023-07-26 22:30:00,0.2394,0.2398,0.2389,0.2398,27637.3
2023-07-26 23:00:00,0.24,0.2409,0.24,0.2404,23989.9
2023-07-26 23:30:00,0.2401,0.2401,0.2392,0.2396,15663.4
2023-07-27 00:00:00,0.2398,0.2398,0.2385,0.2389,43335.4
2023-07-27 00:30:00,0.239,0.2393,0.2381,0.2384,21334.5
2023-07-27 01:00:00,0.2383,0.2402,0.2379,0.2402,15145.8
2023-07-27 01:30:00,0.2403,0.2405,0.24,0.2403,72922.3
2023-07-27 02:00:00,0.2404,0.2404,0.2392,0.2393,7367.4
2023-07-27 02:30:00,0.2392,0.2408,0.2392,0.2408,14630.9
2023-07-27 03:00:00,0.2407,0.2415,0.2407,0.2413,57575.5
2023-07-27 03:30:00,0.2414,0.2417,0.2405,0.2405,47573.5
2023-07-27 04:00:00,0.2405,0.2421,0.2404,0.2421,33641.9
2023-07-27 04:30:00,0.2422,0.2423,0.2416,0.2417,37619.4
2023-07-27 05:00:00,0.242,0.2429,0.242,0.2425,51752.3
2023-07-27 05:30:00,0.2427,0.243,0.242,0.2427,43707.2
2023-07-27 06:00:00,0.2428,0.2435,0.2427,0.2428,48150.0
2023-07-27 06:30:00,0.2428,0.2428,0.2415,0.2415,32062.0
2023-07-27 07:00:00,0.2415,0.2426,0.2415,0.2426,13574.5
2023-07-27 07:30:00,0.2426,0.2432,0.2417,0.2423,108554.7
2023-07-27 08:00:00,0.2422,0.2438,0.2417,0.2437,85842.0
2023-07-27 08:30:00,0.2435,0.2437,0.2431,0.2437,32079.1
2023-07-27 09:00:00,0.2438,0.2443,0.2436,0.2439,52353.5
2023-07-27 09:30:00,0.2441,0.246,0.2436,0.2452,287214.8
2023-07-27 10:00:00,0.2447,0.2451,0.2438,0.2445,38464.8
2023-07-27 10:30:00,0.2443,0.2447,0.2439,0.2439,26555.5
2023-07-27 11:00:00,0.2437,0.2444,0.2436,0.244,34086.7
2023-07-27 11:30:00,0.2441,0.2445,0.2436,0.244,24215.9
2023-07-27 12:00:00,0.2439,0.2445,0.2432,0.2432,88495.8
2023-07-27 12:30:00,0.2433,0.2434,0.2424,0.2427,56442.5
2023-07-27 13:00:00,0.2426,0.2426,0.2413,0.2421,42887.1
2023-07-27 13:30:00,0.2419,0.2424,0.2413,0.2417,60234.6
2023-07-27 14:00:00,0.2417,0.2417,0.2406,0.2408,50178.0
2023-07-27 14:30:00,0.2409,0.2409,0.2391,0.2399,140253.3
2023-07-27 15:00:00,0.2399,0.2402,0.2385,0.2399,203313.2
2023-07-27 15:30:00,0.2402,0.2406,0.2397,0.24,85129.0
2023-07-27 16:00:00,0.24,0.24,0.2389,0.2389,93169.3
2023-07-27 16:30:00,0.239,0.2395,0.2378,0.2383,347051.0
2023-07-27 17:00:00,0.2384,0.2392,0.2376,0.2392,102103.0
2023-07-27 17:30:00,0.2392,0.2392,0.2376,0.2376,61800.0
2023-07-27 18:00:00,0.2376,0.2378,0.2371,0.2373,45913.7
2023-07-27 18:30:00,0.2374,0.2376,0.2356,0.2362,328282.7
2023-07-27 19:00:00,0.2361,0.2372,0.2361,0.2372,31188.3
2023-07-27 19:30:00,0.2371,0.2374,0.2364,0.2373,31452.5
2023-07-27 20:00:00,0.2373,0.2374,0.2368,0.237,19052.2
2023-07-27 20:30:00,0.2373,0.2373,0.2367,0.2373,3243.8
2023-07-27 21:00:00,0.2373,0.2383,0.2372,0.2383,34412.7
2023-07-27 21:30:00,0.2383,0.2386,0.2383,0.2385,26809.5
2023-07-27 22:00:00,0.2385,0.2388,0.2385,0.2386,2115.7
2023-07-27 22:30:00,0.2387,0.2391,0.2385,0.2385,43758.5
2023-07-27 23:00:00,0.2385,0.239,0.2385,0.2389,7773.3
2023-07-27 23:30:00,0.239,0.2392,0.2388,0.2392,10833.1
2023-07-28 00:00:00,0.239,0.2392,0.2383,0.2392,9898.4
2023-07-28 00:30:00,0.2391,0.2409,0.2391,0.2406,89549.2
2023-07-28 01:00:00,0.2406,0.2408,0.2404,0.2404,14353.4
2023-07-28 01:30:00,0.2404,0.2409,0.2404,0.2408,11271.8
2023-07-28 02:00:00,0.2407,0.2411,0.24,0.2408,194266.5
2023-07-28 02:30:00,0.2409,0.2417,0.2404,0.2415,41617.5
2023-07-28 03:00:00,0.2414,0.2417,0.2409,0.2411,28162.7
2023-07-28 03:30:00,0.2412,0.2457,0.2412,0.2438,783938.8
2023-07-28 04:00:00,0.2436,0.2436,0.2421,0.2421,15927.4
2023-07-28 04:30:00,0.2421,0.2424,0.2419,0.2424,8062.6
2023-07-28 05:00:00,0.2425,0.2425,0.2413,0.2414,14826.9
2023-07-28 05:30:00,0.2414,0.2415,0.2403,0.2411,33663.3
2023-07-28 06:00:00,0.2411,0.2419,0.2406,0.2415,4056.0
2023-07-28 06:30:00,0.2418,0.242,0.2406,0.241,20061.9
2023-07-28 07:00:00,0.2409,0.2415,0.2409,0.2413,12580.4
2023-07-28 07:30:00,0.2413,0.2413,0.2405,0.2405,16707.0
2023-07-28 08:00:00,0.2405,0.2405,0.2392,0.2404,60231.0
2023-07-28 08:30:00,0.2403,0.2406,0.2403,0.2404,1567.4
2023-07-28 09:00:00,0.2404,0.2404,0.24,0.24,1793.1
2023-07-28 09:30:00,0.2403,0.2412,0.2402,0.2412,11113.4
2023-07-28 10:00:00,0.2416,0.2416,0.2411,0.2411,11132.7
2023-07-28 10:30:00,0.2412,0.2419,0.2411,0.2415,18429.2
2023-07-28 11:00:00,0.2416,0.2417,0.2413,0.2414,17647.8
2023-07-28 11:30:00,0.2415,0.2421,0.2414,0.2415,31438.3
2023-07-28 12:00:00,0.2414,0.2421,0.2413,0.242,11528.1
2023-07-28 12:30:00,0.2422,0.2427,0.242,0.2427,10801.7
2023-07-28 13:00:00,0.2426,0.2427,0.2417,0.2422,25555.2
2023-07-28 13:30:00,0.2419,0.2435,0.2419,0.2435,45011.2
2023-07-28 14:00:00,0.2436,0.244,0.2428,0.2439,31109.8
2023-07-28 14:30:00,0.244,0.2456,0.244,0.2455,164051.6
2023-07-28 15:00:00,0.2454,0.2457,0.2447,0.2447,112245.0
2023-07-28 15:30:00,0.2449,0.2449,0.2443,0.2446,30324.9
2023-07-28 16:00:00,0.2447,0.2447,0.2438,0.2442,9242.8
2023-07-28 16:30:00,0.2439,0.2453,0.2439,0.2449,15534.3
2023-07-28 17:00:00,0.2443,0.2444,0.2432,0.2433,25714.6
2023-07-28 17:30:00,0.2433,0.2438,0.2418,0.2435,162228.5
2023-07-28 18:00:00,0.2436,0.2447,0.2436,0.2444,65083.6
2023-07-28 18:30:00,0.2446,0.2455,0.2446,0.245,97264.7
2023-07-28 19:00:00,0.2448,0.2452,0.2446,0.2449,18187.0
2023-07-28 19:30:00,0.2447,0.2457,0.2447,0.245,41781.4
2023-07-28 20:00:00,0.2452,0.2452,0.2442,0.2446,11109.3
2023-07-28 20:30:00,0.2446,0.2465,0.2446,0.2458,170017.2
2023-07-28 21:00:00,0.2456,0.2473,0.2453,0.247,90707.5
2023-07-28 21:30:00,0.2468,0.2483,0.2462,0.2482,163587.0
2023-07-28 22:00:00,0.248,0.2501,0.246,0.2475,228137.0
2023-07-28 22:30:00,0.2473,0.2496,0.247,0.2495,206349.4
2023-07-28 23:00:00,0.2494,0.2494,0.2485,0.2487,94719.1
2023-07-28 23:30:00,0.2487,0.2494,0.2483,0.2491,27175.3
2023-07-29 00:00:00,0.2487,0.2509,0.2483,0.2509,150500.0
2023-07-29 00:30:00,0.251,0.2511,0.2496,0.2502,55438.8
2023-07-29 01:00:00,0.2504,0.2516,0.2502,0.2507,70083.9
2023-07-29 01:30:00,0.251,0.2522,0.2507,0.251,181876.8
2023-07-29 02:00:00,0.251,0.2516,0.2506,0.2511,50274.4
2023-07-29 02:30:00,0.2513,0.2518,0.2505,0.2518,99617.4
2023-07-29 03:00:00,0.2519,0.2526,0.2509,0.251,62139.6
2023-07-29 03:30:00,0.2505,0.2513,0.2499,0.2499,102021.7
2023-07-29 04:00:00,0.25,0.2506,0.2498,0.2498,30257.8
2023-07-29 04:30:00,0.2496,0.2496,0.2483,0.2484,24553.0
2023-07-29 05:00:00,0.2484,0.249,0.2479,0.2481,125280.6
2023-07-29 05:30:00,0.248,0.2483,0.2474,0.2477,63056.2
2023-07-29 06:00:00,0.2477,0.2488,0.2477,0.2481,54254.0
2023-07-29 06:30:00,0.248,0.2481,0.2469,0.2472,81765.8
2023-07-29 07:00:00,0.2471,0.2474,0.2468,0.2472,12401.5
2023-07-29 07:30:00,0.2472,0.2478,0.2471,0.2478,18089.7
2023-07-29 08:00:00,0.2478,0.2485,0.2471,0.2482,33383.0
2023-07-29 08:30:00,0.2482,0.2488,0.2462,0.2462,68802.1
2023-07-29 09:00:00,0.2462,0.2464,0.2451,0.2457,169590.7
2023-07-29 09:30:00,0.2458,0.2459,0.2439,0.2442,195990.1
2023-07-29 10:00:00,0.2441,0.2453,0.2439,0.2453,22770.4
2023-07-29 10:30:00,0.245,0.245,0.2443,0.2444,21808.9
2023-07-29 11:00:00,0.2444,0.2453,0.2444,0.245,26686.3
2023-07-29 11:30:00,0.245,0.245,0.2439,0.244,52945.0
2023-07-29 12:00:00,0.2439,0.2456,0.2439,0.2456,22399.7
2023-07-29 12:30:00,0.2456,0.2456,0.2447,0.245,22250.7
2023-07-29 13:00:00,0.2451,0.246,0.2451,0.2458,22649.4
2023-07-29 13:30:00,0.2459,0.2465,0.2458,0.2463,19615.3
2023-07-29 14:00:00,0.2465,0.2467,0.2462,0.2462,13351.1
2023-07-29 14:30:00,0.2462,0.2463,0.244,0.2443,271350.1
2023-07-29 15:00:00,0.2443,0.2446,0.2437,0.2443,127317.0
2023-07-29 15:30:00,0.2442,0.2442,0.2437,0.2439,12493.2
2023-07-29 16:00:00,0.2438,0.2439,0.2434,0.2437,28953.4
2023-07-29 16:30:00,0.2439,0.2442,0.2434,0.244,53590.1
2023-07-29 17:00:00,0.2439,0.2443,0.2437,0.2441,60580.6
2023-07-29 17:30:00,0.244,0.2449,0.244,0.2444,36513.5
2023-07-29 18:00:00,0.2446,0.2448,0.2439,0.2441,13350.1
2023-07-29 18:30:00,0.244,0.2444,0.2439,0.2439,10360.1
2023-07-29 19:00:00,0.2438,0.2452,0.2436,0.2452,78667.9
2023-07-29 19:30:00,0.2452,0.2454,0.245,0.2452,37439.2
2023-07-29 20:00:00,0.2452,0.2455,0.2446,0.2446,71914.9
2023-07-29 20:30:00,0.2446,0.2446,0.2434,0.2434,231284.9
2023-07-29 21:00:00,0.2434,0.2438,0.2432,0.2432,16955.3
2023-07-29 21:30:00,0.2434,0.2436,0.2426,0.2432,55285.2
2023-07-29 22:00:00,0.2433,0.2436,0.2433,0.2433,45573.8
2023-07-29 22:30:00,0.2434,0.2439,0.2434,0.2439,24561.2
2023-07-29 23:00:00,0.2439,0.2446,0.2439,0.2442,22902.4
2023-07-29 23:30:00,0.2442,0.2451,0.2442,0.2445,26824.8
2023-07-30 00:00:00,0.2446,0.2447,0.2437,0.2441,15017.0
2023-07-30 00:30:00,0.2441,0.2452,0.2438,0.2452,34937.4
2023-07-30 01:00:00,0.2452,0.2454,0.2449,0.2451,8576.0
2023-07-30 01:30:00,0.2449,0.2453,0.2445,0.245,8110.2
2023-07-30 02:00:00,0.2451,0.2453,0.2449,0.2451,6846.3
2023-07-30 02:30:00,0.2451,0.2459,0.2451,0.2459,7738.9
2023-07-30 03:00:00,0.2458,0.2458,0.2452,0.2454,15958.5
2023-07-30 03:30:00,0.2455,0.2456,0.245,0.2455,17347.4
2023-07-30 04:00:00,0.2455,0.2458,0.2451,0.2453,13765.8
2023-07-30 04:30:00,0.2451,0.2454,0.2451,0.2451,7773.7
2023-07-30 05:00:00,0.2453,0.2453,0.2448,0.2448,7527.5
2023-07-30 05:30:00,0.2447,0.2447,0.2446,0.2447,20262.7
2023-07-30 06:00:00,0.2449,0.245,0.2446,0.2446,9054.2
2023-07-30 06:30:00,0.2446,0.2446,0.2436,0.2437,46943.4
2023-07-30 07:00:00,0.2436,0.2437,0.2431,0.2431,27229.2
2023-07-30 07:30:00,0.2431,0.244,0.2431,0.244,23045.0
2023-07-30 08:00:00,0.2438,0.2442,0.2438,0.2441,22647.9
2023-07-30 08:30:00,0.2445,0.2452,0.2445,0.2452,38770.7
2023-07-30 09:00:00,0.2449,0.2452,0.2434,0.2436,90338.0
2023-07-30 09:30:00,0.2435,0.2443,0.2435,0.2443,4912.4
2023-07-30 10:00:00,0.2443,0.2444,0.2433,0.2437,32131.7
2023-07-30 10:30:00,0.2436,0.2436,0.2431,0.2432,20072.5
2023-07-30 11:00:00,0.2434,0.2436,0.2416,0.2418,120580.6
2023-07-30 11:30:00,0.2417,0.2428,0.2417,0.2426,25884.8
2023-07-30 12:00:00,0.2424,0.243,0.2424,0.243,3316.2
2023-07-30 12:30:00,0.2429,0.2431,0.2427,0.243,26270.9
2023-07-30 13:00:00,0.243,0.2437,0.243,0.2433,66261.4
2023-07-30 13:30:00,0.2432,0.2432,0.2419,0.2423,62575.5
2023-07-30 14:00:00,0.2423,0.2428,0.2419,0.2425,82522.9
2023-07-30 14:30:00,0.2426,0.2435,0.2424,0.2434,89211.0
2023-07-30 15:00:00,0.2434,0.2443,0.2429,0.2434,63716.0
2023-07-30 15:30:00,0.2434,0.2443,0.2422,0.2424,46064.5
2023-07-30 16:00:00,0.2427,0.2433,0.2426,0.2433,40782.7
2023-07-30 16:30:00,0.2431,0.2434,0.2426,0.2432,39642.7
2023-07-30 17:00:00,0.2432,0.2432,0.2426,0.2428,12521.7
2023-07-30 17:30:00,0.2428,0.2436,0.2427,0.2436,3500.8
2023-07-30 18:00:00,0.2437,0.2439,0.2432,0.2434,9081.9
2023-07-30 18:30:00,0.2434,0.2434,0.2432,0.2433,1746.8
2023-07-30 19:00:00,0.2433,0.2433,0.242,0.242,10706.0
2023-07-30 19:30:00,0.2422,0.2422,0.23,0.2366,656888.2
2023-07-30 20:00:00,0.2366,0.2367,0.2333,0.2356,186184.3
2023-07-30 20:30:00,0.2354,0.2377,0.2351,0.2376,51592.7
2023-07-30 21:00:00,0.2376,0.2377,0.237,0.237,12505.3
2023-07-30 21:30:00,0.2371,0.2377,0.2367,0.2371,35013.2
2023-07-30 22:00:00,0.2369,0.2372,0.2362,0.2362,30412.8
2023-07-30 22:30:00,0.2362,0.2368,0.2355,0.2359,33928.9
2023-07-30 23:00:00,0.236,0.2377,0.236,0.2377,27352.5
2023-07-30 23:30:00,0.2377,0.2384,0.2376,0.2381,92817.6
2023-07-31 00:00:00,0.2381,0.2381,0.2371,0.238,12807.6
2023-07-31 00:30:00,0.2381,0.2403,0.2381,0.2402,55209.1
2023-07-31 01:00:00,0.2403,0.2405,0.2386,0.2388,34279.6
2023-07-31 01:30:00,0.2389,0.239,0.238,0.2383,49267.2
2023-07-31 02:00:00,0.2385,0.2387,0.2376,0.2381,19139.6
2023-07-31 02:30:00,0.2384,0.2386,0.2381,0.2381,8154.5
2023-07-31 03:00:00,0.2383,0.2383,0.2377,0.2377,33928.1
2023-07-31 03:30:00,0.2376,0.2377,0.237,0.2375,15792.9
2023-07-31 04:00:00,0.2374,0.2374,0.2367,0.2368,39805.3
2023-07-31 04:30:00,0.2366,0.2369,0.2358,0.2367,25783.6
2023-07-31 05:00:00,0.2369,0.2374,0.2362,0.2369,40983.5
2023-07-31 05:30:00,0.237,0.2371,0.2365,0.2365,7523.6
2023-07-31 06:00:00,0.2366,0.2376,0.2365,0.2376,19772.2
2023-07-31 06:30:00,0.2376,0.2378,0.2371,0.2378,33511.0
2023-07-31 07:00:00,0.2379,0.2383,0.2378,0.2382,14618.9
2023-07-31 07:30:00,0.2381,0.2381,0.237,0.2372,19527.7
2023-07-31 08:00:00,0.237,0.2386,0.2369,0.2384,17237.4
2023-07-31 08:30:00,0.2384,0.2384,0.2378,0.238,9004.2
2023-07-31 09:00:00,0.238,0.238,0.2372,0.2374,30703.4
2023-07-31 09:30:00,0.2372,0.2374,0.2367,0.2372,26365.9
2023-07-31 10:00:00,0.2375,0.2377,0.237,0.2377,33032.7
2023-07-31 10:30:00,0.2377,0.2378,0.237,0.2373,10244.9
2023-07-31 11:00:00,0.2372,0.2388,0.2363,0.2383,454966.4
2023-07-31 11:30:00,0.2384,0.2391,0.238,0.238,155465.4
2023-07-31 12:00:00,0.2381,0.2381,0.2371,0.2374,25189.8
2023-07-31 12:30:00,0.2375,0.239,0.2375,0.2389,102746.8
2023-07-31 13:00:00,0.2389,0.2389,0.238,0.238,5653.2
2023-07-31 13:30:00,0.2379,0.2381,0.2358,0.2369,55327.6
2023-07-31 14:00:00,0.2371,0.2378,0.2369,0.2378,5880.5
2023-07-31 14:30:00,0.2379,0.238,0.2363,0.2367,35510.5
2023-07-31 15:00:00,0.2365,0.237,0.2361,0.2364,41983.8
2023-07-31 15:30:00,0.2364,0.2365,0.2336,0.234,466728.0
2023-07-31 16:00:00,0.2339,0.2347,0.2335,0.2339,418098.6
2023-07-31 16:30:00,0.2341,0.2342,0.2338,0.234,36380.0
2023-07-31 17:00:00,0.234,0.2341,0.2331,0.2333,102243.3
2023-07-31 17:30:00,0.2335,0.2345,0.2335,0.2338,40665.9
2023-07-31 18:00:00,0.2341,0.2346,0.2333,0.2338,42485.7
2023-07-31 18:30:00,0.234,0.2344,0.2335,0.2341,50513.4
2023-07-31 19:00:00,0.234,0.2342,0.2335,0.2342,59571.3
2023-07-31 19:30:00,0.2341,0.2352,0.231,0.2324,238383.8
2023-07-31 20:00:00,0.2322,0.2341,0.2313,0.2339,197707.2
2023-07-31 20:30:00,0.234,0.2344,0.2319,0.2331,19797.2
2023-07-31 21:00:00,0.2328,0.2349,0.2323,0.234,37111.4
2023-07-31 21:30:00,0.2335,0.2339,0.2332,0.2336,34441.6
2023-07-31 22:00:00,0.2334,0.2339,0.2328,0.2339,17244.2
2023-07-31 22:30:00,0.2337,0.2339,0.2332,0.2338,13018.4
2023-07-31 23:00:00,0.2341,0.2343,0.2339,0.2341,19752.2
2023-07-31 23:30:00,0.2341,0.2347,0.2341,0.2344,23079.1
2023-08-01 00:00:00,0.2341,0.2344,0.233,0.2343,33632.7
2023-08-01 00:30:00,0.2344,0.2347,0.2341,0.2347,22250.1
2023-08-01 01:00:00,0.2347,0.2351,0.2323,0.2325,46356.8
2023-08-01 01:30:00,0.2325,0.2325,0.2306,0.2316,66773.3
2023-08-01 02:00:00,0.2313,0.2316,0.2167,0.2256,904464.7
2023-08-01 02:30:00,0.2255,0.2267,0.2246,0.2266,113807.0
2023-08-01 03:00:00,0.2264,0.2266,0.2253,0.2256,23501.1
2023-08-01 03:30:00,0.2256,0.2256,0.2247,0.225,48724.7
2023-08-01 04:00:00,0.2248,0.2256,0.2247,0.2249,27615.7
2023-08-01 04:30:00,0.2249,0.2259,0.2231,0.2233,379765.2
2023-08-01 05:00:00,0.2231,0.224,0.2231,0.224,25099.5
2023-08-01 05:30:00,0.2238,0.2249,0.2233,0.2248,65912.8
2023-08-01 06:00:00,0.2247,0.2257,0.2241,0.2256,40326.7
2023-08-01 06:30:00,0.2256,0.2265,0.2253,0.2262,41940.4
2023-08-01 07:00:00,0.226,0.2262,0.2251,0.2254,30332.9
2023-08-01 07:30:00,0.2254,0.226,0.2252,0.2256,83089.4
2023-08-01 08:00:00,0.2256,0.2267,0.2254,0.2264,23245.9
2023-08-01 08:30:00,0.2266,0.2285,0.2262,0.2284,133126.4
2023-08-01 09:00:00,0.2284,0.23,0.2278,0.2281,297262.5
2023-08-01 09:30:00,0.228,0.2285,0.228,0.2282,32556.1
2023-08-01 10:00:00,0.2282,0.2284,0.2281,0.2283,36281.6
2023-08-01 10:30:00,0.2282,0.23,0.2282,0.2298,308539.3
2023-08-01 11:00:00,0.2298,0.2334,0.2298,0.2314,630768.9
2023-08-01 11:30:00,0.231,0.2323,0.2304,0.2318,182155.2
2023-08-01 12:00:00,0.2319,0.2324,0.2314,0.2318,56132.0
2023-08-01 12:30:00,0.232,0.2335,0.232,0.2333,96455.1
2023-08-01 13:00:00,0.2332,0.2334,0.2328,0.2331,28720.3
2023-08-01 13:30:00,0.2331,0.2345,0.2329,0.2334,159506.7
2023-08-01 14:00:00,0.2336,0.2341,0.2328,0.2338,43325.3
2023-08-01 14:30:00,0.2336,0.2349,0.2329,0.2336,61777.7
2023-08-01 15:00:00,0.234,0.2346,0.2334,0.2339,14302.4
2023-08-01 15:30:00,0.2333,0.234,0.228,0.2334,901609.9
2023-08-01 16:00:00,0.2334,0.2345,0.2331,0.2336,36525.5
2023-08-01 16:30:00,0.2334,0.2335,0.2316,0.2324,56276.6
2023-08-01 17:00:00,0.2324,0.2341,0.2322,0.2334,68176.0
2023-08-01 17:30:00,0.2332,0.2334,0.2324,0.2325,9705.8
2023-08-01 18:00:00,0.2325,0.2339,0.2324,0.2328,81253.3
2023-08-01 18:30:00,0.2328,0.2335,0.2327,0.2333,32089.8
2023-08-01 19:00:00,0.2336,0.2342,0.2334,0.2337,17040.5
2023-08-01 19:30:00,0.2336,0.2336,0.2333,0.2335,12886.7
2023-08-01 20:00:00,0.2337,0.2339,0.233,0.2331,42425.7
2023-08-01 20:30:00,0.2331,0.2332,0.2327,0.2331,1665.9
2023-08-01 21:00:00,0.2333,0.2338,0.2333,0.2336,4069.8
2023-08-01 21:30:00,0.234,0.234,0.2328,0.2328,3408.2
2023-08-01 22:00:00,0.2328,0.2332,0.2327,0.2331,17676.0
2023-08-01 22:30:00,0.2333,0.2334,0.233,0.2332,4713.3
2023-08-01 23:00:00,0.2332,0.2353,0.2332,0.2353,27290.0
2023-08-01 23:30:00,0.2353,0.2369,0.2352,0.2366,19104.3
2023-08-02 00:00:00,0.2367,0.2379,0.2365,0.2366,48783.1
2023-08-02 00:30:00,0.2363,0.2365,0.2348,0.2348,81093.1
2023-08-02 01:00:00,0.2349,0.2364,0.2346,0.2362,44624.0
2023-08-02 01:30:00,0.2362,0.2366,0.2356,0.2356,15024.1
2023-08-02 02:00:00,0.2356,0.236,0.2355,0.2359,18665.2
2023-08-02 02:30:00,0.2359,0.2359,0.2355,0.2359,30465.4
2023-08-02 03:00:00,0.2359,0.2359,0.2343,0.235,207166.5
2023-08-02 03:30:00,0.2347,0.2347,0.2334,0.2337,15608.0
2023-08-02 04:00:00,0.2336,0.2338,0.2332,0.2337,33409.7
2023-08-02 04:30:00,0.2337,0.234,0.2335,0.2335,8000.9
2023-08-02 05:00:00,0.2334,0.2336,0.2325,0.2328,48213.9
2023-08-02 05:30:00,0.2328,0.2329,0.2322,0.2325,45367.3
2023-08-02 06:00:00,0.2324,0.2329,0.2324,0.2328,5993.5
2023-08-02 06:30:00,0.2328,0.2328,0.2318,0.2319,78642.3
2023-08-02 07:00:00,0.2319,0.2333,0.2318,0.2331,21719.3
2023-08-02 07:30:00,0.2331,0.2331,0.2321,0.2321,11332.3
2023-08-02 08:00:00,0.2317,0.2318,0.2306,0.2317,56978.5
2023-08-02 08:30:00,0.2315,0.2326,0.2314,0.2324,36254.5
2023-08-02 09:00:00,0.2325,0.2326,0.2321,0.2325,10862.2
2023-08-02 09:30:00,0.2324,0.2324,0.2316,0.2317,115939.5
2023-08-02 10:00:00,0.2317,0.232,0.2317,0.2318,15196.8
2023-08-02 10:30:00,0.2319,0.2328,0.2319,0.2328,46452.6
2023-08-02 11:00:00,0.2329,0.2329,0.2323,0.2323,4065.4
2023-08-02 11:30:00,0.2326,0.2328,0.2325,0.2326,4952.1
2023-08-02 12:00:00,0.2327,0.2329,0.2317,0.2318,21025.9
2023-08-02 12:30:00,0.2319,0.2319,0.2304,0.2307,60620.2
2023-08-02 13:00:00,0.2307,0.2307,0.2299,0.2302,54439.6
2023-08-02 13:30:00,0.23,0.2308,0.2295,0.2302,53373.7
2023-08-02 14:00:00,0.23,0.2307,0.2295,0.2296,43704.2
2023-08-02 14:30:00,0.2296,0.2297,0.2272,0.2274,131259.2
2023-08-02 15:00:00,0.2272,0.2285,0.2268,0.228,62520.1
2023-08-02 15:30:00,0.228,0.2285,0.2278,0.2282,10588.1
2023-08-02 16:00:00,0.2284,0.2292,0.2278,0.2282,22672.5
2023-08-02 16:30:00,0.2286,0.229,0.2247,0.2261,291361.2
2023-08-02 17:00:00,0.2258,0.2272,0.2258,0.227,53707.7
2023-08-02 17:30:00,0.2272,0.2277,0.2268,0.227,25434.7
2023-08-02 18:00:00,0.2272,0.2286,0.2272,0.2279,38717.3
2023-08-02 18:30:00,0.2278,0.2278,0.2266,0.227,15352.1
2023-08-02 19:00:00,0.2271,0.2276,0.227,0.2276,10111.9
2023-08-02 19:30:00,0.2277,0.2281,0.2274,0.2277,35990.7
2023-08-02 20:00:00,0.2275,0.2277,0.2272,0.2277,11164.7
2023-08-02 20:30:00,0.2278,0.2279,0.2276,0.2276,4917.8
2023-08-02 21:00:00,0.2276,0.2278,0.2266,0.2274,17092.2
2023-08-02 21:30:00,0.2274,0.2279,0.2274,0.2279,16016.2
2023-08-02 22:00:00,0.228,0.2287,0.2278,0.2284,11265.8
2023-08-02 22:30:00,0.2281,0.2281,0.2277,0.2277,4450.2
2023-08-02 23:00:00,0.2274,0.2276,0.227,0.227,8952.0
2023-08-02 23:30:00,0.2269,0.2271,0.2265,0.2271,12764.2
2023-08-03 00:00:00,0.2266,0.2271,0.225,0.2269,168466.7
2023-08-03 00:30:00,0.2269,0.2274,0.2263,0.2264,53756.2
2023-08-03 01:00:00,0.2264,0.2273,0.2264,0.227,34504.7
2023-08-03 01:30:00,0.2271,0.2279,0.225,0.2268,259221.1
2023-08-03 02:00:00,0.2268,0.227,0.2257,0.2257,52162.4
2023-08-03 02:30:00,0.2257,0.2258,0.2237,0.2249,263842.9
2023-08-03 03:00:00,0.2249,0.2253,0.2247,0.2251,14704.2
2023-08-03 03:30:00,0.2253,0.2253,0.2252,0.2252,3427.4
2023-08-03 04:00:00,0.2253,0.2256,0.2241,0.2245,28505.8
2023-08-03 04:30:00,0.2242,0.2246,0.2231,0.2244,150990.4
2023-08-03 05:00:00,0.2244,0.2244,0.2236,0.2238,20342.4
2023-08-03 05:30:00,0.2237,0.2244,0.2237,0.2244,23180.5
2023-08-03 06:00:00,0.2245,0.2245,0.2239,0.224,23742.1
2023-08-03 06:30:00,0.2238,0.2238,0.2202,0.2223,380427.7
2023-08-03 07:00:00,0.2221,0.2227,0.2217,0.222,45924.3
2023-08-03 07:30:00,0.222,0.2229,0.222,0.2227,44475.5
2023-08-03 08:00:00,0.2227,0.2231,0.2215,0.2224,61504.6
2023-08-03 08:30:00,0.2224,0.2232,0.2224,0.2232,17050.2
2023-08-03 09:00:00,0.2231,0.2239,0.2226,0.2233,138924.9
2023-08-03 09:30:00,0.2235,0.2239,0.2235,0.2239,32883.2
2023-08-03 10:00:00,0.2238,0.2239,0.2234,0.2239,20123.5
2023-08-03 10:30:00,0.224,0.2244,0.2239,0.2244,22325.3
2023-08-03 11:00:00,0.2241,0.2241,0.2235,0.2237,25909.4
2023-08-03 11:30:00,0.2238,0.2243,0.2234,0.2242,46736.4
2023-08-03 12:00:00,0.224,0.2245,0.223,0.2231,54042.9
2023-08-03 12:30:00,0.2231,0.2234,0.2227,0.2234,17127.0
2023-08-03 13:00:00,0.2235,0.2245,0.2235,0.2241,20109.3
2023-08-03 13:30:00,0.224,0.2249,0.2235,0.2246,17736.5
2023-08-03 14:00:00,0.2249,0.2249,0.2241,0.2244,5283.1
2023-08-03 14:30:00,0.2245,0.2262,0.2245,0.2262,41805.3
2023-08-03 15:00:00,0.2262,0.2263,0.2246,0.2246,18831.2
2023-08-03 15:30:00,0.2251,0.2256,0.2248,0.2248,16014.2
2023-08-03 16:00:00,0.2249,0.2254,0.2245,0.2253,22225.7
2023-08-03 16:30:00,0.2254,0.226,0.225,0.2256,26297.4
2023-08-03 17:00:00,0.2258,0.2266,0.2257,0.2262,39650.8
2023-08-03 17:30:00,0.2262,0.2262,0.2245,0.2247,133264.0
2023-08-03 18:00:00,0.2246,0.2246,0.2238,0.2242,35357.8
2023-08-03 18:30:00,0.2242,0.2247,0.2241,0.2247,8855.8
2023-08-03 19:00:00,0.2248,0.2248,0.2243,0.2244,11313.6
2023-08-03 19:30:00,0.2244,0.2252,0.2244,0.2251,18392.5
2023-08-03 20:00:00,0.2251,0.2259,0.2251,0.2259,15830.3
2023-08-03 20:30:00,0.2259,0.2261,0.2244,0.2245,45919.6
2023-08-03 21:00:00,0.2244,0.2249,0.2244,0.2245,3707.4
2023-08-03 21:30:00,0.2248,0.2252,0.2241,0.2242,23658.2
2023-08-03 22:00:00,0.2244,0.2244,0.2222,0.2235,57115.6
2023-08-03 22:30:00,0.2232,0.2246,0.2232,0.2246,5528.0
2023-08-03 23:00:00,0.2246,0.2248,0.2242,0.2247,12856.2
2023-08-03 23:30:00,0.2249,0.225,0.2241,0.2241,4547.9
2023-08-04 00:00:00,0.224,0.2249,0.2234,0.2246,29742.1
2023-08-04 00:30:00,0.224,0.2248,0.224,0.2247,7832.6
2023-08-04 01:00:00,0.2249,0.2252,0.2245,0.2246,8732.2
2023-08-04 01:30:00,0.2249,0.225,0.2247,0.2247,9256.1
2023-08-04 02:00:00,0.2249,0.2249,0.2236,0.2239,15844.2
2023-08-04 02:30:00,0.224,0.2245,0.224,0.2244,1640.7
2023-08-04 03:00:00,0.2246,0.225,0.2239,0.2245,119001.2
2023-08-04 03:30:00,0.2241,0.2241,0.2233,0.2235,14529.9
2023-08-04 04:00:00,0.2233,0.2234,0.2224,0.2227,24498.5
2023-08-04 04:30:00,0.2226,0.2233,0.2222,0.2224,54221.7
2023-08-04 05:00:00,0.2222,0.2225,0.2218,0.2225,37534.7
2023-08-04 05:30:00,0.2224,0.2232,0.2221,0.2226,57592.3
2023-08-04 06:00:00,0.2229,0.223,0.2221,0.2222,30317.7
2023-08-04 06:30:00,0.2221,0.2223,0.2209,0.2212,89407.0
2023-08-04 07:00:00,0.2212,0.2216,0.2206,0.2213,52151.1
2023-08-04 07:30:00,0.2214,0.2224,0.2212,0.222,126637.3
2023-08-04 08:00:00,0.2216,0.2225,0.2216,0.2221,37475.2
2023-08-04 08:30:00,0.2222,0.2222,0.2205,0.2206,116001.0
2023-08-04 09:00:00,0.2206,0.2212,0.2202,0.2211,39625.6
2023-08-04 09:30:00,0.2212,0.2213,0.2205,0.2209,24084.0
2023-08-04 10:00:00,0.2209,0.2212,0.2206,0.2211,16615.3
2023-08-04 10:30:00,0.221,0.221,0.2199,0.2204,43897.9
2023-08-04 11:00:00,0.2202,0.2208,0.22,0.2205,25610.6
2023-08-04 11:30:00,0.2206,0.2208,0.2203,0.2203,30683.0
2023-08-04 12:00:00,0.2202,0.2208,0.2197,0.2207,52228.7
2023-08-04 12:30:00,0.2209,0.2226,0.2208,0.2225,100339.1
2023-08-04 13:00:00,0.2226,0.2236,0.2222,0.2223,82482.0
2023-08-04 13:30:00,0.2222,0.2239,0.2221,0.2225,53117.7
2023-08-04 14:00:00,0.2224,0.2235,0.2218,0.2233,103350.2
2023-08-04 14:30:00,0.2233,0.224,0.223,0.224,30529.4
2023-08-04 15:00:00,0.224,0.2241,0.2235,0.2235,51458.7
2023-08-04 15:30:00,0.2237,0.2246,0.2234,0.2237,30167.6
2023-08-04 16:00:00,0.2238,0.2244,0.2235,0.2244,20496.9
2023-08-04 16:30:00,0.2244,0.2249,0.2241,0.2249,15865.1
2023-08-04 17:00:00,0.2247,0.2247,0.2234,0.2234,20098.1
2023-08-04 17:30:00,0.2234,0.2234,0.223,0.2231,10072.0
2023-08-04 18:00:00,0.223,0.223,0.2212,0.222,64574.4
2023-08-04 18:30:00,0.2222,0.2222,0.2206,0.2215,42990.9
2023-08-04 19:00:00,0.2215,0.2222,0.2214,0.2219,13209.1
2023-08-04 19:30:00,0.2222,0.2225,0.2218,0.2218,9683.4
2023-08-04 20:00:00,0.2217,0.2226,0.2217,0.2225,8473.4
2023-08-04 20:30:00,0.2226,0.2226,0.2202,0.2213,64243.2
2023-08-04 21:00:00,0.2214,0.2232,0.2214,0.223,19964.3
2023-08-04 21:30:00,0.2231,0.2232,0.2227,0.2228,3063.8
2023-08-04 22:00:00,0.2228,0.2237,0.2226,0.2237,34235.4
2023-08-04 22:30:00,0.2235,0.2235,0.2223,0.2223,33881.0
2023-08-04 23:00:00,0.2225,0.2231,0.2225,0.2225,10010.3
2023-08-04 23:30:00,0.2231,0.2235,0.223,0.223,11981.1
2023-08-05 00:00:00,0.2227,0.2227,0.2219,0.2225,14734.3
2023-08-05 00:30:00,0.2226,0.2229,0.2223,0.2225,62831.6
2023-08-05 01:00:00,0.2227,0.2239,0.2225,0.2227,136247.8
2023-08-05 01:30:00,0.2225,0.2225,0.2203,0.2205,85572.0
2023-08-05 02:00:00,0.2204,0.2212,0.2201,0.221,53749.5
2023-08-05 02:30:00,0.221,0.2214,0.2209,0.2209,5346.4
2023-08-05 03:00:00,0.2208,0.2215,0.2205,0.2215,71039.9
2023-08-05 03:30:00,0.2214,0.2214,0.2206,0.221,14575.9
2023-08-05 04:00:00,0.221,0.2212,0.2209,0.2209,12701.6
2023-08-05 04:30:00,0.2209,0.2209,0.2189,0.2196,84503.2
2023-08-05 05:00:00,0.2194,0.2205,0.2192,0.2203,59195.1
2023-08-05 05:30:00,0.2204,0.221,0.2204,0.221,21792.3
2023-08-05 06:00:00,0.221,0.2215,0.2208,0.2215,12999.0
2023-08-05 06:30:00,0.2213,0.2217,0.2211,0.2211,7367.9
2023-08-05 07:00:00,0.2208,0.2211,0.2206,0.2206,3498.8
2023-08-05 07:30:00,0.2211,0.2216,0.2211,0.2213,14265.4
2023-08-05 08:00:00,0.2212,0.2215,0.2206,0.2209,24229.1
2023-08-05 08:30:00,0.2211,0.2215,0.221,0.2214,5861.4
2023-08-05 09:00:00,0.2215,0.2218,0.2212,0.2212,36085.1
2023-08-05 09:30:00,0.2212,0.2215,0.2206,0.2209,25628.8
2023-08-05 10:00:00,0.2213,0.2214,0.2212,0.2213,10215.6
2023-08-05 10:30:00,0.221,0.2214,0.2205,0.2213,4595.5
2023-08-05 11:00:00,0.2214,0.2226,0.2214,0.222,39946.6
2023-08-05 11:30:00,0.2219,0.2223,0.2217,0.2218,34907.7
2023-08-05 12:00:00,0.2217,0.222,0.2215,0.2219,18003.7
2023-08-05 12:30:00,0.2219,0.222,0.221,0.2213,30012.8
2023-08-05 13:00:00,0.2215,0.2218,0.2215,0.2218,9224.8
2023-08-05 13:30:00,0.2218,0.2219,0.2211,0.2218,20721.4
2023-08-05 14:00:00,0.2218,0.2233,0.2217,0.2232,80763.3
2023-08-05 14:30:00,0.2232,0.2253,0.2225,0.2245,216155.0
2023-08-05 15:00:00,0.2245,0.2245,0.2218,0.2218,150922.1
2023-08-05 15:30:00,0.2219,0.223,0.2212,0.2229,66932.4
2023-08-05 16:00:00,0.2229,0.2244,0.2229,0.2236,111107.8
2023-08-05 16:30:00,0.2237,0.2249,0.2233,0.2248,56747.9
2023-08-05 17:00:00,0.2249,0.2273,0.2243,0.2268,476808.1
2023-08-05 17:30:00,0.2268,0.2331,0.2246,0.2264,1545461.1
2023-08-05 18:00:00,0.2263,0.232,0.2256,0.2302,762717.2
2023-08-05 18:30:00,0.2302,0.2336,0.2296,0.2334,649868.3
2023-08-05 19:00:00,0.2334,0.2338,0.2286,0.2322,577257.2
2023-08-05 19:30:00,0.2322,0.2322,0.2299,0.2309,294726.4
2023-08-05 20:00:00,0.2307,0.2317,0.2296,0.231,156856.5
2023-08-05 20:30:00,0.231,0.2313,0.2275,0.2289,146602.9
2023-08-05 21:00:00,0.229,0.2308,0.229,0.2298,90795.1
2023-08-05 21:30:00,0.23,0.2311,0.2295,0.2308,115697.2
2023-08-05 22:00:00,0.2305,0.2325,0.2302,0.2317,249291.0
2023-08-05 22:30:00,0.2319,0.235,0.2318,0.2336,303036.3
2023-08-05 23:00:00,0.2338,0.2365,0.2325,0.2358,422624.1
2023-08-05 23:30:00,0.2358,0.2381,0.2347,0.2371,469682.3
2023-08-06 00:00:00,0.237,0.2436,0.2353,0.2425,1432897.7
2023-08-06 00:30:00,0.2423,0.2457,0.2389,0.2397,889224.9
2023-08-06 01:00:00,0.2399,0.2415,0.2378,0.2381,328982.8
2023-08-06 01:30:00,0.238,0.2383,0.2362,0.2364,189125.9
2023-08-06 02:00:00,0.2365,0.2503,0.2365,0.2495,1356829.5
2023-08-06 02:30:00,0.2494,0.2494,0.2434,0.2435,985875.5
2023-08-06 03:00:00,0.2435,0.2453,0.2416,0.2441,304378.5
2023-08-06 03:30:00,0.244,0.244,0.2412,0.2421,307201.0
2023-08-06 04:00:00,0.2421,0.2431,0.239,0.2392,420115.5
2023-08-06 04:30:00,0.2391,0.2404,0.2387,0.2404,315067.0
2023-08-06 05:00:00,0.2406,0.2406,0.2394,0.2397,108545.5
2023-08-06 05:30:00,0.2399,0.2417,0.2399,0.2417,88000.5
2023-08-06 06:00:00,0.2417,0.2423,0.239,0.239,216001.9
2023-08-06 06:30:00,0.239,0.2396,0.2375,0.2395,431720.5
2023-08-06 07:00:00,0.2396,0.2414,0.2394,0.2412,116617.1
2023-08-06 07:30:00,0.2413,0.2416,0.2386,0.239,190040.4
2023-08-06 08:00:00,0.2388,0.2412,0.2388,0.2412,199136.5
2023-08-06 08:30:00,0.2413,0.2416,0.2398,0.2402,117005.4
2023-08-06 09:00:00,0.2401,0.2408,0.2379,0.2382,347046.6
2023-08-06 09:30:00,0.2382,0.2386,0.2364,0.2382,289904.8
2023-08-06 10:00:00,0.2381,0.2403,0.2381,0.2395,340882.6
2023-08-06 10:30:00,0.2394,0.2404,0.2386,0.2395,273429.0
2023-08-06 11:00:00,0.2394,0.2419,0.2394,0.24,352307.6
2023-08-06 11:30:00,0.2401,0.2402,0.2391,0.2398,139159.1
2023-08-06 12:00:00,0.24,0.2416,0.239,0.2392,323516.0
2023-08-06 12:30:00,0.2393,0.2395,0.2381,0.2388,212706.7
2023-08-06 13:00:00,0.2388,0.2406,0.2381,0.2388,345128.8
2023-08-06 13:30:00,0.2387,0.2414,0.2387,0.2413,261020.6
2023-08-06 14:00:00,0.2413,0.2482,0.2405,0.2435,2133537.1
2023-08-06 14:30:00,0.2435,0.2459,0.2399,0.2401,706492.5
2023-08-06 15:00:00,0.2406,0.2419,0.2393,0.2398,317292.7
2023-08-06 15:30:00,0.2396,0.2416,0.2383,0.2415,751576.6
2023-08-06 16:00:00,0.2416,0.2426,0.238,0.238,589306.6
2023-08-06 16:30:00,0.2382,0.24,0.2377,0.2394,199045.4
2023-08-06 17:00:00,0.2393,0.2393,0.2381,0.2383,74583.4
2023-08-06 17:30:00,0.2383,0.2387,0.237,0.2377,428345.0
2023-08-06 18:00:00,0.2377,0.2384,0.2369,0.2373,227635.6
2023-08-06 18:30:00,0.2373,0.2374,0.2365,0.2366,40039.0
2023-08-06 19:00:00,0.2367,0.2372,0.2366,0.2366,32753.3
2023-08-06 19:30:00,0.2366,0.2375,0.2365,0.2372,62287.6
2023-08-06 20:00:00,0.2374,0.2376,0.2366,0.2368,70463.8
2023-08-06 20:30:00,0.2367,0.2382,0.2366,0.2375,99145.8
2023-08-06 21:00:00,0.2377,0.2389,0.2377,0.2381,53754.5
2023-08-06 21:30:00,0.238,0.2381,0.2358,0.2363,228130.6
2023-08-06 22:00:00,0.2366,0.2381,0.2365,0.2381,102148.7
2023-08-06 22:30:00,0.238,0.2381,0.2366,0.2369,32336.2
2023-08-06 23:00:00,0.2369,0.2373,0.2364,0.2367,54622.1
2023-08-06 23:30:00,0.2367,0.2369,0.2364,0.2368,71127.6
2023-08-07 00:00:00,0.237,0.2384,0.2368,0.2374,118668.7
2023-08-07 00:30:00,0.2372,0.2376,0.2356,0.2375,128616.7
2023-08-07 01:00:00,0.2376,0.242,0.2376,0.2419,151628.3
2023-08-07 01:30:00,0.2419,0.2431,0.2415,0.2419,306104.3
2023-08-07 02:00:00,0.2423,0.243,0.2419,0.2425,46704.9
2023-08-07 02:30:00,0.2426,0.2436,0.2426,0.2434,64424.0
2023-08-07 03:00:00,0.2436,0.2438,0.2418,0.2418,36661.3
2023-08-07 03:30:00,0.2419,0.2423,0.2413,0.2423,46098.4
2023-08-07 04:00:00,0.2423,0.2444,0.242,0.2442,71352.6
2023-08-07 04:30:00,0.2442,0.2469,0.2436,0.2457,234162.6
2023-08-07 05:00:00,0.2456,0.2456,0.244,0.2443,83506.2
2023-08-07 05:30:00,0.2445,0.2475,0.2445,0.2462,115293.7
2023-08-07 06:00:00,0.2465,0.2465,0.2429,0.2429,296733.9
2023-08-07 06:30:00,0.2429,0.2444,0.2427,0.2436,187262.7
2023-08-07 07:00:00,0.2442,0.2472,0.2442,0.2463,126886.3
2023-08-07 07:30:00,0.2461,0.2482,0.2461,0.2479,213838.7
2023-08-07 08:00:00,0.2479,0.2479,0.2448,0.2448,134156.6
2023-08-07 08:30:00,0.2447,0.2479,0.2443,0.2478,195211.6
2023-08-07 09:00:00,0.2474,0.2474,0.2455,0.2466,163514.1
2023-08-07 09:30:00,0.2469,0.2488,0.2468,0.2476,178716.7
2023-08-07 10:00:00,0.2476,0.2478,0.2455,0.2456,109756.7
2023-08-07 10:30:00,0.2455,0.2479,0.2448,0.2476,185639.7
2023-08-07 11:00:00,0.2476,0.2491,0.2474,0.248,200799.8
2023-08-07 11:30:00,0.2482,0.2493,0.247,0.2483,172297.5
2023-08-07 12:00:00,0.248,0.2483,0.2444,0.2444,379987.6
2023-08-07 12:30:00,0.2445,0.2559,0.2445,0.252,1502760.4
2023-08-07 13:00:00,0.2524,0.2524,0.2472,0.2474,588884.0
2023-08-07 13:30:00,0.247,0.2481,0.2431,0.2431,569631.0
2023-08-07 14:00:00,0.2431,0.2442,0.2409,0.2415,442296.7
2023-08-07 14:30:00,0.2414,0.2433,0.241,0.2423,114492.3
2023-08-07 15:00:00,0.2423,0.2424,0.24,0.2408,268016.2
2023-08-07 15:30:00,0.2407,0.2409,0.2379,0.2381,217947.6
2023-08-07 16:00:00,0.2381,0.2399,0.2354,0.2399,267532.9
2023-08-07 16:30:00,0.2398,0.24,0.2375,0.2389,138254.3
2023-08-07 17:00:00,0.2388,0.2408,0.2387,0.2402,81332.9
2023-08-07 17:30:00,0.2402,0.2421,0.239,0.2421,73941.8
2023-08-07 18:00:00,0.2418,0.2493,0.2415,0.2444,750528.3
2023-08-07 18:30:00,0.2443,0.2446,0.242,0.242,393871.4
2023-08-07 19:00:00,0.2423,0.2427,0.2417,0.2421,58478.1
2023-08-07 19:30:00,0.2421,0.2435,0.242,0.2433,65483.5
2023-08-07 20:00:00,0.2433,0.2437,0.2425,0.2436,28897.4
2023-08-07 20:30:00,0.2436,0.2439,0.2433,0.2439,35653.0
2023-08-07 21:00:00,0.2439,0.2446,0.2433,0.2445,45582.0
2023-08-07 21:30:00,0.2445,0.2445,0.243,0.2437,16514.3
2023-08-07 22:00:00,0.2437,0.2444,0.2434,0.2434,54284.1
2023-08-07 22:30:00,0.2434,0.2444,0.243,0.2443,53911.8
2023-08-07 23:00:00,0.2443,0.2458,0.2443,0.2451,145754.0
2023-08-07 23:30:00,0.2451,0.2453,0.2444,0.2449,117234.7
2023-08-08 00:00:00,0.2447,0.2447,0.2422,0.2427,77094.8
2023-08-08 00:30:00,0.2426,0.2438,0.2422,0.2437,50939.2
2023-08-08 01:00:00,0.2437,0.2437,0.2417,0.2417,58165.9
2023-08-08 01:30:00,0.2416,0.2419,0.2407,0.2411,60533.1
2023-08-08 02:00:00,0.2409,0.2415,0.2395,0.2412,144404.1
2023-08-08 02:30:00,0.2415,0.242,0.2409,0.2411,48983.3
2023-08-08 03:00:00,0.2412,0.242,0.2411,0.2412,26056.3
2023-08-08 03:30:00,0.2414,0.2445,0.2414,0.2445,72182.1
2023-08-08 04:00:00,0.2443,0.2444,0.2425,0.2427,69817.2
2023-08-08 04:30:00,0.2427,0.2448,0.2425,0.2447,118473.7
2023-08-08 05:00:00,0.2446,0.2446,0.2435,0.2444,42479.1
2023-08-08 05:30:00,0.2443,0.2475,0.2443,0.2469,210073.8
2023-08-08 06:00:00,0.2472,0.2495,0.2456,0.2477,409712.5
2023-08-08 06:30:00,0.248,0.2493,0.2459,0.2464,473763.8
2023-08-08 07:00:00,0.2462,0.2462,0.2448,0.2454,86060.9
2023-08-08 07:30:00,0.245,0.2452,0.2438,0.2442,75468.3
2023-08-08 08:00:00,0.2442,0.2442,0.2431,0.2431,140222.3
2023-08-08 08:30:00,0.2432,0.2433,0.2423,0.2425,149285.6
2023-08-08 09:00:00,0.2424,0.2429,0.2423,0.2424,38472.3
2023-08-08 09:30:00,0.2425,0.2429,0.242,0.2426,242277.5
2023-08-08 10:00:00,0.2426,0.2468,0.2423,0.2446,272008.6
2023-08-08 10:30:00,0.2446,0.2459,0.2444,0.2454,45867.1
2023-08-08 11:00:00,0.2456,0.2458,0.2444,0.2456,93233.0
2023-08-08 11:30:00,0.2455,0.2471,0.2453,0.2463,98831.5
2023-08-08 12:00:00,0.2464,0.2469,0.246,0.2466,110218.6
2023-08-08 12:30:00,0.2461,0.2482,0.2456,0.2482,176121.2
2023-08-08 13:00:00,0.2481,0.2488,0.2469,0.2471,136846.7
2023-08-08 13:30:00,0.2471,0.2471,0.245,0.2453,141641.1
2023-08-08 14:00:00,0.2454,0.2466,0.2453,0.2466,25645.9
2023-08-08 14:30:00,0.2469,0.2489,0.2469,0.2488,240143.8
2023-08-08 15:00:00,0.2488,0.2498,0.2447,0.2461,262294.4
2023-08-08 15:30:00,0.2464,0.2464,0.2457,0.2459,54930.5
2023-08-08 16:00:00,0.2458,0.2462,0.2448,0.245,106605.5
2023-08-08 16:30:00,0.245,0.2473,0.245,0.2469,101478.4
2023-08-08 17:00:00,0.247,0.2472,0.2459,0.2465,45053.9
2023-08-08 17:30:00,0.2462,0.2462,0.2452,0.2456,33751.4
2023-08-08 18:00:00,0.2456,0.2471,0.2449,0.2462,107983.6
2023-08-08 18:30:00,0.2462,0.2465,0.2442,0.2443,271608.5
2023-08-08 19:00:00,0.2445,0.2458,0.2443,0.2443,29810.0
2023-08-08 19:30:00,0.2444,0.2447,0.244,0.244,91932.0
2023-08-08 20:00:00,0.244,0.2446,0.2436,0.2446,71500.5
2023-08-08 20:30:00,0.245,0.2454,0.2449,0.2453,14368.5
2023-08-08 21:00:00,0.2454,0.2462,0.2449,0.2451,68581.5
2023-08-08 21:30:00,0.2449,0.2453,0.2433,0.2436,242934.2
2023-08-08 22:00:00,0.2437,0.2442,0.2427,0.2435,83554.8
2023-08-08 22:30:00,0.2436,0.2439,0.2427,0.2432,51666.9
2023-08-08 23:00:00,0.2431,0.2434,0.2431,0.2434,4491.7
2023-08-08 23:30:00,0.2433,0.2434,0.2424,0.2431,16566.5
2023-08-09 00:00:00,0.2428,0.2433,0.2426,0.2426,68291.3
2023-08-09 00:30:00,0.2429,0.2431,0.2415,0.242,121657.7
2023-08-09 01:00:00,0.2422,0.2429,0.2413,0.2426,52859.8
2023-08-09 01:30:00,0.243,0.243,0.2424,0.2426,3529.2
2023-08-09 02:00:00,0.2428,0.2428,0.2413,0.2415,22850.8
2023-08-09 02:30:00,0.2413,0.2418,0.2407,0.2414,29509.8
2023-08-09 03:00:00,0.2412,0.2431,0.2412,0.2427,42427.1
2023-08-09 03:30:00,0.2427,0.2431,0.2425,0.243,22651.2
2023-08-09 04:00:00,0.2428,0.2428,0.2419,0.2421,74135.4
2023-08-09 04:30:00,0.2421,0.2431,0.242,0.2425,86114.5
2023-08-09 05:00:00,0.2428,0.2432,0.2426,0.2428,14051.3
2023-08-09 05:30:00,0.2428,0.2434,0.2421,0.2426,93854.2
2023-08-09 06:00:00,0.2426,0.2426,0.2414,0.2416,89767.4
2023-08-09 06:30:00,0.2417,0.2426,0.2416,0.2426,44996.4
2023-08-09 07:00:00,0.2426,0.2439,0.2426,0.2439,79508.0
2023-08-09 07:30:00,0.2439,0.2455,0.2438,0.2438,111817.2
2023-08-09 08:00:00,0.2437,0.2444,0.2437,0.2438,21863.3
2023-08-09 08:30:00,0.2438,0.2438,0.2433,0.2433,18950.2
2023-08-09 09:00:00,0.2435,0.2435,0.2428,0.2433,20225.3
2023-08-09 09:30:00,0.243,0.2434,0.2429,0.243,44349.8
2023-08-09 10:00:00,0.2429,0.2443,0.2425,0.2432,284310.0
2023-08-09 10:30:00,0.2434,0.2447,0.2425,0.2437,129187.6
2023-08-09 11:00:00,0.2437,0.2442,0.2434,0.2436,87246.3
2023-08-09 11:30:00,0.2433,0.2434,0.2426,0.2427,41230.2
2023-08-09 12:00:00,0.2428,0.2432,0.2421,0.2422,36877.7
2023-08-09 12:30:00,0.2422,0.244,0.2422,0.2438,101243.0
2023-08-09 13:00:00,0.2438,0.2443,0.2425,0.2425,88740.5
2023-08-09 13:30:00,0.2425,0.2434,0.2422,0.2427,93356.9
2023-08-09 14:00:00,0.2428,0.2438,0.2425,0.2438,36083.8
2023-08-09 14:30:00,0.2438,0.2444,0.2424,0.2424,30672.3
2023-08-09 15:00:00,0.2422,0.243,0.2418,0.2426,18741.4
2023-08-09 15:30:00,0.2426,0.2426,0.2411,0.2416,90820.9
2023-08-09 16:00:00,0.2417,0.2419,0.2412,0.2412,26750.4
2023-08-09 16:30:00,0.2412,0.2416,0.2405,0.2406,74070.8
2023-08-09 17:00:00,0.2406,0.2411,0.2402,0.2403,42868.6
2023-08-09 17:30:00,0.2404,0.2404,0.2397,0.2398,94680.1
2023-08-09 18:00:00,0.2397,0.2412,0.2394,0.2412,24258.4
2023-08-09 18:30:00,0.2412,0.2412,0.2408,0.2408,19763.7
2023-08-09 19:00:00,0.2411,0.2413,0.2405,0.2412,45698.2
2023-08-09 19:30:00,0.241,0.241,0.2396,0.24,54107.7
2023-08-09 20:00:00,0.24,0.2404,0.24,0.2404,7149.9
2023-08-09 20:30:00,0.2404,0.2413,0.2404,0.2411,28132.5
2023-08-09 21:00:00,0.2411,0.2411,0.2394,0.2407,31533.8
2023-08-09 21:30:00,0.2407,0.2409,0.2401,0.2408,12399.2
2023-08-09 22:00:00,0.2407,0.2415,0.2407,0.2412,8067.8
2023-08-09 22:30:00,0.2411,0.2422,0.2411,0.2418,14266.6
2023-08-09 23:00:00,0.2419,0.2429,0.2419,0.2428,28977.1
2023-08-09 23:30:00,0.2429,0.2432,0.2428,0.2431,30490.0
2023-08-10 00:00:00,0.243,0.2432,0.2426,0.2428,23985.3
2023-08-10 00:30:00,0.2428,0.2432,0.2422,0.2432,56906.2
2023-08-10 01:00:00,0.2432,0.2437,0.2429,0.2436,109565.2
2023-08-10 01:30:00,0.2434,0.2438,0.2432,0.2438,110860.0
2023-08-10 02:00:00,0.2439,0.2441,0.2436,0.2437,28972.8
2023-08-10 02:30:00,0.2438,0.2443,0.2432,0.2433,20630.1
2023-08-10 03:00:00,0.2431,0.2431,0.2427,0.2427,4233.8
2023-08-10 03:30:00,0.2427,0.2432,0.2427,0.2432,18737.0
2023-08-10 04:00:00,0.243,0.2436,0.243,0.2432,5762.7
2023-08-10 04:30:00,0.2431,0.2435,0.2431,0.2434,5879.9
2023-08-10 05:00:00,0.2433,0.2433,0.2421,0.2421,15933.3
2023-08-10 05:30:00,0.2421,0.2427,0.2419,0.2427,49951.3
2023-08-10 06:00:00,0.2427,0.243,0.2422,0.2422,14369.8
2023-08-10 06:30:00,0.2421,0.2422,0.2411,0.2413,42079.1
2023-08-10 07:00:00,0.2413,0.2425,0.2413,0.2425,30440.9
2023-08-10 07:30:00,0.2423,0.2426,0.2413,0.2417,59749.1
2023-08-10 08:00:00,0.2417,0.2424,0.2415,0.2418,37113.6
2023-08-10 08:30:00,0.2417,0.2429,0.2415,0.2428,28803.7
2023-08-10 09:00:00,0.2428,0.2431,0.2425,0.2429,20391.8
2023-08-10 09:30:00,0.2429,0.2459,0.2429,0.2458,182703.7
2023-08-10 10:00:00,0.2459,0.2461,0.2441,0.2441,130713.0
2023-08-10 10:30:00,0.2442,0.2455,0.2442,0.2455,60122.1
2023-08-10 11:00:00,0.2456,0.2456,0.2441,0.2444,58696.3
2023-08-10 11:30:00,0.2444,0.2444,0.2431,0.2435,77720.1
2023-08-10 12:00:00,0.2432,0.2448,0.2427,0.2443,80249.4
2023-08-10 12:30:00,0.2444,0.2478,0.2444,0.2468,305137.0
2023-08-10 13:00:00,0.2465,0.2484,0.2462,0.2483,100867.6
2023-08-10 13:30:00,0.2478,0.2495,0.2457,0.2493,461476.4
2023-08-10 14:00:00,0.2493,0.2494,0.2464,0.2473,142922.8
2023-08-10 14:30:00,0.2475,0.2497,0.247,0.2496,301885.4
2023-08-10 15:00:00,0.2496,0.2505,0.2483,0.2494,371276.1
2023-08-10 15:30:00,0.2493,0.2508,0.2485,0.2492,226508.7
2023-08-10 16:00:00,0.2488,0.2492,0.2476,0.2487,258935.8
2023-08-10 16:30:00,0.2485,0.2504,0.2484,0.249,115519.4
2023-08-10 17:00:00,0.2492,0.2493,0.248,0.248,141413.2
2023-08-10 17:30:00,0.2481,0.2487,0.2477,0.2479,62571.8
2023-08-10 18:00:00,0.248,0.2504,0.2479,0.2499,236621.4
2023-08-10 18:30:00,0.2499,0.2515,0.2495,0.2511,264580.2
2023-08-10 19:00:00,0.2509,0.2529,0.2502,0.2506,419655.7
2023-08-10 19:30:00,0.2505,0.2518,0.25,0.2507,144499.2
2023-08-10 20:00:00,0.2506,0.2514,0.25,0.2513,76041.4
2023-08-10 20:30:00,0.2512,0.2512,0.2497,0.2499,253552.0
2023-08-10 21:00:00,0.2499,0.2507,0.2498,0.2507,56178.0
2023-08-10 21:30:00,0.2506,0.2506,0.2491,0.2491,230915.9
2023-08-10 22:00:00,0.2493,0.2494,0.2487,0.2489,163805.1
2023-08-10 22:30:00,0.2489,0.2489,0.2469,0.2474,147568.4
2023-08-10 23:00:00,0.2475,0.2475,0.2466,0.2474,125461.9
2023-08-10 23:30:00,0.2474,0.2482,0.2473,0.2482,66199.1
2023-08-11 00:00:00,0.2482,0.251,0.2479,0.2505,107780.1
2023-08-11 00:30:00,0.2507,0.2517,0.2503,0.2509,126562.3
2023-08-11 01:00:00,0.251,0.253,0.2504,0.2506,308267.2
2023-08-11 01:30:00,0.2509,0.2525,0.2502,0.2516,165141.2
2023-08-11 02:00:00,0.2519,0.2533,0.2505,0.2509,200239.1
2023-08-11 02:30:00,0.251,0.2525,0.2497,0.2498,74433.7
2023-08-11 03:00:00,0.2497,0.2512,0.2494,0.2508,73678.7
2023-08-11 03:30:00,0.2511,0.2517,0.2508,0.2511,20427.1
2023-08-11 04:00:00,0.2511,0.2522,0.2511,0.2517,42022.1
2023-08-11 04:30:00,0.2517,0.2543,0.2515,0.2536,209610.9
2023-08-11 05:00:00,0.2538,0.2543,0.2529,0.2543,89800.6
2023-08-11 05:30:00,0.2542,0.2545,0.2533,0.254,127356.1
2023-08-11 06:00:00,0.254,0.2563,0.254,0.256,223387.4
2023-08-11 06:30:00,0.2562,0.2573,0.2543,0.2557,251515.5
2023-08-11 07:00:00,0.2557,0.256,0.2543,0.2548,143050.8
2023-08-11 07:30:00,0.2544,0.2569,0.2542,0.2551,227265.6
2023-08-11 08:00:00,0.2556,0.2567,0.2555,0.2563,160857.0
2023-08-11 08:30:00,0.2562,0.258,0.2559,0.256,282179.4
2023-08-11 09:00:00,0.2559,0.2564,0.2552,0.2553,101423.7
2023-08-11 09:30:00,0.2553,0.2553,0.2526,0.253,180786.3
2023-08-11 10:00:00,0.2533,0.2543,0.2526,0.254,45842.8
2023-08-11 10:30:00,0.254,0.2541,0.2525,0.2529,76372.6
2023-08-11 11:00:00,0.2534,0.2537,0.2516,0.2518,192346.0
2023-08-11 11:30:00,0.252,0.2535,0.2519,0.2529,69076.5
2023-08-11 12:00:00,0.2533,0.2535,0.2529,0.2531,34628.3
2023-08-11 12:30:00,0.2532,0.2533,0.2527,0.2528,17607.1
2023-08-11 13:00:00,0.2532,0.2534,0.2515,0.2515,70709.9
2023-08-11 13:30:00,0.2515,0.2554,0.2515,0.2546,182949.7
2023-08-11 14:00:00,0.2546,0.2549,0.252,0.2525,276619.5
2023-08-11 14:30:00,0.2525,0.2545,0.2525,0.2537,60815.7
2023-08-11 15:00:00,0.2536,0.2539,0.2513,0.2521,120111.2
2023-08-11 15:30:00,0.2521,0.2524,0.2514,0.2522,36396.4
2023-08-11 16:00:00,0.2524,0.2525,0.2515,0.252,18066.0
2023-08-11 16:30:00,0.2522,0.2524,0.2505,0.2513,61348.1
2023-08-11 17:00:00,0.2513,0.2514,0.2501,0.2508,102047.4
2023-08-11 17:30:00,0.2506,0.2513,0.2506,0.2509,19872.3
2023-08-11 18:00:00,0.2507,0.2523,0.2505,0.2521,33608.0
2023-08-11 18:30:00,0.2519,0.2519,0.2503,0.2504,47057.7
2023-08-11 19:00:00,0.2504,0.2505,0.2497,0.2505,87452.8
2023-08-11 19:30:00,0.2504,0.2505,0.2497,0.25,36995.3
2023-08-11 20:00:00,0.25,0.2503,0.2496,0.2503,50113.3
2023-08-11 20:30:00,0.2502,0.2503,0.2495,0.25,44829.5
2023-08-11 21:00:00,0.2499,0.2512,0.2499,0.2512,60279.7
2023-08-11 21:30:00,0.2512,0.2514,0.2508,0.2513,37515.8
2023-08-11 22:00:00,0.2513,0.2526,0.2513,0.2524,32393.2
2023-08-11 22:30:00,0.2525,0.2537,0.2524,0.2532,51852.0
2023-08-11 23:00:00,0.2533,0.2536,0.2521,0.2523,12191.1
2023-08-11 23:30:00,0.2523,0.2533,0.2523,0.2533,16894.6
2023-08-12 00:00:00,0.2533,0.2536,0.2525,0.2536,9930.6
2023-08-12 00:30:00,0.2535,0.2555,0.2535,0.2555,113152.3
2023-08-12 01:00:00,0.2556,0.2559,0.2539,0.2544,34046.4
2023-08-12 01:30:00,0.2543,0.2548,0.2537,0.2541,12226.4
2023-08-12 02:00:00,0.2545,0.2545,0.2527,0.2527,30870.7
2023-08-12 02:30:00,0.2529,0.2529,0.2516,0.2518,19176.7
2023-08-12 03:00:00,0.2517,0.2523,0.2512,0.252,44026.7
2023-08-12 03:30:00,0.2517,0.2517,0.251,0.2514,27328.9
2023-08-12 04:00:00,0.2518,0.2519,0.2511,0.2511,23126.4
2023-08-12 04:30:00,0.2513,0.2513,0.2508,0.2513,67696.5
2023-08-12 05:00:00,0.2512,0.2516,0.251,0.2514,28291.8
2023-08-12 05:30:00,0.2513,0.2516,0.2508,0.2508,9300.8
2023-08-12 06:00:00,0.2509,0.2514,0.2509,0.2514,11247.0
2023-08-12 06:30:00,0.2515,0.2517,0.2514,0.2514,11181.3
2023-08-12 07:00:00,0.2513,0.2515,0.2507,0.2507,56492.8
2023-08-12 07:30:00,0.2507,0.2511,0.2506,0.2508,4745.9
2023-08-12 08:00:00,0.2506,0.2515,0.2506,0.2507,31392.4
2023-08-12 08:30:00,0.2507,0.2509,0.2501,0.2503,70831.5
2023-08-12 09:00:00,0.2503,0.2511,0.2502,0.2507,69097.2
2023-08-12 09:30:00,0.2509,0.2515,0.2508,0.2513,23079.8
2023-08-12 10:00:00,0.2513,0.2513,0.2509,0.2512,24089.6
2023-08-12 10:30:00,0.2512,0.2517,0.251,0.2512,16901.6
2023-08-12 11:00:00,0.2516,0.2517,0.2509,0.2511,15092.1
2023-08-12 11:30:00,0.2512,0.2513,0.2506,0.2506,27236.9
2023-08-12 12:00:00,0.2507,0.2507,0.2503,0.2504,13691.7
2023-08-12 12:30:00,0.2504,0.2506,0.2495,0.2498,144993.5
2023-08-12 13:00:00,0.25,0.2502,0.2495,0.2495,29419.1
2023-08-12 13:30:00,0.2494,0.2496,0.249,0.2493,29741.3
2023-08-12 14:00:00,0.2493,0.25,0.2493,0.2497,17443.9
2023-08-12 14:30:00,0.2497,0.2502,0.2497,0.25,17960.2
2023-08-12 15:00:00,0.25,0.2506,0.25,0.2505,6187.0
2023-08-12 15:30:00,0.2505,0.2505,0.2492,0.2492,33309.8
2023-08-12 16:00:00,0.2495,0.2505,0.2495,0.2501,26655.5
2023-08-12 16:30:00,0.2499,0.2504,0.2497,0.25,6213.5
2023-08-12 17:00:00,0.25,0.2504,0.2497,0.25,9444.3
2023-08-12 17:30:00,0.2499,0.2499,0.2483,0.2487,48757.8
2023-08-12 18:00:00,0.2488,0.2494,0.2482,0.2485,45239.4
2023-08-12 18:30:00,0.2484,0.2484,0.2479,0.2482,17560.4
2023-08-12 19:00:00,0.2481,0.2484,0.2479,0.2479,13569.2
2023-08-12 19:30:00,0.2477,0.2477,0.2472,0.2472,6822.2
2023-08-12 20:00:00,0.2474,0.2476,0.2469,0.2471,64403.8
2023-08-12 20:30:00,0.2471,0.2472,0.2461,0.2466,37025.3
2023-08-12 21:00:00,0.2467,0.2467,0.2458,0.2462,50764.5
2023-08-12 21:30:00,0.2462,0.2471,0.2462,0.247,9584.9
2023-08-12 22:00:00,0.2471,0.2474,0.2469,0.2474,7621.2
2023-08-12 22:30:00,0.2474,0.2475,0.2473,0.2475,4768.9
2023-08-12 23:00:00,0.2475,0.2477,0.2467,0.2469,9010.6
2023-08-12 23:30:00,0.247,0.2474,0.2469,0.2474,5972.0
2023-08-13 00:00:00,0.2474,0.2475,0.2443,0.2449,163633.7
2023-08-13 00:30:00,0.2449,0.246,0.2449,0.2459,27864.7
2023-08-13 01:00:00,0.246,0.246,0.2445,0.2445,18801.0
2023-08-13 01:30:00,0.2447,0.2453,0.2446,0.2452,13826.6
2023-08-13 02:00:00,0.2454,0.246,0.2454,0.2458,15051.5
2023-08-13 02:30:00,0.2458,0.2458,0.2451,0.2451,15656.7
2023-08-13 03:00:00,0.2454,0.2456,0.245,0.2453,18234.5
2023-08-13 03:30:00,0.2453,0.246,0.2453,0.246,15024.3
2023-08-13 04:00:00,0.2459,0.2459,0.2454,0.2454,22425.8
2023-08-13 04:30:00,0.2457,0.2461,0.2455,0.2459,7621.9
2023-08-13 05:00:00,0.2456,0.2456,0.2445,0.2452,16123.2
2023-08-13 05:30:00,0.2448,0.2448,0.244,0.2442,45807.1
2023-08-13 06:00:00,0.2443,0.2444,0.2437,0.244,67522.2
2023-08-13 06:30:00,0.2441,0.2445,0.2432,0.2443,160675.6
2023-08-13 07:00:00,0.2444,0.2447,0.2439,0.2447,20907.3
2023-08-13 07:30:00,0.2448,0.2452,0.2448,0.2452,66633.5
2023-08-13 08:00:00,0.2452,0.2457,0.245,0.2452,61611.0
2023-08-13 08:30:00,0.2453,0.2462,0.2453,0.2461,58517.9
2023-08-13 09:00:00,0.2462,0.2463,0.2453,0.2454,43929.3
2023-08-13 09:30:00,0.2454,0.2459,0.2453,0.2457,27483.0
2023-08-13 10:00:00,0.2457,0.2463,0.2457,0.2461,38161.4
2023-08-13 10:30:00,0.2461,0.2466,0.2454,0.2458,102971.8
2023-08-13 11:00:00,0.2458,0.2458,0.2452,0.2455,26858.1
2023-08-13 11:30:00,0.2455,0.246,0.2451,0.2456,58471.6
2023-08-13 12:00:00,0.2454,0.2459,0.2453,0.2457,12265.0
2023-08-13 12:30:00,0.2455,0.2466,0.2454,0.2459,70113.6
2023-08-13 13:00:00,0.246,0.2471,0.2456,0.2469,76535.0
2023-08-13 13:30:00,0.2466,0.2488,0.2466,0.2481,69419.8
2023-08-13 14:00:00,0.2484,0.2495,0.2481,0.2494,76422.8
2023-08-13 14:30:00,0.2494,0.2513,0.2494,0.2502,138890.4
2023-08-13 15:00:00,0.2503,0.2507,0.2475,0.2482,95371.8
2023-08-13 15:30:00,0.2482,0.2511,0.2482,0.251,125522.0
2023-08-13 16:00:00,0.251,0.2512,0.2487,0.2494,54186.7
2023-08-13 16:30:00,0.2497,0.2508,0.2497,0.2507,21390.4
2023-08-13 17:00:00,0.2507,0.2514,0.2504,0.2514,31150.8
2023-08-13 17:30:00,0.2513,0.2524,0.2513,0.2516,67390.0
2023-08-13 18:00:00,0.2517,0.2522,0.2515,0.2519,6342.8
2023-08-13 18:30:00,0.252,0.2525,0.2518,0.2523,19495.7
2023-08-13 19:00:00,0.2523,0.2529,0.2523,0.2526,29356.2
2023-08-13 19:30:00,0.2527,0.2547,0.2527,0.254,171445.6
2023-08-13 20:00:00,0.2541,0.2545,0.2527,0.2533,56955.7
2023-08-13 20:30:00,0.2533,0.2546,0.2526,0.253,20537.0
2023-08-13 21:00:00,0.253,0.253,0.2519,0.2521,10785.8
2023-08-13 21:30:00,0.2521,0.2521,0.2512,0.252,40288.7
2023-08-13 22:00:00,0.2518,0.252,0.2505,0.2512,60460.6
2023-08-13 22:30:00,0.2512,0.2512,0.2491,0.2498,264210.4
2023-08-13 23:00:00,0.2497,0.2515,0.2496,0.2514,14073.6
2023-08-13 23:30:00,0.2516,0.2518,0.2514,0.2515,6236.0
2023-08-14 00:00:00,0.2512,0.2521,0.2503,0.252,92285.6
2023-08-14 00:30:00,0.252,0.2526,0.2504,0.2521,42569.3
2023-08-14 01:00:00,0.252,0.2531,0.2519,0.2521,120301.2
2023-08-14 01:30:00,0.252,0.2526,0.2516,0.2521,22442.5
2023-08-14 02:00:00,0.2521,0.2523,0.249,0.2502,147707.0
2023-08-14 02:30:00,0.2507,0.2543,0.2507,0.2536,509115.2
2023-08-14 03:00:00,0.2533,0.2579,0.2533,0.2579,234671.4
2023-08-14 03:30:00,0.258,0.2599,0.2561,0.2563,404555.6
2023-08-14 04:00:00,0.256,0.256,0.2528,0.2535,286236.9
2023-08-14 04:30:00,0.2537,0.2541,0.253,0.2532,131142.7
2023-08-14 05:00:00,0.253,0.2537,0.2524,0.2533,19172.8
2023-08-14 05:30:00,0.2534,0.2534,0.2522,0.2527,41116.4
2023-08-14 06:00:00,0.2527,0.2527,0.252,0.2521,27775.1
2023-08-14 06:30:00,0.2522,0.2532,0.2522,0.2532,42145.9
2023-08-14 07:00:00,0.253,0.253,0.2518,0.2526,36223.4
2023-08-14 07:30:00,0.2527,0.2535,0.2524,0.2525,72812.8
2023-08-14 08:00:00,0.2524,0.2527,0.2522,0.2525,20545.3
2023-08-14 08:30:00,0.2526,0.2534,0.2526,0.2534,31098.6
2023-08-14 09:00:00,0.2533,0.2535,0.2518,0.2518,31968.7
2023-08-14 09:30:00,0.252,0.254,0.252,0.254,41375.7
2023-08-14 10:00:00,0.254,0.2545,0.2532,0.2532,51250.9
2023-08-14 10:30:00,0.2532,0.2538,0.2527,0.2538,76907.0
2023-08-14 11:00:00,0.2539,0.254,0.2524,0.2536,51582.9
2023-08-14 11:30:00,0.2537,0.2554,0.2536,0.2547,73347.4
2023-08-14 12:00:00,0.2547,0.2559,0.2533,0.2534,116107.4
2023-08-14 12:30:00,0.2532,0.2541,0.2526,0.2537,66677.9
2023-08-14 13:00:00,0.2537,0.2537,0.2528,0.2531,55911.5
2023-08-14 13:30:00,0.2533,0.2537,0.253,0.2532,41463.4
2023-08-14 14:00:00,0.2532,0.2549,0.253,0.2544,89416.8
2023-08-14 14:30:00,0.2547,0.2558,0.2545,0.2555,64602.7
2023-08-14 15:00:00,0.2555,0.2569,0.255,0.2559,89172.9
2023-08-14 15:30:00,0.2559,0.2563,0.2552,0.2553,25397.6
2023-08-14 16:00:00,0.2555,0.2558,0.2551,0.2553,18579.0
2023-08-14 16:30:00,0.2556,0.2561,0.2552,0.2554,14937.5
2023-08-14 17:00:00,0.2555,0.2565,0.2553,0.2556,35495.8
2023-08-14 17:30:00,0.2559,0.2559,0.2541,0.2544,33899.6
2023-08-14 18:00:00,0.2543,0.2545,0.2523,0.2537,74578.9
2023-08-14 18:30:00,0.2537,0.2542,0.253,0.253,24020.7
2023-08-14 19:00:00,0.253,0.254,0.2526,0.254,21729.1
2023-08-14 19:30:00,0.254,0.2541,0.2538,0.2538,14962.5
2023-08-14 20:00:00,0.2534,0.2548,0.2534,0.2547,38469.4
2023-08-14 20:30:00,0.255,0.2556,0.255,0.2553,8896.1
2023-08-14 21:00:00,0.2553,0.2556,0.2545,0.2546,22026.2
2023-08-14 21:30:00,0.2545,0.2556,0.2545,0.2552,36131.0
2023-08-14 22:00:00,0.2554,0.2562,0.2554,0.2559,12368.4
2023-08-14 22:30:00,0.2562,0.2562,0.2549,0.255,60687.9
2023-08-14 23:00:00,0.2549,0.2558,0.2548,0.2557,2063.1
2023-08-14 23:30:00,0.2557,0.2561,0.2549,0.2549,17480.0
2023-08-15 00:00:00,0.255,0.2554,0.254,0.2543,27411.1
2023-08-15 00:30:00,0.2545,0.2553,0.2543,0.2553,21448.2
2023-08-15 01:00:00,0.2554,0.2562,0.2554,0.2557,45910.9
2023-08-15 01:30:00,0.2556,0.2556,0.2527,0.2531,109088.6
2023-08-15 02:00:00,0.2531,0.2539,0.2529,0.2536,29803.8
2023-08-15 02:30:00,0.2536,0.2536,0.2514,0.2516,75632.1
2023-08-15 03:00:00,0.2514,0.2522,0.2512,0.2517,34388.6
2023-08-15 03:30:00,0.2517,0.2517,0.2496,0.2501,114361.1
2023-08-15 04:00:00,0.2503,0.2503,0.2492,0.2493,36499.7
2023-08-15 04:30:00,0.249,0.2492,0.2486,0.2492,45221.2
2023-08-15 05:00:00,0.249,0.249,0.2474,0.2482,123075.8
2023-08-15 05:30:00,0.2481,0.2482,0.2468,0.2473,168363.1
2023-08-15 06:00:00,0.2473,0.2479,0.2472,0.2475,38026.1
2023-08-15 06:30:00,0.2474,0.2477,0.2474,0.2475,7507.8
2023-08-15 07:00:00,0.2475,0.2475,0.2461,0.2461,151902.8
2023-08-15 07:30:00,0.246,0.2475,0.2457,0.247,60330.7
2023-08-15 08:00:00,0.2471,0.2479,0.2471,0.2479,20517.4
2023-08-15 08:30:00,0.2479,0.2483,0.2476,0.2478,40900.8
2023-08-15 09:00:00,0.2478,0.2479,0.2476,0.2477,41792.9
2023-08-15 09:30:00,0.2477,0.2483,0.2476,0.2483,14825.6
2023-08-15 10:00:00,0.2481,0.2482,0.2472,0.2477,25224.9
2023-08-15 10:30:00,0.2477,0.2482,0.2477,0.2481,37455.1
2023-08-15 11:00:00,0.2482,0.2485,0.2481,0.2481,64868.4
2023-08-15 11:30:00,0.2481,0.2481,0.2457,0.246,181398.3
2023-08-15 12:00:00,0.246,0.2477,0.2451,0.2466,216290.8
2023-08-15 12:30:00,0.2466,0.2472,0.2462,0.2462,42834.7
2023-08-15 13:00:00,0.2462,0.2468,0.2462,0.2464,28562.1
2023-08-15 13:30:00,0.2464,0.2468,0.2455,0.2456,44320.8
2023-08-15 14:00:00,0.2455,0.2488,0.245,0.2482,318027.9
2023-08-15 14:30:00,0.2483,0.2498,0.2475,0.2476,55887.1
2023-08-15 15:00:00,0.2474,0.2475,0.2458,0.2458,33753.4
2023-08-15 15:30:00,0.2457,0.2458,0.2441,0.2443,114466.8
2023-08-15 16:00:00,0.2442,0.2448,0.242,0.2423,226654.0
2023-08-15 16:30:00,0.2423,0.2423,0.2409,0.2416,90629.0
2023-08-15 17:00:00,0.2415,0.2419,0.2409,0.2414,27950.5
2023-08-15 17:30:00,0.2413,0.2416,0.2411,0.2414,21652.9
2023-08-15 18:00:00,0.2413,0.2413,0.24,0.241,79650.9
2023-08-15 18:30:00,0.241,0.2413,0.2405,0.2406,13860.7
2023-08-15 19:00:00,0.2406,0.2407,0.2211,0.2293,1176899.8
2023-08-15 19:30:00,0.2288,0.2304,0.2282,0.2301,161932.1
2023-08-15 20:00:00,0.2299,0.2321,0.2295,0.2321,83246.6
2023-08-15 20:30:00,0.2322,0.2324,0.2293,0.2299,116409.8
2023-08-15 21:00:00,0.2297,0.2317,0.2291,0.2315,198528.4
2023-08-15 21:30:00,0.2314,0.2323,0.2312,0.232,54840.4
2023-08-15 22:00:00,0.2321,0.2333,0.2319,0.2324,30998.6
2023-08-15 22:30:00,0.2325,0.2327,0.232,0.2326,128146.5
2023-08-15 23:00:00,0.2328,0.2339,0.2328,0.2333,27032.9
2023-08-15 23:30:00,0.2335,0.234,0.2332,0.2333,57295.1
2023-08-16 00:00:00,0.2331,0.2342,0.2327,0.2331,37856.9
2023-08-16 00:30:00,0.2331,0.2331,0.2293,0.2302,467950.0
2023-08-16 01:00:00,0.2301,0.2304,0.2294,0.2303,74765.0
2023-08-16 01:30:00,0.2302,0.2306,0.2297,0.2301,89949.7
2023-08-16 02:00:00,0.2299,0.2314,0.2296,0.2311,60115.5
2023-08-16 02:30:00,0.2306,0.2319,0.2306,0.2315,96554.7
2023-08-16 03:00:00,0.2316,0.2329,0.2316,0.2317,210145.9
2023-08-16 03:30:00,0.2315,0.2329,0.2312,0.2326,22553.0
2023-08-16 04:00:00,0.2322,0.2335,0.2322,0.233,52712.2
2023-08-16 04:30:00,0.2332,0.2332,0.2312,0.2316,82657.0
2023-08-16 05:00:00,0.2313,0.2315,0.2298,0.2303,36506.4
2023-08-16 05:30:00,0.2303,0.2303,0.2295,0.2297,43865.4
2023-08-16 06:00:00,0.2293,0.2297,0.2285,0.2286,68611.1
2023-08-16 06:30:00,0.2287,0.2298,0.2287,0.2297,30764.5
2023-08-16 07:00:00,0.2297,0.2306,0.2297,0.2302,33347.9
2023-08-16 07:30:00,0.2302,0.2302,0.2291,0.2293,26027.5
2023-08-16 08:00:00,0.229,0.2292,0.2263,0.2265,174189.3
2023-08-16 08:30:00,0.2265,0.2282,0.2263,0.2272,52642.1
2023-08-16 09:00:00,0.227,0.2275,0.2256,0.226,102859.9
2023-08-16 09:30:00,0.226,0.2261,0.2234,0.2249,148467.3
2023-08-16 10:00:00,0.225,0.2254,0.224,0.225,96077.3
2023-08-16 10:30:00,0.225,0.2257,0.2239,0.224,92523.7
2023-08-16 11:00:00,0.2242,0.2245,0.2235,0.2244,44526.7
2023-08-16 11:30:00,0.2242,0.2253,0.2233,0.2251,82664.7
2023-08-16 12:00:00,0.2251,0.2251,0.2194,0.2213,486837.6
2023-08-16 12:30:00,0.2214,0.2237,0.2209,0.2227,386279.9
2023-08-16 13:00:00,0.2227,0.223,0.2214,0.2214,71561.9
2023-08-16 13:30:00,0.2213,0.2222,0.2201,0.2204,139038.5
2023-08-16 14:00:00,0.2204,0.2218,0.2196,0.2217,96242.1
2023-08-16 14:30:00,0.2218,0.2224,0.2215,0.2218,48118.0
2023-08-16 15:00:00,0.2219,0.2225,0.2211,0.2214,32937.3
2023-08-16 15:30:00,0.2214,0.2215,0.22,0.2206,65745.0
2023-08-16 16:00:00,0.2207,0.2214,0.2195,0.2205,151688.7
2023-08-16 16:30:00,0.2207,0.223,0.2203,0.2229,67346.7
2023-08-16 17:00:00,0.2228,0.2231,0.2213,0.2231,68825.0
2023-08-16 17:30:00,0.223,0.2234,0.222,0.223,45090.5
2023-08-16 18:00:00,0.2228,0.2237,0.2218,0.2232,82888.8
2023-08-16 18:30:00,0.2232,0.2235,0.2218,0.2223,125226.4
2023-08-16 19:00:00,0.2223,0.2224,0.2208,0.2212,83281.2
2023-08-16 19:30:00,0.2212,0.2213,0.2202,0.2202,95965.2
2023-08-16 20:00:00,0.2203,0.2205,0.212,0.2134,396641.2
2023-08-16 20:30:00,0.2134,0.2165,0.2134,0.2149,213101.8
2023-08-16 21:00:00,0.2148,0.2151,0.21,0.2137,453163.5
2023-08-16 21:30:00,0.2138,0.214,0.2103,0.2108,85388.8
2023-08-16 22:00:00,0.211,0.2131,0.211,0.2129,54457.5
2023-08-16 22:30:00,0.2128,0.2128,0.2106,0.2115,198669.9
2023-08-16 23:00:00,0.2115,0.213,0.2108,0.2126,96168.8
2023-08-16 23:30:00,0.2128,0.2142,0.2128,0.2137,61674.6
2023-08-17 00:00:00,0.2135,0.2168,0.2125,0.215,263940.4
2023-08-17 00:30:00,0.2148,0.2167,0.212,0.2164,164593.7
2023-08-17 01:00:00,0.2167,0.2182,0.2162,0.218,42308.0
2023-08-17 01:30:00,0.2174,0.2179,0.2168,0.2179,65977.0
2023-08-17 02:00:00,0.2179,0.2189,0.2175,0.2187,18561.8
2023-08-17 02:30:00,0.2188,0.2188,0.2179,0.218,12628.1
2023-08-17 03:00:00,0.2184,0.2193,0.2184,0.2193,18751.6
2023-08-17 03:30:00,0.2196,0.2196,0.2186,0.2186,22989.4
2023-08-17 04:00:00,0.2185,0.2187,0.2176,0.2178,30880.8
2023-08-17 04:30:00,0.2178,0.2181,0.2173,0.2176,36879.3
2023-08-17 05:00:00,0.2176,0.2184,0.2173,0.2183,7776.7
2023-08-17 05:30:00,0.2186,0.2197,0.2186,0.2197,20673.4
2023-08-17 06:00:00,0.2196,0.22,0.2185,0.2193,43936.1
2023-08-17 06:30:00,0.2193,0.2201,0.2193,0.22,12887.6
2023-08-17 07:00:00,0.2201,0.2201,0.2193,0.2195,86357.6
2023-08-17 07:30:00,0.2195,0.2207,0.2195,0.2207,17947.0
2023-08-17 08:00:00,0.2208,0.2209,0.2198,0.2199,9439.1
2023-08-17 08:30:00,0.2197,0.22,0.2189,0.219,26286.3
2023-08-17 09:00:00,0.2191,0.2193,0.2184,0.2188,46993.0
2023-08-17 09:30:00,0.2188,0.2196,0.2188,0.2193,14115.4
2023-08-17 10:00:00,0.2195,0.2195,0.2183,0.2185,89711.8
2023-08-17 10:30:00,0.2185,0.2185,0.217,0.2172,50282.3
2023-08-17 11:00:00,0.2176,0.218,0.2169,0.2171,32656.2
2023-08-17 11:30:00,0.2171,0.2177,0.2171,0.2176,55002.1
2023-08-17 12:00:00,0.2177,0.2182,0.2165,0.2175,57945.6
2023-08-17 12:30:00,0.2176,0.2183,0.2176,0.218,21738.3
2023-08-17 13:00:00,0.2176,0.2177,0.2171,0.2173,33482.4
2023-08-17 13:30:00,0.2173,0.2174,0.2161,0.2165,29488.8
2023-08-17 14:00:00,0.2163,0.2168,0.2152,0.2152,53587.5
2023-08-17 14:30:00,0.2155,0.2156,0.2146,0.2154,47382.6
2023-08-17 15:00:00,0.2154,0.2166,0.2139,0.2157,69980.7
2023-08-17 15:30:00,0.2157,0.2158,0.2115,0.2123,309739.1
2023-08-17 16:00:00,0.2123,0.2128,0.2102,0.2121,308659.4
2023-08-17 16:30:00,0.2122,0.2151,0.2122,0.2133,290067.0
2023-08-17 17:00:00,0.2137,0.2156,0.2137,0.2149,40304.5
2023-08-17 17:30:00,0.2155,0.216,0.2145,0.2151,34772.7
2023-08-17 18:00:00,0.2153,0.2153,0.2142,0.2143,121730.0
2023-08-17 18:30:00,0.2143,0.2146,0.2137,0.2144,16033.8
2023-08-17 19:00:00,0.2145,0.2152,0.2142,0.2149,26410.1
2023-08-17 19:30:00,0.2148,0.2152,0.2145,0.2149,20760.4
2023-08-17 20:00:00,0.215,0.2154,0.214,0.214,32205.4
2023-08-17 20:30:00,0.2142,0.2142,0.2114,0.2124,94348.8
2023-08-17 21:00:00,0.2124,0.2129,0.2092,0.2103,184149.0
2023-08-17 21:30:00,0.2102,0.2102,0.1687,0.1882,2254744.6
2023-08-17 22:00:00,0.1883,0.1895,0.1852,0.1882,921703.4
2023-08-17 22:30:00,0.188,0.1911,0.1858,0.1907,295879.7
2023-08-17 23:00:00,0.1901,0.1928,0.189,0.1911,186648.1
2023-08-17 23:30:00,0.1911,0.1911,0.1884,0.1885,423929.2
2023-08-18 00:00:00,0.1885,0.1927,0.1879,0.1925,460732.7
2023-08-18 00:30:00,0.1927,0.1928,0.1907,0.1918,126292.7
2023-08-18 01:00:00,0.1918,0.1918,0.1896,0.1902,276005.4
2023-08-18 01:30:00,0.1902,0.1908,0.1887,0.1892,73789.8
2023-08-18 02:00:00,0.1892,0.1905,0.1876,0.1877,132282.7
2023-08-18 02:30:00,0.1879,0.1892,0.1876,0.1879,117423.1
2023-08-18 03:00:00,0.1878,0.1894,0.1878,0.1893,45780.6
2023-08-18 03:30:00,0.1893,0.1904,0.1893,0.1904,50347.1
2023-08-18 04:00:00,0.1904,0.1911,0.1893,0.1894,74725.3
2023-08-18 04:30:00,0.1894,0.1895,0.1882,0.1895,56435.1
2023-08-18 05:00:00,0.1895,0.1904,0.1893,0.1904,55065.2
2023-08-18 05:30:00,0.1904,0.1916,0.1903,0.1915,38065.8
2023-08-18 06:00:00,0.1915,0.1929,0.1915,0.1923,58043.2
2023-08-18 06:30:00,0.1923,0.1931,0.1923,0.1925,33061.7
2023-08-18 07:00:00,0.1923,0.1924,0.1914,0.1914,45545.8
2023-08-18 07:30:00,0.1915,0.1922,0.1913,0.1916,40838.7
2023-08-18 08:00:00,0.1917,0.1923,0.191,0.191,16277.9
2023-08-18 08:30:00,0.191,0.192,0.1906,0.1919,64012.4
2023-08-18 09:00:00,0.192,0.192,0.1908,0.1908,28754.3
2023-08-18 09:30:00,0.1907,0.1909,0.1895,0.1897,48773.9
2023-08-18 10:00:00,0.1899,0.1916,0.1898,0.1911,397425.6
2023-08-18 10:30:00,0.1913,0.1919,0.1907,0.1915,62198.8
2023-08-18 11:00:00,0.1915,0.1916,0.1905,0.1905,53074.0
2023-08-18 11:30:00,0.1906,0.1932,0.1906,0.1929,115867.7
2023-08-18 12:00:00,0.1928,0.1932,0.1911,0.1914,51112.4
2023-08-18 12:30:00,0.1916,0.1919,0.1911,0.1916,28449.7
2023-08-18 13:00:00,0.1912,0.1915,0.1906,0.1908,92172.2
2023-08-18 13:30:00,0.1912,0.1927,0.191,0.191,50204.2
2023-08-18 14:00:00,0.1912,0.1917,0.1906,0.1907,52642.9
2023-08-18 14:30:00,0.1913,0.1924,0.1904,0.1911,51258.0
2023-08-18 15:00:00,0.191,0.1931,0.1908,0.1915,34347.0
2023-08-18 15:30:00,0.1916,0.1923,0.1905,0.1913,293942.7
2023-08-18 16:00:00,0.1917,0.1929,0.1913,0.1918,60278.9
2023-08-18 16:30:00,0.1918,0.1932,0.1909,0.1918,89232.4
2023-08-18 17:00:00,0.1918,0.1918,0.1894,0.191,135406.6
2023-08-18 17:30:00,0.1914,0.1932,0.1911,0.1923,78004.2
2023-08-18 18:00:00,0.1922,0.1922,0.1912,0.1913,65684.5
2023-08-18 18:30:00,0.1914,0.1933,0.1914,0.1922,81355.9
2023-08-18 19:00:00,0.192,0.192,0.1904,0.1906,69721.2
2023-08-18 19:30:00,0.1909,0.1909,0.1903,0.1904,24498.5
2023-08-18 20:00:00,0.1905,0.1922,0.1904,0.1922,103152.0
2023-08-18 20:30:00,0.1925,0.1926,0.1915,0.1916,28638.9
2023-08-18 21:00:00,0.1914,0.1923,0.1914,0.192,193285.1
2023-08-18 21:30:00,0.192,0.192,0.1911,0.1911,29578.5
2023-08-18 22:00:00,0.1911,0.1923,0.1911,0.192,153926.5
2023-08-18 22:30:00,0.192,0.1926,0.1919,0.1924,13528.8
2023-08-18 23:00:00,0.1924,0.1939,0.1924,0.1933,160904.5
2023-08-18 23:30:00,0.1932,0.1932,0.1923,0.1928,95448.0
2023-08-19 00:00:00,0.1927,0.1939,0.1926,0.1931,53325.4
2023-08-19 00:30:00,0.193,0.1952,0.1929,0.1949,90784.0
2023-08-19 01:00:00,0.1949,0.1949,0.1936,0.1937,21257.8
2023-08-19 01:30:00,0.1937,0.1937,0.1922,0.1922,66802.2
2023-08-19 02:00:00,0.1922,0.1959,0.192,0.1958,198692.5
2023-08-19 02:30:00,0.1957,0.1958,0.1947,0.195,33755.0
2023-08-19 03:00:00,0.1947,0.195,0.1938,0.1949,92264.5
2023-08-19 03:30:00,0.1949,0.1956,0.1949,0.1954,15682.2
2023-08-19 04:00:00,0.1956,0.1957,0.195,0.1953,13200.2
2023-08-19 04:30:00,0.1951,0.1963,0.1951,0.1963,64122.8
2023-08-19 05:00:00,0.1962,0.1966,0.1954,0.1954,103796.5
2023-08-19 05:30:00,0.1949,0.1952,0.1943,0.1947,26125.4
2023-08-19 06:00:00,0.195,0.1965,0.195,0.1964,20953.5
2023-08-19 06:30:00,0.1965,0.1966,0.1954,0.196,32659.2
2023-08-19 07:00:00,0.1959,0.1966,0.1952,0.1965,63911.5
2023-08-19 07:30:00,0.1966,0.2014,0.1965,0.2014,553289.0
2023-08-19 08:00:00,0.2013,0.2018,0.1987,0.2007,262922.0
2023-08-19 08:30:00,0.2007,0.2008,0.1983,0.1989,146216.2
2023-08-19 09:00:00,0.1989,0.1989,0.1975,0.1978,51144.3
2023-08-19 09:30:00,0.1975,0.1984,0.197,0.1978,51229.2
2023-08-19 10:00:00,0.1978,0.1991,0.1978,0.199,99992.5
2023-08-19 10:30:00,0.1988,0.199,0.1984,0.1987,16600.8
2023-08-19 11:00:00,0.1987,0.1994,0.1987,0.1987,20154.1
2023-08-19 11:30:00,0.1987,0.1996,0.1987,0.1993,35036.1
2023-08-19 12:00:00,0.1993,0.1995,0.1978,0.198,32038.7
2023-08-19 12:30:00,0.198,0.198,0.1969,0.1977,48308.4
2023-08-19 13:00:00,0.1977,0.1981,0.1973,0.1979,18108.5
2023-08-19 13:30:00,0.198,0.1999,0.198,0.1992,152407.9
2023-08-19 14:00:00,0.1992,0.2,0.1992,0.2,19358.5
2023-08-19 14:30:00,0.1999,0.2007,0.1997,0.2002,54478.6
2023-08-19 15:00:00,0.1999,0.2008,0.1998,0.2,55347.4
2023-08-19 15:30:00,0.2001,0.2017,0.1997,0.2017,87980.8
2023-08-19 16:00:00,0.2015,0.203,0.2014,0.2027,91773.0
2023-08-19 16:30:00,0.2028,0.2041,0.2021,0.204,80541.2
2023-08-19 17:00:00,0.2036,0.2041,0.2017,0.2019,49324.2
2023-08-19 17:30:00,0.202,0.2029,0.2019,0.2027,11873.7
2023-08-19 18:00:00,0.2025,0.2028,0.2018,0.2028,27525.5
2023-08-19 18:30:00,0.2026,0.2034,0.2024,0.2031,24103.9
2023-08-19 19:00:00,0.2031,0.204,0.203,0.2032,81289.9
2023-08-19 19:30:00,0.2032,0.2045,0.2028,0.2033,31929.2
2023-08-19 20:00:00,0.2033,0.2033,0.2007,0.2015,78487.6
2023-08-19 20:30:00,0.2015,0.2021,0.2005,0.2014,56934.5
2023-08-19 21:00:00,0.2014,0.2016,0.2003,0.2011,75448.3
2023-08-19 21:30:00,0.201,0.2012,0.1999,0.2005,111566.6
2023-08-19 22:00:00,0.2003,0.2014,0.2001,0.2014,22741.5
2023-08-19 22:30:00,0.2012,0.2013,0.1999,0.1999,13843.6
2023-08-19 23:00:00,0.2003,0.2021,0.2001,0.2018,8293.4
2023-08-19 23:30:00,0.2018,0.2023,0.2018,0.2023,10908.8
2023-08-20 00:00:00,0.2019,0.2034,0.2019,0.2033,44218.6
2023-08-20 00:30:00,0.2031,0.2038,0.2019,0.2031,33216.5
2023-08-20 01:00:00,0.2031,0.2036,0.202,0.202,76109.2
2023-08-20 01:30:00,0.2018,0.2028,0.2018,0.2027,9391.6
2023-08-20 02:00:00,0.2026,0.2037,0.2026,0.2035,19728.2
2023-08-20 02:30:00,0.2039,0.2044,0.2037,0.2038,30655.0
2023-08-20 03:00:00,0.2037,0.2047,0.2036,0.2044,27855.7
2023-08-20 03:30:00,0.2045,0.2045,0.203,0.203,19223.3
2023-08-20 04:00:00,0.203,0.2047,0.203,0.2042,34408.6
2023-08-20 04:30:00,0.204,0.204,0.2033,0.2037,15967.8
2023-08-20 05:00:00,0.2035,0.2035,0.2019,0.2027,213405.5
2023-08-20 05:30:00,0.2027,0.2027,0.2012,0.2012,24036.2
2023-08-20 06:00:00,0.2011,0.2018,0.2008,0.2016,30352.7
2023-08-20 06:30:00,0.2014,0.2018,0.2013,0.2015,59313.1
2023-08-20 07:00:00,0.2014,0.2024,0.2013,0.2021,16341.6
2023-08-20 07:30:00,0.2022,0.2029,0.2021,0.2029,22218.4
2023-08-20 08:00:00,0.2027,0.2027,0.2019,0.2022,9017.6
2023-08-20 08:30:00,0.2019,0.203,0.2019,0.203,14834.7
2023-08-20 09:00:00,0.2027,0.203,0.2022,0.2024,23920.0
2023-08-20 09:30:00,0.2022,0.2022,0.201,0.201,38104.8
2023-08-20 10:00:00,0.2011,0.22,0.2011,0.2033,830105.4
2023-08-20 10:30:00,0.2031,0.205,0.2031,0.2048,120611.6
2023-08-20 11:00:00,0.2048,0.2054,0.2043,0.2043,63324.8
2023-08-20 11:30:00,0.2045,0.206,0.2045,0.2056,116939.6
2023-08-20 12:00:00,0.2056,0.2057,0.2045,0.2045,83227.5
2023-08-20 12:30:00,0.2045,0.2045,0.2032,0.2034,103978.7
2023-08-20 13:00:00,0.2035,0.2038,0.2028,0.2029,10523.4
2023-08-20 13:30:00,0.2029,0.2031,0.2026,0.2029,8473.3
2023-08-20 14:00:00,0.2028,0.2028,0.2014,0.2014,73505.1
2023-08-20 14:30:00,0.2015,0.2015,0.1998,0.2003,74313.3
2023-08-20 15:00:00,0.2004,0.2007,0.1992,0.2002,52087.9
2023-08-20 15:30:00,0.2004,0.2004,0.1994,0.1997,22600.7
2023-08-20 16:00:00,0.1998,0.2001,0.1993,0.1997,14168.9
2023-08-20 16:30:00,0.1998,0.2,0.1987,0.1987,51103.1
2023-08-20 17:00:00,0.1986,0.1998,0.1985,0.1997,38091.8
2023-08-20 17:30:00,0.1998,0.2009,0.1997,0.2007,38703.0
2023-08-20 18:00:00,0.2006,0.2008,0.2004,0.2005,23789.1
2023-08-20 18:30:00,0.2008,0.2008,0.2001,0.2001,3884.1
2023-08-20 19:00:00,0.2002,0.2005,0.2,0.2001,25055.1
2023-08-20 19:30:00,0.2,0.2003,0.1998,0.2003,36134.0
2023-08-20 20:00:00,0.2004,0.2014,0.2004,0.2011,24387.3
2023-08-20 20:30:00,0.201,0.202,0.2009,0.2017,31449.1
2023-08-20 21:00:00,0.2017,0.2017,0.2012,0.2012,6367.3
2023-08-20 21:30:00,0.2009,0.2009,0.2006,0.2007,15176.7
2023-08-20 22:00:00,0.201,0.2012,0.201,0.2011,1721.2
2023-08-20 22:30:00,0.2011,0.2014,0.2008,0.2014,3009.2
2023-08-20 23:00:00,0.2011,0.2011,0.199,0.2001,206015.8
2023-08-20 23:30:00,0.2001,0.2006,0.1999,0.2002,14934.8
2023-08-21 00:00:00,0.2005,0.2007,0.1992,0.1994,26566.3
2023-08-21 00:30:00,0.1991,0.1995,0.1984,0.1992,63358.6
2023-08-21 01:00:00,0.1996,0.2002,0.1991,0.1997,51234.0
2023-08-21 01:30:00,0.2002,0.2004,0.1998,0.1998,30256.3
2023-08-21 02:00:00,0.1998,0.2,0.1986,0.199,71183.6
2023-08-21 02:30:00,0.1989,0.1989,0.1977,0.1977,27665.1
2023-08-21 03:00:00,0.1977,0.1979,0.1968,0.1972,223991.7
2023-08-21 03:30:00,0.1968,0.1969,0.1957,0.196,98597.7
2023-08-21 04:00:00,0.1962,0.1963,0.1957,0.1959,15687.8
2023-08-21 04:30:00,0.1957,0.1958,0.1942,0.1945,112939.6
2023-08-21 05:00:00,0.1944,0.1959,0.1944,0.1959,55655.1
2023-08-21 05:30:00,0.196,0.1967,0.196,0.1967,11505.1
2023-08-21 06:00:00,0.1964,0.1968,0.1963,0.1967,24089.8
2023-08-21 06:30:00,0.1966,0.1966,0.1949,0.1957,84984.8
2023-08-21 07:00:00,0.1954,0.1955,0.1945,0.1946,13499.4
2023-08-21 07:30:00,0.1944,0.1952,0.1943,0.1951,53332.4
2023-08-21 08:00:00,0.1952,0.1954,0.1941,0.1953,37812.6
2023-08-21 08:30:00,0.1955,0.1955,0.1941,0.1946,40227.1
2023-08-21 09:00:00,0.1944,0.1948,0.1944,0.1946,25764.5
2023-08-21 09:30:00,0.1946,0.1946,0.1937,0.1942,68485.1
2023-08-21 10:00:00,0.1941,0.1941,0.1928,0.193,217471.6
2023-08-21 10:30:00,0.1931,0.1931,0.1923,0.1925,49641.7
2023-08-21 11:00:00,0.1928,0.194,0.1924,0.1936,58944.6
2023-08-21 11:30:00,0.1939,0.1953,0.1938,0.1951,78506.0
2023-08-21 12:00:00,0.1952,0.1956,0.1949,0.195,77567.4
2023-08-21 12:30:00,0.195,0.195,0.193,0.1932,52398.3
2023-08-21 13:00:00,0.1934,0.1936,0.1917,0.1922,110902.2
2023-08-21 13:30:00,0.1926,0.1933,0.192,0.1933,94679.5
2023-08-21 14:00:00,0.1934,0.1944,0.193,0.1931,40314.5
2023-08-21 14:30:00,0.1932,0.1932,0.1924,0.1926,94729.7
2023-08-21 15:00:00,0.1928,0.1928,0.1865,0.188,418441.4
2023-08-21 15:30:00,0.1879,0.1903,0.1878,0.1889,89191.7
2023-08-21 16:00:00,0.189,0.1901,0.189,0.1898,39243.7
2023-08-21 16:30:00,0.1898,0.1903,0.1888,0.1893,74143.7
2023-08-21 17:00:00,0.1891,0.19,0.189,0.1898,43197.6
2023-08-21 17:30:00,0.19,0.1902,0.1897,0.1899,28763.4
2023-08-21 18:00:00,0.19,0.1901,0.1897,0.1901,7066.7
2023-08-21 18:30:00,0.1901,0.191,0.1901,0.1904,27791.6
2023-08-21 19:00:00,0.1905,0.1916,0.1905,0.1914,27161.5
2023-08-21 19:30:00,0.1914,0.192,0.1912,0.1913,50944.7
2023-08-21 20:00:00,0.1916,0.1917,0.1908,0.1909,23711.5
2023-08-21 20:30:00,0.1911,0.1915,0.1909,0.1914,29066.5
2023-08-21 21:00:00,0.1915,0.1915,0.1904,0.191,28292.5
2023-08-21 21:30:00,0.1912,0.1916,0.1911,0.1914,28238.8
2023-08-21 22:00:00,0.1917,0.1917,0.1911,0.1913,7939.8
2023-08-21 22:30:00,0.1909,0.1909,0.1908,0.1908,4271.4
2023-08-21 23:00:00,0.191,0.1911,0.1908,0.1911,1671.6
2023-08-21 23:30:00,0.1908,0.1912,0.1905,0.1906,8056.3
2023-08-22 00:00:00,0.1905,0.1912,0.1904,0.191,9932.7
2023-08-22 00:30:00,0.1909,0.1917,0.1909,0.1913,16294.5
2023-08-22 01:00:00,0.1914,0.1914,0.1909,0.191,10359.2
2023-08-22 01:30:00,0.1908,0.1911,0.1905,0.191,54283.7
2023-08-22 02:00:00,0.1909,0.1916,0.1909,0.1916,15990.7
2023-08-22 02:30:00,0.1915,0.1921,0.1915,0.1921,17842.6
2023-08-22 03:00:00,0.1921,0.1921,0.1913,0.1913,6903.4
2023-08-22 03:30:00,0.1907,0.1912,0.1907,0.1911,5479.2
2023-08-22 04:00:00,0.1908,0.1908,0.1903,0.1904,41595.8
2023-08-22 04:30:00,0.1907,0.1909,0.1904,0.1904,6418.6
2023-08-22 05:00:00,0.1906,0.191,0.1903,0.1906,57343.4
2023-08-22 05:30:00,0.191,0.1912,0.1907,0.191,41728.5
2023-08-22 06:00:00,0.191,0.1914,0.1906,0.1913,17395.5
2023-08-22 06:30:00,0.1915,0.1924,0.1914,0.1921,30182.0
2023-08-22 07:00:00,0.1923,0.1926,0.1923,0.1923,3231.1
2023-08-22 07:30:00,0.1923,0.1933,0.1923,0.193,69090.2
2023-08-22 08:00:00,0.193,0.193,0.1918,0.1921,40538.6
2023-08-22 08:30:00,0.1921,0.1921,0.1912,0.1915,70260.0
2023-08-22 09:00:00,0.1914,0.192,0.1914,0.1919,29461.9
2023-08-22 09:30:00,0.1916,0.1923,0.1913,0.1914,17421.2
2023-08-22 10:00:00,0.1912,0.1917,0.191,0.1915,36500.9
2023-08-22 10:30:00,0.1913,0.1915,0.1907,0.1909,25892.9
2023-08-22 11:00:00,0.1909,0.1915,0.1908,0.1915,9228.9
2023-08-22 11:30:00,0.1914,0.1914,0.1903,0.1907,39611.2
2023-08-22 12:00:00,0.1906,0.1915,0.1906,0.1913,46665.5
2023-08-22 12:30:00,0.1915,0.1917,0.1911,0.1911,31731.0
2023-08-22 13:00:00,0.1908,0.1908,0.1895,0.1899,100850.0
2023-08-22 13:30:00,0.1899,0.1899,0.1883,0.189,124119.1
2023-08-22 14:00:00,0.189,0.19,0.188,0.1897,52629.0
2023-08-22 14:30:00,0.1896,0.1897,0.1887,0.189,14279.4
2023-08-22 15:00:00,0.189,0.1898,0.1889,0.1898,92221.3
2023-08-22 15:30:00,0.1897,0.1898,0.1879,0.1885,60756.2
2023-08-22 16:00:00,0.1882,0.1886,0.1863,0.1872,144140.4
2023-08-22 16:30:00,0.1869,0.1891,0.1869,0.1887,43982.4
2023-08-22 17:00:00,0.1888,0.1888,0.1869,0.1873,22766.7
2023-08-22 17:30:00,0.1871,0.1871,0.1836,0.1843,339010.4
2023-08-22 18:00:00,0.1842,0.1849,0.1829,0.1848,204280.0
2023-08-22 18:30:00,0.1848,0.1862,0.1847,0.1858,38927.4
2023-08-22 19:00:00,0.1859,0.1869,0.1856,0.1856,30625.5
2023-08-22 19:30:00,0.1856,0.1857,0.185,0.1851,31096.7
2023-08-22 20:00:00,0.1854,0.1863,0.1854,0.1863,25049.3
2023-08-22 20:30:00,0.1862,0.1866,0.1858,0.1866,26971.9
2023-08-22 21:00:00,0.1865,0.1866,0.1816,0.1833,129710.3
2023-08-22 21:30:00,0.1834,0.1855,0.1834,0.1852,136926.1
2023-08-22 22:00:00,0.1853,0.1869,0.1851,0.1867,128984.8
2023-08-22 22:30:00,0.1867,0.1895,0.1867,0.1887,203597.6
2023-08-22 23:00:00,0.1888,0.1915,0.1888,0.1905,106573.6
2023-08-22 23:30:00,0.1904,0.1912,0.1901,0.1907,48149.1
2023-08-23 00:00:00,0.1908,0.1918,0.1908,0.1916,91356.6
2023-08-23 00:30:00,0.1915,0.1922,0.1912,0.1917,35321.5
2023-08-23 01:00:00,0.1915,0.1915,0.1906,0.1906,14933.3
2023-08-23 01:30:00,0.1906,0.1923,0.1905,0.1918,26777.8
2023-08-23 02:00:00,0.1917,0.1923,0.1911,0.1913,38253.8
2023-08-23 02:30:00,0.1913,0.1928,0.1913,0.1925,45026.6
2023-08-23 03:00:00,0.1925,0.1925,0.1915,0.1915,38734.1
2023-08-23 03:30:00,0.1919,0.1926,0.1918,0.1926,24092.5
2023-08-23 04:00:00,0.1926,0.1927,0.1918,0.1926,25585.0
2023-08-23 04:30:00,0.1926,0.1931,0.1925,0.1929,51956.1
2023-08-23 05:00:00,0.1929,0.1929,0.1917,0.1919,17488.9
2023-08-23 05:30:00,0.1916,0.192,0.1912,0.192,27178.0
2023-08-23 06:00:00,0.192,0.1928,0.1919,0.1924,17045.9
2023-08-23 06:30:00,0.1924,0.1935,0.1923,0.193,30399.8
2023-08-23 07:00:00,0.193,0.1937,0.1926,0.1934,20278.6
2023-08-23 07:30:00,0.1934,0.2113,0.1925,0.1955,643569.5
2023-08-23 08:00:00,0.1956,0.2024,0.1952,0.2003,1374932.5
2023-08-23 08:30:00,0.2003,0.2013,0.198,0.2011,663494.0
2023-08-23 09:00:00,0.2012,0.2049,0.2006,0.2029,873128.0
2023-08-23 09:30:00,0.2027,0.2035,0.2009,0.2013,279845.1
2023-08-23 10:00:00,0.2013,0.2013,0.1982,0.1984,400175.7
2023-08-23 10:30:00,0.1982,0.1987,0.196,0.1977,368363.7
2023-08-23 11:00:00,0.1977,0.1981,0.1962,0.1963,236152.3
2023-08-23 11:30:00,0.1963,0.1965,0.1956,0.1956,134025.0
2023-08-23 12:00:00,0.1956,0.1964,0.1948,0.1949,175580.5
2023-08-23 12:30:00,0.1949,0.195,0.1937,0.1937,156051.4
2023-08-23 13:00:00,0.1938,0.195,0.1934,0.1948,218775.1
2023-08-23 13:30:00,0.1947,0.1965,0.1943,0.1963,156798.7
2023-08-23 14:00:00,0.1963,0.1976,0.1958,0.1973,131110.2
2023-08-23 14:30:00,0.1972,0.198,0.1964,0.1965,164224.6
2023-08-23 15:00:00,0.1964,0.1975,0.1959,0.1973,101904.7
2023-08-23 15:30:00,0.1973,0.1984,0.1972,0.1981,64540.0
2023-08-23 16:00:00,0.1981,0.2007,0.1979,0.1997,285006.1
2023-08-23 16:30:00,0.1999,0.2016,0.1999,0.2009,206380.4
2023-08-23 17:00:00,0.2011,0.2022,0.2005,0.2012,101092.7
2023-08-23 17:30:00,0.2012,0.2025,0.2009,0.2011,146041.5
2023-08-23 18:00:00,0.2012,0.2014,0.1998,0.1999,67668.6
2023-08-23 18:30:00,0.1999,0.2003,0.1992,0.1999,101731.2
2023-08-23 19:00:00,0.1999,0.2005,0.1999,0.2005,27961.6
2023-08-23 19:30:00,0.2007,0.2019,0.2002,0.201,109611.1
2023-08-23 20:00:00,0.2011,0.2027,0.201,0.2023,104109.4
2023-08-23 20:30:00,0.2023,0.2026,0.2019,0.202,72419.5
2023-08-23 21:00:00,0.2019,0.2027,0.2013,0.2024,52600.7
2023-08-23 21:30:00,0.2022,0.2028,0.2001,0.2005,206738.9
2023-08-23 22:00:00,0.2005,0.2022,0.2005,0.2021,46981.3
2023-08-23 22:30:00,0.202,0.2024,0.2013,0.2014,44152.5
2023-08-23 23:00:00,0.2014,0.2017,0.2008,0.2008,26269.5
2023-08-23 23:30:00,0.2008,0.2018,0.2008,0.2014,25985.9
2023-08-24 00:00:00,0.2014,0.2017,0.2003,0.2005,170448.2
2023-08-24 00:30:00,0.2006,0.2013,0.2006,0.2013,71632.8
2023-08-24 01:00:00,0.2014,0.2014,0.1988,0.1995,343477.4
2023-08-24 01:30:00,0.1994,0.1996,0.1989,0.1991,30830.6
2023-08-24 02:00:00,0.199,0.1996,0.1989,0.1994,37647.5
2023-08-24 02:30:00,0.1995,0.2002,0.1994,0.2001,18780.5
2023-08-24 03:00:00,0.2001,0.2013,0.2,0.2012,91879.0
2023-08-24 03:30:00,0.2011,0.2012,0.2009,0.201,9829.7
2023-08-24 04:00:00,0.2011,0.2031,0.2011,0.2017,468646.3
2023-08-24 04:30:00,0.2015,0.2024,0.2015,0.2019,21927.2
2023-08-24 05:00:00,0.2019,0.2023,0.2018,0.2021,3271.9
2023-08-24 05:30:00,0.2019,0.2021,0.2008,0.2017,80200.4
2023-08-24 06:00:00,0.2017,0.202,0.2009,0.202,127266.6
2023-08-24 06:30:00,0.2021,0.2027,0.2016,0.2018,53822.0
2023-08-24 07:00:00,0.2018,0.2024,0.2018,0.2023,28364.0
2023-08-24 07:30:00,0.2023,0.2023,0.2017,0.2022,23563.2
2023-08-24 08:00:00,0.2021,0.2022,0.2009,0.201,31236.8
2023-08-24 08:30:00,0.2009,0.2009,0.1998,0.2004,82033.9
2023-08-24 09:00:00,0.2003,0.2007,0.1999,0.2,14633.9
2023-08-24 09:30:00,0.2,0.2003,0.199,0.1991,51094.8
2023-08-24 10:00:00,0.199,0.1991,0.198,0.1989,207040.3
2023-08-24 10:30:00,0.199,0.1992,0.1987,0.1991,13024.0
2023-08-24 11:00:00,0.1991,0.2,0.1991,0.1999,32581.8
2023-08-24 11:30:00,0.1999,0.2001,0.1992,0.1993,41391.3
2023-08-24 12:00:00,0.1991,0.1993,0.1979,0.199,135385.6
2023-08-24 12:30:00,0.1988,0.1993,0.1984,0.1989,33079.5
2023-08-24 13:00:00,0.1988,0.1993,0.1987,0.1992,71399.3
2023-08-24 13:30:00,0.1993,0.1994,0.1983,0.1989,44032.6
2023-08-24 14:00:00,0.1989,0.1991,0.1984,0.1987,24572.3
2023-08-24 14:30:00,0.1985,0.1985,0.1965,0.1973,139567.4
2023-08-24 15:00:00,0.197,0.1979,0.1958,0.1963,109329.3
2023-08-24 15:30:00,0.1963,0.1971,0.196,0.1968,53726.7
2023-08-24 16:00:00,0.1967,0.1975,0.1966,0.1971,18667.1
2023-08-24 16:30:00,0.1971,0.1983,0.1971,0.1978,26963.1
2023-08-24 17:00:00,0.1976,0.1976,0.1965,0.1966,22569.6
2023-08-24 17:30:00,0.1965,0.1968,0.1949,0.1961,89588.1
2023-08-24 18:00:00,0.1966,0.1967,0.1963,0.1964,5590.4
2023-08-24 18:30:00,0.1965,0.1965,0.1961,0.1964,6311.6
2023-08-24 19:00:00,0.1963,0.1971,0.1962,0.1971,22412.9
2023-08-24 19:30:00,0.1972,0.1973,0.196,0.1962,17572.8
2023-08-24 20:00:00,0.1959,0.1963,0.195,0.1961,53279.2
2023-08-24 20:30:00,0.196,0.196,0.1934,0.1941,115036.2
2023-08-24 21:00:00,0.1943,0.1954,0.1943,0.1953,40775.6
2023-08-24 21:30:00,0.1953,0.1957,0.1953,0.1957,16552.6
2023-08-24 22:00:00,0.1955,0.1957,0.1951,0.1953,10835.5
2023-08-24 22:30:00,0.1954,0.1955,0.195,0.1952,6836.2
2023-08-24 23:00:00,0.1951,0.1954,0.1947,0.1954,12086.3
2023-08-24 23:30:00,0.1956,0.1964,0.1955,0.1961,33066.7
2023-08-25 00:00:00,0.1961,0.1961,0.1949,0.1952,60755.5
2023-08-25 00:30:00,0.1951,0.1951,0.1943,0.1943,9149.3
2023-08-25 01:00:00,0.1944,0.1945,0.1933,0.194,75985.3
2023-08-25 01:30:00,0.1938,0.1943,0.1937,0.1943,8473.7
2023-08-25 02:00:00,0.1943,0.1949,0.1939,0.1949,37476.6
2023-08-25 02:30:00,0.1949,0.1949,0.1938,0.194,21088.6
2023-08-25 03:00:00,0.1937,0.194,0.1891,0.1916,264453.1
2023-08-25 03:30:00,0.1911,0.1917,0.1902,0.1909,465383.3
2023-08-25 04:00:00,0.1909,0.1912,0.1899,0.1902,280617.2
2023-08-25 04:30:00,0.1901,0.1907,0.1894,0.1902,80432.7
2023-08-25 05:00:00,0.1902,0.1916,0.1898,0.1912,41131.4
2023-08-25 05:30:00,0.1915,0.1928,0.1915,0.1924,84843.9
2023-08-25 06:00:00,0.1923,0.1925,0.1913,0.1917,25010.9
2023-08-25 06:30:00,0.1918,0.1918,0.1909,0.1918,12575.4
2023-08-25 07:00:00,0.192,0.1925,0.192,0.1923,21540.0
2023-08-25 07:30:00,0.1923,0.1923,0.1918,0.1919,5151.2
2023-08-25 08:00:00,0.1918,0.1934,0.1917,0.1933,53773.2
2023-08-25 08:30:00,0.1933,0.194,0.1932,0.1932,239961.3
2023-08-25 09:00:00,0.193,0.1935,0.1925,0.1933,65649.3
2023-08-25 09:30:00,0.1935,0.1935,0.1929,0.193,17903.5
2023-08-25 10:00:00,0.1931,0.1936,0.193,0.1936,13982.9
2023-08-25 10:30:00,0.1934,0.1937,0.1934,0.1936,5517.0
2023-08-25 11:00:00,0.1933,0.1942,0.1933,0.1941,19586.8
2023-08-25 11:30:00,0.1942,0.1943,0.1936,0.1939,17640.4
2023-08-25 12:00:00,0.1939,0.1946,0.1937,0.1941,55786.2
2023-08-25 12:30:00,0.1941,0.1945,0.1934,0.1938,45308.0
2023-08-25 13:00:00,0.1938,0.1951,0.1936,0.1943,50675.4
2023-08-25 13:30:00,0.1944,0.1948,0.1935,0.1936,21842.0
2023-08-25 14:00:00,0.1934,0.1957,0.1929,0.1941,125522.2
2023-08-25 14:30:00,0.1943,0.1944,0.1926,0.1929,39347.4
2023-08-25 15:00:00,0.193,0.1949,0.1924,0.1946,31826.7
2023-08-25 15:30:00,0.1945,0.1945,0.1938,0.1942,23085.6
2023-08-25 16:00:00,0.1944,0.1948,0.1936,0.1948,14612.7
2023-08-25 16:30:00,0.1949,0.1949,0.1928,0.1932,18876.1
2023-08-25 17:00:00,0.1937,0.1939,0.1933,0.1937,19858.7
2023-08-25 17:30:00,0.1938,0.1939,0.1929,0.1938,14136.1
2023-08-25 18:00:00,0.1939,0.1947,0.1939,0.1944,37357.8
2023-08-25 18:30:00,0.1944,0.1959,0.1944,0.1958,27391.5
2023-08-25 19:00:00,0.1955,0.1958,0.1949,0.1951,22844.4
2023-08-25 19:30:00,0.1946,0.1949,0.1946,0.1948,9107.5
2023-08-25 20:00:00,0.1946,0.1951,0.1946,0.1951,6948.9
2023-08-25 20:30:00,0.1947,0.1953,0.1947,0.1952,6283.8
2023-08-25 21:00:00,0.1952,0.1952,0.1949,0.195,4797.0
2023-08-25 21:30:00,0.1949,0.1955,0.1948,0.1954,13183.7
2023-08-25 22:00:00,0.1955,0.1962,0.1953,0.1953,32148.6
2023-08-25 22:30:00,0.1954,0.1962,0.1954,0.1962,23344.4
2023-08-25 23:00:00,0.1962,0.1964,0.1957,0.1961,19743.6
2023-08-25 23:30:00,0.1961,0.1971,0.1959,0.1971,38643.7
2023-08-26 00:00:00,0.1971,0.1971,0.1958,0.1962,15590.2
2023-08-26 00:30:00,0.1962,0.1963,0.196,0.1962,4229.1
2023-08-26 01:00:00,0.197,0.1977,0.197,0.1975,26281.9
2023-08-26 01:30:00,0.1976,0.1978,0.1974,0.1977,3776.7
2023-08-26 02:00:00,0.1976,0.1981,0.1972,0.1973,9096.7
2023-08-26 02:30:00,0.1972,0.1982,0.1972,0.198,8168.8
2023-08-26 03:00:00,0.1981,0.1985,0.1981,0.1983,14904.2
2023-08-26 03:30:00,0.1984,0.1986,0.1982,0.1986,17771.4
2023-08-26 04:00:00,0.1986,0.1989,0.1984,0.1984,9104.2
2023-08-26 04:30:00,0.1982,0.1984,0.1982,0.1984,12227.4
2023-08-26 05:00:00,0.1984,0.1984,0.1983,0.1983,4941.2
2023-08-26 05:30:00,0.1982,0.1982,0.1967,0.1968,46689.7
2023-08-26 06:00:00,0.197,0.1975,0.1967,0.1975,11460.6
2023-08-26 06:30:00,0.1976,0.1978,0.1976,0.1977,4943.8
2023-08-26 07:00:00,0.1979,0.1982,0.1975,0.1978,10534.3
2023-08-26 07:30:00,0.1976,0.1976,0.1972,0.1973,2077.0
2023-08-26 08:00:00,0.1972,0.1983,0.197,0.1982,22832.7
2023-08-26 08:30:00,0.1982,0.1982,0.1974,0.1976,7439.6
2023-08-26 09:00:00,0.1976,0.1981,0.1975,0.1975,19078.4
2023-08-26 09:30:00,0.1973,0.1975,0.1969,0.1975,7402.1
2023-08-26 10:00:00,0.1975,0.1984,0.1975,0.1982,16857.8
2023-08-26 10:30:00,0.1982,0.1984,0.198,0.1984,12567.9
2023-08-26 11:00:00,0.1983,0.1986,0.1981,0.1985,19437.7
2023-08-26 11:30:00,0.1985,0.1985,0.1982,0.1985,3896.5
2023-08-26 12:00:00,0.1985,0.199,0.1984,0.1988,29332.2
2023-08-26 12:30:00,0.1986,0.1987,0.1979,0.1986,51912.3
2023-08-26 13:00:00,0.1987,0.1996,0.1986,0.199,38121.8
2023-08-26 13:30:00,0.199,0.199,0.1981,0.1985,28608.4
2023-08-26 14:00:00,0.1985,0.1985,0.1978,0.1979,6020.2
2023-08-26 14:30:00,0.1979,0.1986,0.1979,0.1985,7737.9
2023-08-26 15:00:00,0.1986,0.1989,0.1981,0.1984,17422.8
2023-08-26 15:30:00,0.1983,0.1984,0.198,0.1984,24704.6
2023-08-26 16:00:00,0.1983,0.1987,0.1981,0.1985,11999.2
2023-08-26 16:30:00,0.1985,0.1985,0.1972,0.1976,10638.4
2023-08-26 17:00:00,0.1972,0.1974,0.1966,0.1973,33642.5
2023-08-26 17:30:00,0.1971,0.1972,0.1959,0.1962,27524.8
2023-08-26 18:00:00,0.1962,0.1965,0.196,0.1963,10106.5
2023-08-26 18:30:00,0.1963,0.1963,0.1948,0.1948,77851.3
2023-08-26 19:00:00,0.1948,0.1954,0.1948,0.1954,19752.6
2023-08-26 19:30:00,0.1953,0.1955,0.1952,0.1955,3031.4
2023-08-26 20:00:00,0.1955,0.1955,0.1949,0.1952,25731.4
2023-08-26 20:30:00,0.1951,0.1951,0.1946,0.1947,15215.1
2023-08-26 21:00:00,0.1946,0.1953,0.1944,0.1953,15966.9
2023-08-26 21:30:00,0.1953,0.1956,0.1952,0.1956,9021.7
2023-08-26 22:00:00,0.1956,0.1963,0.1954,0.1961,38790.6
2023-08-26 22:30:00,0.196,0.196,0.1955,0.1955,3147.8
2023-08-26 23:00:00,0.1955,0.1955,0.1947,0.1953,13447.9
2023-08-26 23:30:00,0.195,0.1953,0.195,0.1951,2565.9
2023-08-27 00:00:00,0.1947,0.1948,0.1941,0.1948,49718.5
2023-08-27 00:30:00,0.1949,0.195,0.1941,0.1946,19455.1
2023-08-27 01:00:00,0.194,0.1943,0.1935,0.1941,30953.3
2023-08-27 01:30:00,0.1938,0.1944,0.1938,0.1944,3341.8
2023-08-27 02:00:00,0.1943,0.1944,0.1942,0.1943,3293.9
2023-08-27 02:30:00,0.1942,0.1942,0.1935,0.1936,5850.3
2023-08-27 03:00:00,0.1936,0.1939,0.1936,0.1936,1113.4
2023-08-27 03:30:00,0.1936,0.1943,0.1936,0.1936,5497.2
2023-08-27 04:00:00,0.1939,0.1941,0.1939,0.194,4885.9
2023-08-27 04:30:00,0.1941,0.1946,0.1941,0.1946,5820.8
2023-08-27 05:00:00,0.1945,0.1945,0.1939,0.1939,4066.4
2023-08-27 05:30:00,0.194,0.1943,0.1937,0.1943,8611.8
2023-08-27 06:00:00,0.1942,0.1942,0.1936,0.1937,10697.3
2023-08-27 06:30:00,0.1939,0.1946,0.1939,0.1946,11220.0
2023-08-27 07:00:00,0.1945,0.1945,0.1936,0.1937,11666.9
2023-08-27 07:30:00,0.1937,0.1949,0.1937,0.1947,31876.4
2023-08-27 08:00:00,0.1948,0.1949,0.1942,0.1945,18125.5
2023-08-27 08:30:00,0.1945,0.1954,0.1944,0.1952,24352.1
2023-08-27 09:00:00,0.1954,0.1955,0.1947,0.1952,29680.5
2023-08-27 09:30:00,0.195,0.195,0.1948,0.1949,7666.2
2023-08-27 10:00:00,0.195,0.1956,0.1948,0.1956,9818.2
2023-08-27 10:30:00,0.1955,0.1958,0.1953,0.1953,12211.8
2023-08-27 11:00:00,0.1952,0.1956,0.1948,0.1953,7216.9
2023-08-27 11:30:00,0.1952,0.1952,0.1947,0.1949,6810.8
2023-08-27 12:00:00,0.1948,0.1948,0.1941,0.1948,14991.6
2023-08-27 12:30:00,0.1946,0.1953,0.1945,0.1951,6136.1
2023-08-27 13:00:00,0.1952,0.1953,0.1949,0.1952,7656.0
2023-08-27 13:30:00,0.1951,0.1953,0.1945,0.1949,13524.6
2023-08-27 14:00:00,0.1947,0.1954,0.1946,0.1954,13524.6
2023-08-27 14:30:00,0.1957,0.1963,0.1954,0.1956,39145.6
2023-08-27 15:00:00,0.1959,0.1961,0.1955,0.1958,8110.8
2023-08-27 15:30:00,0.1958,0.1958,0.1947,0.195,37761.2
2023-08-27 16:00:00,0.1951,0.1951,0.194,0.1948,32739.5
2023-08-27 16:30:00,0.1948,0.1952,0.1946,0.1951,16302.3
2023-08-27 17:00:00,0.1952,0.1955,0.1944,0.1944,29853.3
2023-08-27 17:30:00,0.1944,0.1944,0.1937,0.1937,14427.6
2023-08-27 18:00:00,0.1937,0.194,0.1933,0.194,21909.2
2023-08-27 18:30:00,0.194,0.1944,0.194,0.1944,10480.7
2023-08-27 19:00:00,0.1946,0.1949,0.1946,0.1947,8267.9
2023-08-27 19:30:00,0.195,0.1952,0.195,0.195,1838.5
2023-08-27 20:00:00,0.1946,0.1946,0.194,0.1941,20735.2
2023-08-27 20:30:00,0.1943,0.1943,0.1939,0.1939,6253.7
2023-08-27 21:00:00,0.1939,0.1945,0.1939,0.1945,7865.6
2023-08-27 21:30:00,0.1944,0.1946,0.193,0.1935,30246.6
2023-08-27 22:00:00,0.1935,0.1937,0.1933,0.1937,3344.0
2023-08-27 22:30:00,0.194,0.1944,0.194,0.1944,7765.3
2023-08-27 23:00:00,0.1946,0.1949,0.1944,0.1946,9794.5
2023-08-27 23:30:00,0.1946,0.1951,0.1946,0.1951,4808.4
2023-08-28 00:00:00,0.195,0.1952,0.1938,0.1938,18386.8
2023-08-28 00:30:00,0.1939,0.1942,0.1926,0.1933,54143.8
2023-08-28 01:00:00,0.1935,0.1936,0.192,0.1929,37067.3
2023-08-28 01:30:00,0.1931,0.1931,0.1908,0.191,167579.4
2023-08-28 02:00:00,0.191,0.1919,0.1908,0.1919,34184.2
2023-08-28 02:30:00,0.1916,0.1916,0.1889,0.1896,219453.0
2023-08-28 03:00:00,0.1895,0.1906,0.1894,0.1906,30520.1
2023-08-28 03:30:00,0.1907,0.1908,0.1898,0.1898,16234.2
2023-08-28 04:00:00,0.1899,0.1902,0.1895,0.1902,17607.3
2023-08-28 04:30:00,0.1903,0.1905,0.1901,0.1901,10497.6
2023-08-28 05:00:00,0.1901,0.1901,0.1894,0.1894,16695.7
2023-08-28 05:30:00,0.1892,0.1894,0.1869,0.1892,181880.9
2023-08-28 06:00:00,0.1891,0.1897,0.1888,0.1891,25366.3
2023-08-28 06:30:00,0.1892,0.1895,0.1892,0.1892,11077.8
2023-08-28 07:00:00,0.1891,0.1891,0.1882,0.1882,84050.0
2023-08-28 07:30:00,0.1882,0.1888,0.1877,0.1888,23875.2
2023-08-28 08:00:00,0.1887,0.1889,0.188,0.1883,44627.4
2023-08-28 08:30:00,0.1881,0.1885,0.1875,0.1881,68001.6
2023-08-28 09:00:00,0.1884,0.1885,0.1867,0.1883,46199.3
2023-08-28 09:30:00,0.1883,0.1885,0.188,0.1885,14461.5
2023-08-28 10:00:00,0.1885,0.1895,0.1884,0.1894,35433.9
2023-08-28 10:30:00,0.1895,0.1907,0.1891,0.1899,106005.9
2023-08-28 11:00:00,0.1899,0.19,0.1897,0.1897,8746.1
2023-08-28 11:30:00,0.1897,0.19,0.1893,0.19,10688.3
2023-08-28 12:00:00,0.19,0.1931,0.19,0.1924,104220.3
2023-08-28 12:30:00,0.1925,0.1929,0.1916,0.1923,68227.0
2023-08-28 13:00:00,0.1924,0.1924,0.1914,0.1915,9339.8
2023-08-28 13:30:00,0.1915,0.1931,0.1915,0.1924,57693.3
2023-08-28 14:00:00,0.1926,0.1933,0.1919,0.1932,56971.5
2023-08-28 14:30:00,0.1932,0.194,0.1931,0.1938,27067.2
2023-08-28 15:00:00,0.1939,0.1949,0.1938,0.1948,61825.9
2023-08-28 15:30:00,0.1949,0.1956,0.1945,0.1948,68673.5
2023-08-28 16:00:00,0.1949,0.1956,0.1936,0.1941,105879.3
2023-08-28 16:30:00,0.1944,0.1983,0.1944,0.1979,266214.3
2023-08-28 17:00:00,0.1979,0.1979,0.1963,0.1964,41008.7
2023-08-28 17:30:00,0.1964,0.1991,0.1964,0.1989,152493.1
2023-08-28 18:00:00,0.199,0.199,0.198,0.1985,34290.7
2023-08-28 18:30:00,0.1986,0.1997,0.1979,0.1997,134663.7
2023-08-28 19:00:00,0.1997,0.1997,0.1967,0.1975,164735.5
2023-08-28 19:30:00,0.1979,0.1979,0.1972,0.1979,34996.7
2023-08-28 20:00:00,0.1977,0.1983,0.1971,0.1982,20131.8
2023-08-28 20:30:00,0.1983,0.1984,0.1974,0.1974,86164.3
2023-08-28 21:00:00,0.1975,0.1979,0.1968,0.1978,60419.8
2023-08-28 21:30:00,0.1977,0.1977,0.1967,0.1971,17185.5
2023-08-28 22:00:00,0.197,0.1984,0.1968,0.1982,21031.5
2023-08-28 22:30:00,0.1982,0.1987,0.198,0.1987,28128.0
2023-08-28 23:00:00,0.1986,0.1989,0.1981,0.1985,85984.1
2023-08-28 23:30:00,0.1985,0.1985,0.1977,0.1977,12264.7
2023-08-29 00:00:00,0.1976,0.1977,0.1965,0.1966,38249.3
2023-08-29 00:30:00,0.1967,0.1975,0.1966,0.1973,6723.6
2023-08-29 01:00:00,0.1974,0.1984,0.1972,0.198,21657.8
2023-08-29 01:30:00,0.1981,0.1984,0.1975,0.1976,24366.9
2023-08-29 02:00:00,0.1977,0.1977,0.1968,0.1969,99832.0
2023-08-29 02:30:00,0.1968,0.1969,0.1962,0.1963,43611.4
2023-08-29 03:00:00,0.1964,0.1966,0.1952,0.1957,66473.1
2023-08-29 03:30:00,0.1957,0.1962,0.1952,0.1959,50638.0
2023-08-29 04:00:00,0.1961,0.1964,0.1957,0.1963,7971.0
2023-08-29 04:30:00,0.1963,0.1963,0.1959,0.1961,8490.3
2023-08-29 05:00:00,0.1962,0.1963,0.1958,0.1963,16900.9
2023-08-29 05:30:00,0.1964,0.1973,0.1963,0.1969,34732.4
2023-08-29 06:00:00,0.1968,0.1968,0.1957,0.1958,20880.1
2023-08-29 06:30:00,0.1958,0.1958,0.1946,0.1948,69214.7
2023-08-29 07:00:00,0.1948,0.1952,0.1944,0.1952,160027.3
2023-08-29 07:30:00,0.1952,0.1958,0.1942,0.1942,91473.1
2023-08-29 08:00:00,0.1941,0.195,0.194,0.195,47482.4
2023-08-29 08:30:00,0.1949,0.1949,0.1937,0.1938,55471.3
2023-08-29 09:00:00,0.1937,0.1943,0.1935,0.1941,32206.9
2023-08-29 09:30:00,0.194,0.194,0.193,0.193,44400.7
2023-08-29 10:00:00,0.193,0.1933,0.1916,0.1922,113324.4
2023-08-29 10:30:00,0.1921,0.1926,0.1916,0.1922,25379.8
2023-08-29 11:00:00,0.1923,0.1937,0.1923,0.1935,60912.8
2023-08-29 11:30:00,0.1934,0.1935,0.1924,0.1929,27218.1
2023-08-29 12:00:00,0.1927,0.193,0.1923,0.1929,16885.8
2023-08-29 12:30:00,0.193,0.1936,0.1928,0.1931,32692.7
2023-08-29 13:00:00,0.1933,0.1933,0.1924,0.1926,50278.9
2023-08-29 13:30:00,0.1926,0.1942,0.1925,0.1938,103371.9
2023-08-29 14:00:00,0.1938,0.2049,0.1938,0.2017,644439.5
2023-08-29 14:30:00,0.2016,0.205,0.2012,0.2036,730061.7
2023-08-29 15:00:00,0.2036,0.2048,0.2011,0.204,413951.0
2023-08-29 15:30:00,0.204,0.2046,0.2031,0.2036,116776.5
2023-08-29 16:00:00,0.2036,0.2067,0.2035,0.2058,526424.5
2023-08-29 16:30:00,0.2059,0.2066,0.2051,0.2064,205438.7
2023-08-29 17:00:00,0.2064,0.2078,0.2056,0.2077,174664.8
2023-08-29 17:30:00,0.2076,0.2085,0.2066,0.2072,165700.5
2023-08-29 18:00:00,0.2073,0.2079,0.207,0.2076,70562.3
2023-08-29 18:30:00,0.2077,0.2078,0.206,0.2062,34414.3
2023-08-29 19:00:00,0.2062,0.2068,0.2054,0.2057,62312.4
2023-08-29 19:30:00,0.2058,0.2066,0.2055,0.2062,97164.1
2023-08-29 20:00:00,0.2063,0.2073,0.2063,0.2073,34623.6
2023-08-29 20:30:00,0.2072,0.2074,0.2055,0.2057,56608.6
2023-08-29 21:00:00,0.2057,0.2076,0.2057,0.2076,122522.5
2023-08-29 21:30:00,0.2074,0.2084,0.2073,0.2078,159463.5
2023-08-29 22:00:00,0.2078,0.2091,0.2075,0.2078,147347.6
2023-08-29 22:30:00,0.2078,0.2086,0.2078,0.2086,13171.0
2023-08-29 23:00:00,0.2085,0.2085,0.2067,0.2071,64612.7
2023-08-29 23:30:00,0.2071,0.2081,0.207,0.2081,62591.9
2023-08-30 00:00:00,0.2079,0.2089,0.2076,0.2077,47929.9
2023-08-30 00:30:00,0.2077,0.2077,0.2063,0.2066,74918.6
2023-08-30 01:00:00,0.2065,0.2066,0.2047,0.205,188136.7
2023-08-30 01:30:00,0.205,0.2063,0.2048,0.206,32442.2
2023-08-30 02:00:00,0.2062,0.2071,0.2061,0.2063,64840.0
2023-08-30 02:30:00,0.2062,0.207,0.2062,0.2067,53559.2
2023-08-30 03:00:00,0.2067,0.2067,0.2052,0.2054,28328.3
2023-08-30 03:30:00,0.2056,0.2068,0.2056,0.2068,30416.2
2023-08-30 04:00:00,0.2069,0.2071,0.2064,0.2065,32365.8
2023-08-30 04:30:00,0.2065,0.2069,0.2062,0.2067,21504.2
2023-08-30 05:00:00,0.2067,0.2071,0.2067,0.2067,28716.0
2023-08-30 05:30:00,0.2068,0.2077,0.2065,0.2076,61887.8
2023-08-30 06:00:00,0.2076,0.2076,0.2064,0.2065,72828.7
2023-08-30 06:30:00,0.2065,0.2065,0.206,0.2061,14283.4
2023-08-30 07:00:00,0.2061,0.2069,0.2058,0.2067,65279.5
2023-08-30 07:30:00,0.2069,0.2074,0.2065,0.2068,89433.3
2023-08-30 08:00:00,0.2067,0.207,0.2061,0.2063,70270.9
2023-08-30 08:30:00,0.2065,0.2074,0.2065,0.2071,26329.9
2023-08-30 09:00:00,0.207,0.2071,0.2058,0.2058,11340.0
2023-08-30 09:30:00,0.2058,0.2065,0.2051,0.2059,91294.8
2023-08-30 10:00:00,0.2061,0.2067,0.206,0.2063,32687.7
2023-08-30 10:30:00,0.2065,0.2065,0.2058,0.2061,13093.6
2023-08-30 11:00:00,0.206,0.2065,0.2055,0.2055,30294.2
2023-08-30 11:30:00,0.2057,0.206,0.2046,0.2049,37918.1
2023-08-30 12:00:00,0.2046,0.2058,0.2046,0.2058,9956.9
2023-08-30 12:30:00,0.2058,0.2058,0.2045,0.2054,47977.2
2023-08-30 13:00:00,0.2053,0.2061,0.2052,0.2061,2837.4
2023-08-30 13:30:00,0.2059,0.2062,0.2043,0.2057,59533.2
2023-08-30 14:00:00,0.2056,0.2061,0.2044,0.2048,26154.8
2023-08-30 14:30:00,0.2046,0.2048,0.2023,0.2033,65803.7
2023-08-30 15:00:00,0.2032,0.2039,0.2024,0.2034,62891.3
2023-08-30 15:30:00,0.2034,0.2043,0.2034,0.2037,8956.7
2023-08-30 16:00:00,0.2038,0.2041,0.203,0.2032,33486.9
2023-08-30 16:30:00,0.2033,0.2033,0.2025,0.2028,35786.7
2023-08-30 17:00:00,0.2031,0.204,0.2031,0.2037,5313.8
2023-08-30 17:30:00,0.2038,0.204,0.2031,0.2031,11198.5
2023-08-30 18:00:00,0.2031,0.2031,0.2026,0.2027,37892.3
2023-08-30 18:30:00,0.2028,0.2034,0.2028,0.2033,13012.6
2023-08-30 19:00:00,0.2034,0.2034,0.203,0.2031,6183.0
2023-08-30 19:30:00,0.2029,0.2033,0.2028,0.2028,16533.2
2023-08-30 20:00:00,0.203,0.2034,0.203,0.2034,3130.6
2023-08-30 20:30:00,0.2036,0.2037,0.2033,0.2035,8485.8
2023-08-30 21:00:00,0.2036,0.2037,0.2034,0.2034,2924.2
2023-08-30 21:30:00,0.203,0.203,0.2026,0.2028,3896.6
2023-08-30 22:00:00,0.203,0.2033,0.2027,0.203,6992.0
2023-08-30 22:30:00,0.203,0.2035,0.203,0.2035,17099.2
2023-08-30 23:00:00,0.2033,0.2033,0.2025,0.2032,143116.6
2023-08-30 23:30:00,0.2031,0.2031,0.2026,0.2031,9869.9
2023-08-31 00:00:00,0.2032,0.2032,0.2021,0.2021,17429.1
2023-08-31 00:30:00,0.2022,0.2024,0.202,0.2022,61823.7
2023-08-31 01:00:00,0.2022,0.2023,0.2017,0.2022,50914.2
2023-08-31 01:30:00,0.202,0.2021,0.2014,0.2014,31549.3
2023-08-31 02:00:00,0.2016,0.2022,0.2015,0.2016,2721.6
2023-08-31 02:30:00,0.2015,0.2018,0.2014,0.2017,40038.0
2023-08-31 03:00:00,0.2018,0.2019,0.2015,0.2015,5231.0
2023-08-31 03:30:00,0.2016,0.2018,0.2013,0.2018,6290.0
2023-08-31 04:00:00,0.2018,0.2023,0.2015,0.2023,8669.1
2023-08-31 04:30:00,0.2023,0.2033,0.2023,0.2032,36321.2
2023-08-31 05:00:00,0.2033,0.2035,0.2031,0.2035,21387.6
2023-08-31 05:30:00,0.2033,0.2037,0.2032,0.2036,13103.2
2023-08-31 06:00:00,0.2036,0.2036,0.2029,0.2031,22037.5
2023-08-31 06:30:00,0.2032,0.204,0.2032,0.2036,16054.7
2023-08-31 07:00:00,0.2037,0.2038,0.2027,0.2037,10987.9
2023-08-31 07:30:00,0.2037,0.204,0.2031,0.2032,8905.8
2023-08-31 08:00:00,0.2031,0.2033,0.2026,0.2028,22407.8
2023-08-31 08:30:00,0.2027,0.203,0.2025,0.2027,10815.2
2023-08-31 09:00:00,0.2027,0.2031,0.2025,0.2028,39101.0
2023-08-31 09:30:00,0.2028,0.2036,0.2027,0.2034,64676.8
2023-08-31 10:00:00,0.2035,0.2036,0.2031,0.2032,2426.0
2023-08-31 10:30:00,0.2032,0.2039,0.2032,0.2037,13118.7
2023-08-31 11:00:00,0.2038,0.2051,0.2038,0.2051,98120.3
2023-08-31 11:30:00,0.2051,0.2061,0.2046,0.2055,91000.6
2023-08-31 12:00:00,0.2054,0.2058,0.2037,0.2046,52097.6
2023-08-31 12:30:00,0.2046,0.2057,0.2046,0.2055,24843.3
2023-08-31 13:00:00,0.2055,0.2055,0.2038,0.2038,156560.8
2023-08-31 13:30:00,0.2039,0.2039,0.203,0.2037,32921.1
2023-08-31 14:00:00,0.2037,0.2039,0.2023,0.2029,44063.5
2023-08-31 14:30:00,0.203,0.2037,0.2028,0.2035,10892.8
2023-08-31 15:00:00,0.2037,0.2043,0.2028,0.2032,14899.3
2023-08-31 15:30:00,0.2031,0.2032,0.1999,0.2017,139043.8
2023-08-31 16:00:00,0.2017,0.2019,0.2007,0.2011,75425.3
2023-08-31 16:30:00,0.2011,0.2012,0.1962,0.1962,354575.6
2023-08-31 17:00:00,0.1963,0.1975,0.1929,0.1964,294657.6
2023-08-31 17:30:00,0.1965,0.1971,0.1962,0.1971,62664.1
2023-08-31 18:00:00,0.1971,0.1979,0.197,0.1974,40478.7
2023-08-31 18:30:00,0.1973,0.1978,0.1967,0.1971,43859.4
2023-08-31 19:00:00,0.1969,0.197,0.1945,0.1956,134047.4
2023-08-31 19:30:00,0.1959,0.1972,0.1959,0.1966,71046.5
2023-08-31 20:00:00,0.1965,0.1965,0.1946,0.1957,238916.5
2023-08-31 20:30:00,0.1957,0.1957,0.1945,0.1948,54432.9
2023-08-31 21:00:00,0.1947,0.1947,0.1925,0.1933,625415.6
2023-08-31 21:30:00,0.1933,0.1933,0.1927,0.1929,53636.1
2023-08-31 22:00:00,0.193,0.1936,0.1925,0.1933,9265.4
2023-08-31 22:30:00,0.1934,0.1947,0.1933,0.1947,73445.9
2023-08-31 23:00:00,0.1946,0.1948,0.1936,0.1936,36133.7
2023-08-31 23:30:00,0.1937,0.1942,0.1935,0.1938,6942.6
2023-09-01 00:00:00,0.1935,0.1952,0.1933,0.1951,92010.1
2023-09-01 00:30:00,0.1949,0.1954,0.1949,0.1952,12535.0
2023-09-01 01:00:00,0.1948,0.1949,0.194,0.194,10066.5
2023-09-01 01:30:00,0.1939,0.1939,0.1934,0.1935,19359.6
2023-09-01 02:00:00,0.1934,0.1937,0.1934,0.1936,4597.4
2023-09-01 02:30:00,0.194,0.194,0.1938,0.1938,2026.1
2023-09-01 03:00:00,0.1937,0.1937,0.1933,0.1935,3605.3
2023-09-01 03:30:00,0.1937,0.1944,0.1937,0.1942,14517.4
2023-09-01 04:00:00,0.1941,0.1942,0.1937,0.1937,2904.2
2023-09-01 04:30:00,0.1937,0.1938,0.1932,0.1932,9963.6
2023-09-01 05:00:00,0.1934,0.1935,0.1933,0.1934,9887.7
2023-09-01 05:30:00,0.1933,0.1936,0.1931,0.1936,31499.5
2023-09-01 06:00:00,0.1935,0.1935,0.1932,0.1934,2853.5
2023-09-01 06:30:00,0.1934,0.1934,0.1902,0.1908,254622.7
2023-09-01 07:00:00,0.1908,0.1911,0.1905,0.1911,21943.6
2023-09-01 07:30:00,0.1911,0.1916,0.191,0.1911,42171.0
2023-09-01 08:00:00,0.1912,0.1915,0.1906,0.1909,35490.9
2023-09-01 08:30:00,0.1907,0.1911,0.1907,0.1911,21950.7
2023-09-01 09:00:00,0.1911,0.1911,0.19,0.1903,114195.4
2023-09-01 09:30:00,0.1904,0.191,0.1902,0.1905,92160.0
2023-09-01 10:00:00,0.1904,0.1906,0.1899,0.19,55973.5
2023-09-01 10:30:00,0.19,0.1902,0.1895,0.1899,168575.8
2023-09-01 11:00:00,0.19,0.1917,0.1899,0.1917,203166.5
2023-09-01 11:30:00,0.1917,0.1923,0.1915,0.1921,34279.6
2023-09-01 12:00:00,0.1923,0.1923,0.1914,0.1916,26896.8
2023-09-01 12:30:00,0.1917,0.1923,0.1915,0.1918,162719.0
2023-09-01 13:00:00,0.1918,0.1921,0.1914,0.1915,10554.5
2023-09-01 13:30:00,0.1916,0.1917,0.19,0.1916,130506.8
2023-09-01 14:00:00,0.1911,0.1912,0.1901,0.1901,64598.7
2023-09-01 14:30:00,0.19,0.19,0.187,0.1877,603143.9
2023-09-01 15:00:00,0.1881,0.1895,0.1872,0.1891,86656.6
2023-09-01 15:30:00,0.189,0.1893,0.1883,0.1883,15768.0
2023-09-01 16:00:00,0.1883,0.1884,0.187,0.1883,238011.0
2023-09-01 16:30:00,0.1882,0.1884,0.1859,0.1863,147532.1
2023-09-01 17:00:00,0.1861,0.1862,0.1838,0.184,409732.9
2023-09-01 17:30:00,0.1841,0.1856,0.1841,0.185,129232.7
2023-09-01 18:00:00,0.185,0.1858,0.1848,0.1853,63578.2
2023-09-01 18:30:00,0.1852,0.1877,0.185,0.1863,113532.0
2023-09-01 19:00:00,0.1862,0.1864,0.1851,0.1857,67551.1
2023-09-01 19:30:00,0.1858,0.1863,0.1857,0.1863,46502.7
2023-09-01 20:00:00,0.1863,0.1872,0.1856,0.1871,225648.6
2023-09-01 20:30:00,0.1871,0.1881,0.1868,0.1871,254383.5
2023-09-01 21:00:00,0.1871,0.1875,0.1867,0.1867,21834.4
2023-09-01 21:30:00,0.1866,0.1869,0.1863,0.1868,26079.7
2023-09-01 22:00:00,0.1868,0.187,0.1864,0.1866,20135.4
2023-09-01 22:30:00,0.1862,0.1868,0.1861,0.1865,37289.1
2023-09-01 23:00:00,0.1866,0.1866,0.186,0.1861,11326.0
2023-09-01 23:30:00,0.1863,0.1869,0.1862,0.1862,8448.7
2023-09-02 00:00:00,0.1862,0.187,0.1862,0.187,10377.9
2023-09-02 00:30:00,0.187,0.1874,0.1864,0.1868,60795.0
2023-09-02 01:00:00,0.1868,0.187,0.1866,0.1869,18854.3
2023-09-02 01:30:00,0.1869,0.187,0.1859,0.1859,46699.7
2023-09-02 02:00:00,0.1858,0.1869,0.1857,0.1869,104015.2
2023-09-02 02:30:00,0.1869,0.1869,0.1864,0.1869,48843.4
2023-09-02 03:00:00,0.1869,0.1875,0.1869,0.1872,43276.7
2023-09-02 03:30:00,0.1873,0.188,0.1873,0.188,33154.1
2023-09-02 04:00:00,0.1879,0.1884,0.1878,0.1883,49807.2
2023-09-02 04:30:00,0.1884,0.1893,0.1884,0.1889,93867.8
2023-09-02 05:00:00,0.1889,0.1893,0.1887,0.1893,29625.4
2023-09-02 05:30:00,0.1893,0.1894,0.1887,0.189,22729.7
2023-09-02 06:00:00,0.1891,0.1897,0.1888,0.1888,70286.3
2023-09-02 06:30:00,0.1888,0.1888,0.1886,0.1888,10945.2
2023-09-02 07:00:00,0.1888,0.1889,0.1884,0.1886,30853.1
2023-09-02 07:30:00,0.1887,0.1897,0.1887,0.1897,17735.8
2023-09-02 08:00:00,0.1897,0.1897,0.1878,0.1878,15463.3
2023-09-02 08:30:00,0.1881,0.1881,0.1868,0.1868,63724.6
2023-09-02 09:00:00,0.1869,0.1878,0.1865,0.1872,95218.0
2023-09-02 09:30:00,0.1873,0.188,0.1872,0.188,16606.3
2023-09-02 10:00:00,0.1879,0.1882,0.1876,0.1882,27111.4
2023-09-02 10:30:00,0.1882,0.1883,0.1877,0.188,15006.2
2023-09-02 11:00:00,0.1879,0.1882,0.1878,0.188,4123.1
2023-09-02 11:30:00,0.1881,0.1886,0.1881,0.1884,20730.1
2023-09-02 12:00:00,0.1885,0.1886,0.1882,0.1883,5964.7
2023-09-02 12:30:00,0.1884,0.1887,0.1884,0.1885,12790.2
2023-09-02 13:00:00,0.1886,0.1888,0.1876,0.1881,39991.9
2023-09-02 13:30:00,0.1884,0.189,0.1883,0.1887,37981.1
2023-09-02 14:00:00,0.1886,0.1887,0.1884,0.1885,17003.8
2023-09-02 14:30:00,0.1885,0.189,0.1885,0.1887,4323.7
2023-09-02 15:00:00,0.1887,0.1897,0.1887,0.1896,38386.3
2023-09-02 15:30:00,0.1896,0.1897,0.1883,0.1884,28720.5
2023-09-02 16:00:00,0.1884,0.1885,0.1878,0.1878,42807.0
2023-09-02 16:30:00,0.1875,0.1877,0.1859,0.1861,52543.6
2023-09-02 17:00:00,0.1861,0.1872,0.1859,0.187,25663.1
2023-09-02 17:30:00,0.1869,0.1869,0.1846,0.1848,117119.2
2023-09-02 18:00:00,0.1849,0.1853,0.1838,0.184,207822.3
2023-09-02 18:30:00,0.1839,0.1844,0.1833,0.1844,107910.0
2023-09-02 19:00:00,0.1844,0.1848,0.1843,0.1847,17702.5
2023-09-02 19:30:00,0.1848,0.1856,0.1846,0.1852,57882.9
2023-09-02 20:00:00,0.1852,0.1856,0.1848,0.1849,26616.9
2023-09-02 20:30:00,0.185,0.1854,0.1848,0.1854,6215.1
2023-09-02 21:00:00,0.1854,0.1858,0.1853,0.1856,6097.7
2023-09-02 21:30:00,0.1857,0.1858,0.1854,0.1858,13916.6
2023-09-02 22:00:00,0.1854,0.1858,0.1854,0.1857,5640.5
2023-09-02 22:30:00,0.1857,0.1864,0.1857,0.1862,24277.3
2023-09-02 23:00:00,0.1862,0.1865,0.1862,0.1865,7374.9
2023-09-02 23:30:00,0.1865,0.1866,0.1862,0.1863,14431.6
2023-09-03 00:00:00,0.1861,0.1865,0.186,0.186,4105.1
2023-09-03 00:30:00,0.186,0.1863,0.186,0.1863,63982.1
2023-09-03 01:00:00,0.1866,0.1872,0.1865,0.1869,72262.5
2023-09-03 01:30:00,0.1867,0.1867,0.186,0.1861,8815.7
2023-09-03 02:00:00,0.186,0.1862,0.186,0.1862,4403.9
2023-09-03 02:30:00,0.1863,0.1865,0.1861,0.1864,14111.2
2023-09-03 03:00:00,0.1865,0.1868,0.1864,0.1864,3960.1
2023-09-03 03:30:00,0.1863,0.187,0.1863,0.1869,24956.8
2023-09-03 04:00:00,0.187,0.187,0.1865,0.1869,11265.2
2023-09-03 04:30:00,0.1866,0.1878,0.1865,0.1872,138573.3
2023-09-03 05:00:00,0.1871,0.1874,0.1871,0.1874,4105.9
2023-09-03 05:30:00,0.1874,0.1889,0.1874,0.1887,68086.3
2023-09-03 06:00:00,0.1886,0.1886,0.1881,0.1886,19527.4
2023-09-03 06:30:00,0.1887,0.1907,0.1887,0.1907,105676.8
2023-09-03 07:00:00,0.1907,0.1907,0.188,0.188,92378.8
2023-09-03 07:30:00,0.1879,0.1897,0.1879,0.1897,33839.9
2023-09-03 08:00:00,0.1896,0.1896,0.1877,0.1878,28431.7
2023-09-03 08:30:00,0.1878,0.1892,0.1878,0.1889,32269.8
2023-09-03 09:00:00,0.1887,0.1891,0.188,0.189,95379.0
2023-09-03 09:30:00,0.1889,0.1895,0.1888,0.189,34646.5
2023-09-03 10:00:00,0.1889,0.189,0.1885,0.1886,13123.6
2023-09-03 10:30:00,0.1884,0.1899,0.1884,0.1896,38752.7
2023-09-03 11:00:00,0.1897,0.1899,0.1888,0.1888,28746.4
2023-09-03 11:30:00,0.189,0.19,0.1888,0.1899,18863.0
2023-09-03 12:00:00,0.1898,0.1898,0.1882,0.1893,36750.3
2023-09-03 12:30:00,0.1893,0.19,0.1883,0.1885,43732.6
2023-09-03 13:00:00,0.1886,0.1888,0.1879,0.1885,109539.4
2023-09-03 13:30:00,0.1885,0.1887,0.188,0.188,25525.9
2023-09-03 14:00:00,0.188,0.1884,0.1879,0.1882,9995.4
2023-09-03 14:30:00,0.188,0.1886,0.188,0.1886,7441.9
2023-09-03 15:00:00,0.1885,0.1885,0.1883,0.1885,12133.9
2023-09-03 15:30:00,0.1886,0.1886,0.1874,0.1877,25660.1
2023-09-03 16:00:00,0.1877,0.188,0.1873,0.1878,24287.2
2023-09-03 16:30:00,0.1878,0.1878,0.186,0.1867,97899.6
2023-09-03 17:00:00,0.1865,0.1874,0.1865,0.1874,86735.0
2023-09-03 17:30:00,0.1874,0.188,0.1874,0.188,15133.4
2023-09-03 18:00:00,0.1881,0.1897,0.1881,0.1888,56781.2
2023-09-03 18:30:00,0.1888,0.1888,0.1883,0.1883,2601.9
2023-09-03 19:00:00,0.1884,0.1888,0.1883,0.1888,3088.3
2023-09-03 19:30:00,0.1888,0.1892,0.1888,0.1891,7235.3
2023-09-03 20:00:00,0.1893,0.1893,0.1883,0.1884,25754.1
2023-09-03 20:30:00,0.1882,0.1893,0.1882,0.1889,25398.4
2023-09-03 21:00:00,0.1889,0.1891,0.1881,0.1885,8584.0
2023-09-03 21:30:00,0.1884,0.1884,0.188,0.1881,11852.2
2023-09-03 22:00:00,0.188,0.1888,0.188,0.1888,12076.5
2023-09-03 22:30:00,0.189,0.1892,0.1886,0.1889,10731.0
2023-09-03 23:00:00,0.1887,0.1894,0.1885,0.1894,19603.0
2023-09-03 23:30:00,0.1894,0.1896,0.1887,0.1887,6350.1
2023-09-04 00:00:00,0.1888,0.1897,0.1884,0.1897,76953.8
2023-09-04 00:30:00,0.1898,0.1908,0.1897,0.1899,130880.1
2023-09-04 01:00:00,0.1898,0.1903,0.1897,0.1897,71157.6
2023-09-04 01:30:00,0.1897,0.1897,0.1892,0.1897,22132.6
2023-09-04 02:00:00,0.1904,0.1905,0.1903,0.1905,16580.2
2023-09-04 02:30:00,0.1905,0.1922,0.1905,0.192,104550.4
2023-09-04 03:00:00,0.1921,0.1936,0.1921,0.193,274713.4
2023-09-04 03:30:00,0.1931,0.1999,0.1922,0.1977,700228.4
2023-09-04 04:00:00,0.1977,0.1985,0.193,0.1957,665460.2
2023-09-04 04:30:00,0.1956,0.2,0.1955,0.1963,581311.3
2023-09-04 05:00:00,0.1963,0.1963,0.1943,0.1945,94103.8
2023-09-04 05:30:00,0.1945,0.1945,0.1906,0.191,468537.0
2023-09-04 06:00:00,0.1911,0.1926,0.1911,0.1921,39573.4
2023-09-04 06:30:00,0.192,0.192,0.1916,0.1918,5679.5
2023-09-04 07:00:00,0.1917,0.1926,0.1915,0.1926,49853.0
2023-09-04 07:30:00,0.1925,0.1926,0.1917,0.1917,31941.8
2023-09-04 08:00:00,0.1916,0.1923,0.1916,0.1923,12088.0
2023-09-04 08:30:00,0.1925,0.1934,0.1925,0.1934,83189.9
2023-09-04 09:00:00,0.1933,0.1933,0.1924,0.1926,11484.6
2023-09-04 09:30:00,0.1925,0.1926,0.1923,0.1923,8663.5
2023-09-04 10:00:00,0.1923,0.1927,0.1903,0.1921,378915.9
2023-09-04 10:30:00,0.1922,0.1928,0.1918,0.1926,25563.2
2023-09-04 11:00:00,0.1925,0.1925,0.1915,0.1915,39670.7
2023-09-04 11:30:00,0.1915,0.1919,0.1914,0.1914,49267.7
2023-09-04 12:00:00,0.1914,0.1914,0.191,0.191,90725.2
2023-09-04 12:30:00,0.1912,0.1912,0.1902,0.1902,109414.9
2023-09-04 13:00:00,0.1902,0.1915,0.189,0.1914,94589.2
2023-09-04 13:30:00,0.1914,0.1916,0.1911,0.1913,20013.2
2023-09-04 14:00:00,0.1912,0.1918,0.1905,0.1915,130578.6
2023-09-04 14:30:00,0.1915,0.1916,0.1908,0.1909,9121.0
2023-09-04 15:00:00,0.191,0.1921,0.189,0.1908,112325.0
2023-09-04 15:30:00,0.1911,0.1925,0.1904,0.1909,209315.5
2023-09-04 16:00:00,0.191,0.1916,0.1907,0.1913,16113.4
2023-09-04 16:30:00,0.1916,0.1916,0.1908,0.1911,13451.9
2023-09-04 17:00:00,0.1909,0.1923,0.1908,0.1918,66362.6
2023-09-04 17:30:00,0.1915,0.1924,0.1915,0.1922,44391.9
2023-09-04 18:00:00,0.1922,0.1923,0.1919,0.192,12496.2
2023-09-04 18:30:00,0.1919,0.192,0.1913,0.1919,11083.9
2023-09-04 19:00:00,0.1922,0.1922,0.1905,0.1907,48540.5
2023-09-04 19:30:00,0.1908,0.1912,0.1907,0.1912,3315.1
2023-09-04 20:00:00,0.1915,0.1916,0.1907,0.1908,7074.5
2023-09-04 20:30:00,0.1909,0.1911,0.1907,0.1908,10289.8
2023-09-04 21:00:00,0.1908,0.1908,0.1893,0.1902,90604.5
2023-09-04 21:30:00,0.1901,0.1901,0.1885,0.1889,138943.0
2023-09-04 22:00:00,0.1889,0.1897,0.1883,0.1891,59647.6
2023-09-04 22:30:00,0.1889,0.1899,0.1888,0.1899,24994.5
2023-09-04 23:00:00,0.19,0.1903,0.1898,0.1903,5572.9
2023-09-04 23:30:00,0.1903,0.1911,0.1901,0.191,20140.6
2023-09-05 00:00:00,0.1911,0.1911,0.1897,0.1897,20770.5
2023-09-05 00:30:00,0.19,0.1902,0.1896,0.1896,11038.3
2023-09-05 01:00:00,0.1897,0.19,0.1892,0.1897,8620.6
2023-09-05 01:30:00,0.1898,0.1905,0.1898,0.1899,12886.1
2023-09-05 02:00:00,0.1897,0.19,0.1895,0.1895,11283.5
2023-09-05 02:30:00,0.1896,0.1897,0.1891,0.1893,13102.3
2023-09-05 03:00:00,0.1892,0.1892,0.188,0.1885,69564.2
2023-09-05 03:30:00,0.1887,0.189,0.1884,0.1888,53013.8
2023-09-05 04:00:00,0.1889,0.1898,0.1889,0.1893,35634.3
2023-09-05 04:30:00,0.1898,0.1899,0.1896,0.1899,17043.2
2023-09-05 05:00:00,0.1899,0.1899,0.1894,0.1897,6624.2
2023-09-05 05:30:00,0.1897,0.1901,0.1895,0.1901,5783.4
2023-09-05 06:00:00,0.19,0.19,0.1894,0.1894,18609.3
2023-09-05 06:30:00,0.1894,0.1894,0.1887,0.1891,61896.9
2023-09-05 07:00:00,0.1891,0.1893,0.1889,0.1893,13911.9
2023-09-05 07:30:00,0.1893,0.1898,0.1892,0.1898,11687.8
2023-09-05 08:00:00,0.1897,0.1903,0.1894,0.19,23649.0
2023-09-05 08:30:00,0.1896,0.1903,0.1894,0.1903,31981.4
2023-09-05 09:00:00,0.1903,0.1905,0.1899,0.19,31384.6
2023-09-05 09:30:00,0.1903,0.1907,0.19,0.1904,42005.1
2023-09-05 10:00:00,0.1902,0.1913,0.1902,0.1913,33686.4
2023-09-05 10:30:00,0.1913,0.1926,0.1912,0.1923,86340.9
2023-09-05 11:00:00,0.1924,0.1924,0.1913,0.1918,24591.8
2023-09-05 11:30:00,0.1921,0.1954,0.1921,0.1953,172763.7
2023-09-05 12:00:00,0.1954,0.1956,0.193,0.1933,107954.3
2023-09-05 12:30:00,0.1933,0.1948,0.193,0.1947,47254.1
2023-09-05 13:00:00,0.1946,0.1948,0.1938,0.194,52143.1
2023-09-05 13:30:00,0.1938,0.1938,0.1933,0.1933,12313.4
2023-09-05 14:00:00,0.1932,0.194,0.1928,0.1938,29138.5
2023-09-05 14:30:00,0.1938,0.194,0.1934,0.1939,41147.9
2023-09-05 15:00:00,0.1939,0.1953,0.1935,0.1938,169732.4
2023-09-05 15:30:00,0.194,0.1955,0.194,0.1947,41456.2
2023-09-05 16:00:00,0.1948,0.1956,0.1944,0.1944,28844.4
2023-09-05 16:30:00,0.1944,0.1948,0.1937,0.1941,38988.8
2023-09-05 17:00:00,0.1941,0.1946,0.1937,0.194,32602.9
2023-09-05 17:30:00,0.1939,0.195,0.1939,0.1949,32417.0
2023-09-05 18:00:00,0.195,0.1974,0.1944,0.1955,165250.0
2023-09-05 18:30:00,0.1955,0.1961,0.1954,0.1961,19373.0
2023-09-05 19:00:00,0.1961,0.1968,0.1957,0.1964,79833.2
2023-09-05 19:30:00,0.1964,0.1977,0.1949,0.1951,215431.5
2023-09-05 20:00:00,0.1951,0.1957,0.1947,0.1954,51337.8
2023-09-05 20:30:00,0.1954,0.1955,0.1951,0.1955,24311.2
2023-09-05 21:00:00,0.1958,0.1967,0.1958,0.1966,66158.3
2023-09-05 21:30:00,0.1966,0.1967,0.1955,0.1961,65717.2
2023-09-05 22:00:00,0.1963,0.1966,0.196,0.196,30007.1
2023-09-05 22:30:00,0.196,0.1965,0.1959,0.1961,14869.6
2023-09-05 23:00:00,0.1962,0.1966,0.1958,0.1963,61626.7
2023-09-05 23:30:00,0.1964,0.1968,0.1962,0.1964,28804.6
2023-09-06 00:00:00,0.1963,0.1968,0.1959,0.1959,32870.7
2023-09-06 00:30:00,0.1959,0.1959,0.1953,0.1956,31314.1
2023-09-06 01:00:00,0.1959,0.1969,0.1957,0.1961,43692.9
2023-09-06 01:30:00,0.196,0.196,0.1954,0.1958,6303.8
2023-09-06 02:00:00,0.1953,0.1967,0.1953,0.1967,14938.2
2023-09-06 02:30:00,0.1965,0.1984,0.1964,0.1981,274485.0
2023-09-06 03:00:00,0.198,0.198,0.1967,0.1967,60509.1
2023-09-06 03:30:00,0.1965,0.1965,0.1938,0.1944,230628.4
2023-09-06 04:00:00,0.1943,0.1945,0.1938,0.1945,38352.4
2023-09-06 04:30:00,0.1942,0.1943,0.1919,0.1919,155064.9
2023-09-06 05:00:00,0.1921,0.1923,0.1915,0.1921,46167.0
2023-09-06 05:30:00,0.1919,0.1924,0.1908,0.1909,91440.0
2023-09-06 06:00:00,0.1909,0.1921,0.1908,0.1917,74783.8
2023-09-06 06:30:00,0.1916,0.192,0.1911,0.1915,62310.8
2023-09-06 07:00:00,0.1916,0.1921,0.1914,0.1918,9795.3
2023-09-06 07:30:00,0.192,0.1926,0.1919,0.192,81020.4
2023-09-06 08:00:00,0.1918,0.1921,0.1911,0.1914,80774.9
2023-09-06 08:30:00,0.1914,0.1918,0.1914,0.1917,15074.7
2023-09-06 09:00:00,0.1917,0.1924,0.1917,0.1923,19071.2
2023-09-06 09:30:00,0.1923,0.1932,0.1923,0.1928,18530.9
2023-09-06 10:00:00,0.1931,0.1933,0.1931,0.1931,10583.3
2023-09-06 10:30:00,0.1931,0.1931,0.1925,0.1925,8939.6
2023-09-06 11:00:00,0.1927,0.1932,0.1926,0.1928,16010.3
2023-09-06 11:30:00,0.1929,0.193,0.1925,0.1925,8520.5
2023-09-06 12:00:00,0.1927,0.1929,0.1924,0.1929,22059.8
2023-09-06 12:30:00,0.1928,0.1929,0.1921,0.1923,19267.2
2023-09-06 13:00:00,0.1921,0.1925,0.1917,0.1921,15694.1
2023-09-06 13:30:00,0.1921,0.193,0.1919,0.1923,22626.3
2023-09-06 14:00:00,0.1922,0.1923,0.1901,0.1901,141332.4
2023-09-06 14:30:00,0.19,0.1904,0.1896,0.19,141891.9
2023-09-06 15:00:00,0.1902,0.1907,0.1888,0.19,164560.6
2023-09-06 15:30:00,0.1902,0.1913,0.19,0.1907,117459.0
2023-09-06 16:00:00,0.1907,0.1911,0.1901,0.1901,22482.0
2023-09-06 16:30:00,0.19,0.191,0.19,0.1904,8067.6
2023-09-06 17:00:00,0.1903,0.1912,0.1882,0.1912,96916.5
2023-09-06 17:30:00,0.1909,0.1967,0.1909,0.1946,232575.0
2023-09-06 18:00:00,0.1948,0.1957,0.193,0.1938,250021.9
2023-09-06 18:30:00,0.1938,0.1947,0.1933,0.1939,121902.5
2023-09-06 19:00:00,0.1941,0.1947,0.1936,0.1944,24084.5
2023-09-06 19:30:00,0.1943,0.1944,0.1938,0.194,8529.8
2023-09-06 20:00:00,0.1941,0.1945,0.1939,0.1939,5248.0
2023-09-06 20:30:00,0.1937,0.1942,0.1935,0.1935,23536.0
2023-09-06 21:00:00,0.1933,0.1938,0.1929,0.1938,41730.9
2023-09-06 21:30:00,0.1937,0.1949,0.1934,0.1948,48314.5
2023-09-06 22:00:00,0.195,0.1952,0.1938,0.194,153745.8
2023-09-06 22:30:00,0.1942,0.196,0.1942,0.1958,238017.6
2023-09-06 23:00:00,0.1958,0.1958,0.1953,0.1954,63349.1
2023-09-06 23:30:00,0.1954,0.1981,0.1954,0.1979,136365.8
2023-09-07 00:00:00,0.1977,0.1977,0.1957,0.1962,67224.7
2023-09-07 00:30:00,0.1962,0.1976,0.1962,0.1976,56637.2
2023-09-07 01:00:00,0.1976,0.1977,0.1967,0.1967,9118.3
2023-09-07 01:30:00,0.1963,0.1974,0.1963,0.1973,9656.2
2023-09-07 02:00:00,0.1973,0.1975,0.1967,0.197,12900.8
2023-09-07 02:30:00,0.197,0.197,0.1963,0.1965,9982.2
2023-09-07 03:00:00,0.1964,0.1964,0.1959,0.1964,14786.9
2023-09-07 03:30:00,0.197,0.1975,0.1967,0.1974,2360.3
2023-09-07 04:00:00,0.1975,0.1976,0.1968,0.1969,35890.4
2023-09-07 04:30:00,0.197,0.1971,0.1966,0.1968,21077.9
2023-09-07 05:00:00,0.1968,0.1972,0.1968,0.1971,110498.8
2023-09-07 05:30:00,0.1971,0.1981,0.197,0.1979,43211.9
2023-09-07 06:00:00,0.1977,0.1977,0.1971,0.1976,62148.3
2023-09-07 06:30:00,0.198,0.1981,0.1965,0.1965,32076.0
2023-09-07 07:00:00,0.1965,0.1972,0.196,0.1972,51993.2
2023-09-07 07:30:00,0.1972,0.1975,0.1969,0.1975,10259.9
2023-09-07 08:00:00,0.1975,0.1976,0.1966,0.197,18713.9
2023-09-07 08:30:00,0.1972,0.1974,0.1968,0.1968,6549.4
2023-09-07 09:00:00,0.1969,0.1987,0.1966,0.1986,235485.4
2023-09-07 09:30:00,0.1987,0.2034,0.1984,0.2015,958410.8
2023-09-07 10:00:00,0.2017,0.2093,0.2012,0.2075,2041763.8
2023-09-07 10:30:00,0.2075,0.2075,0.1996,0.2005,1218259.7
2023-09-07 11:00:00,0.2006,0.2012,0.1925,0.1939,1402887.4
2023-09-07 11:30:00,0.1937,0.1939,0.1916,0.1921,392295.3
2023-09-07 12:00:00,0.1921,0.1943,0.1916,0.1932,207699.2
2023-09-07 12:30:00,0.1931,0.1931,0.1914,0.1922,170881.6
2023-09-07 13:00:00,0.1921,0.1931,0.1921,0.193,45928.1
2023-09-07 13:30:00,0.1929,0.194,0.1924,0.1929,108697.8
2023-09-07 14:00:00,0.1929,0.196,0.1926,0.196,396828.5
2023-09-07 14:30:00,0.196,0.1966,0.1948,0.1961,154538.0
2023-09-07 15:00:00,0.1961,0.1962,0.1952,0.1953,168675.3
2023-09-07 15:30:00,0.1953,0.1959,0.195,0.1953,58046.0
2023-09-07 16:00:00,0.1954,0.197,0.1948,0.1968,162645.3
2023-09-07 16:30:00,0.1968,0.1973,0.196,0.1961,85184.5
2023-09-07 17:00:00,0.1961,0.1963,0.1955,0.1959,34581.9
2023-09-07 17:30:00,0.1959,0.1966,0.1955,0.1964,46852.8
2023-09-07 18:00:00,0.1966,0.1967,0.196,0.1966,42833.6
2023-09-07 18:30:00,0.1965,0.1968,0.1957,0.1967,98652.9
2023-09-07 19:00:00,0.1968,0.1968,0.1961,0.1968,16510.2
2023-09-07 19:30:00,0.1968,0.1971,0.1966,0.197,11527.0
2023-09-07 20:00:00,0.197,0.1972,0.1968,0.1972,17237.1
2023-09-07 20:30:00,0.197,0.1972,0.1967,0.1972,31431.3
2023-09-07 21:00:00,0.1972,0.199,0.1971,0.1978,119721.8
2023-09-07 21:30:00,0.1977,0.1984,0.1971,0.1978,96285.0
2023-09-07 22:00:00,0.1979,0.1984,0.1978,0.1983,11546.6
2023-09-07 22:30:00,0.1984,0.2003,0.1984,0.2002,167029.5
2023-09-07 23:00:00,0.2,0.2003,0.1984,0.1984,82434.3
2023-09-07 23:30:00,0.1987,0.2034,0.1987,0.2034,312334.9
2023-09-08 00:00:00,0.2034,0.2038,0.2012,0.2021,177067.1
2023-09-08 00:30:00,0.2024,0.2069,0.2024,0.2066,388733.2
2023-09-08 01:00:00,0.2066,0.2067,0.2037,0.2037,131220.4
2023-09-08 01:30:00,0.2036,0.2045,0.2025,0.2025,57166.2
2023-09-08 02:00:00,0.2026,0.2033,0.2015,0.2018,98866.5
2023-09-08 02:30:00,0.2017,0.2017,0.2005,0.2009,57177.5
2023-09-08 03:00:00,0.2009,0.202,0.2009,0.2014,9653.8
2023-09-08 03:30:00,0.2014,0.2034,0.2014,0.2022,61833.0
2023-09-08 04:00:00,0.2022,0.2031,0.202,0.2022,70167.7
2023-09-08 04:30:00,0.2021,0.2026,0.2018,0.2025,40809.4
2023-09-08 05:00:00,0.2026,0.2036,0.2026,0.2034,117701.7
2023-09-08 05:30:00,0.2036,0.2052,0.2032,0.2033,344918.0
2023-09-08 06:00:00,0.2033,0.2033,0.2008,0.2014,275159.2
2023-09-08 06:30:00,0.2016,0.2031,0.2013,0.203,77425.0
2023-09-08 07:00:00,0.203,0.2046,0.2026,0.2041,203893.0
2023-09-08 07:30:00,0.2041,0.2041,0.2034,0.2038,75047.1
2023-09-08 08:00:00,0.2037,0.2039,0.2021,0.2036,148126.1
2023-09-08 08:30:00,0.2035,0.2039,0.2025,0.2025,21258.8
2023-09-08 09:00:00,0.2026,0.2034,0.2017,0.2017,245722.9
2023-09-08 09:30:00,0.2016,0.2019,0.2005,0.2008,79167.5
2023-09-08 10:00:00,0.2004,0.2035,0.1958,0.1999,506170.8
2023-09-08 10:30:00,0.1999,0.1999,0.1975,0.1976,128149.5
2023-09-08 11:00:00,0.1977,0.1993,0.1977,0.1989,33298.4
2023-09-08 11:30:00,0.1989,0.199,0.1964,0.1967,182267.4
2023-09-08 12:00:00,0.1968,0.1979,0.1967,0.1976,79342.3
2023-09-08 12:30:00,0.1976,0.1985,0.1975,0.1983,42747.8
2023-09-08 13:00:00,0.1983,0.1986,0.1981,0.1985,60948.9
2023-09-08 13:30:00,0.1984,0.1998,0.1984,0.1996,156220.6
2023-09-08 14:00:00,0.1993,0.1999,0.1985,0.1994,170324.4
2023-09-08 14:30:00,0.1993,0.1993,0.1978,0.1984,109642.4
2023-09-08 15:00:00,0.1984,0.1984,0.1973,0.1975,150523.2
2023-09-08 15:30:00,0.1975,0.1979,0.1975,0.1979,19025.2
2023-09-08 16:00:00,0.1978,0.1978,0.1969,0.197,30761.7
2023-09-08 16:30:00,0.1972,0.1975,0.1968,0.1975,9793.8
2023-09-08 17:00:00,0.1975,0.1975,0.1969,0.1975,9287.7
2023-09-08 17:30:00,0.1972,0.1977,0.197,0.1977,5222.3
2023-09-08 18:00:00,0.1973,0.1973,0.1966,0.1972,29127.1
2023-09-08 18:30:00,0.197,0.1973,0.1969,0.1972,8153.7
2023-09-08 19:00:00,0.1971,0.1977,0.197,0.1977,3723.5
2023-09-08 19:30:00,0.1978,0.198,0.1974,0.1974,2886.4
2023-09-08 20:00:00,0.1975,0.1975,0.1966,0.1971,27110.1
2023-09-08 20:30:00,0.1971,0.1973,0.197,0.1971,3037.2
2023-09-08 21:00:00,0.1973,0.1978,0.1973,0.1974,12192.3
2023-09-08 21:30:00,0.1971,0.1973,0.1971,0.1972,1611.7
2023-09-08 22:00:00,0.1973,0.1975,0.1972,0.1974,2820.6
2023-09-08 22:30:00,0.1976,0.1976,0.1974,0.1976,952.4
2023-09-08 23:00:00,0.1978,0.1979,0.1976,0.1979,6727.8
2023-09-08 23:30:00,0.1979,0.1983,0.1977,0.1982,13140.2
2023-09-09 00:00:00,0.1982,0.1982,0.1975,0.1977,2135.9
2023-09-09 00:30:00,0.1977,0.1985,0.1977,0.1979,50668.8
2023-09-09 01:00:00,0.1982,0.1987,0.1981,0.1984,14087.9
2023-09-09 01:30:00,0.1984,0.2005,0.1984,0.2005,39780.6
2023-09-09 02:00:00,0.2005,0.2005,0.1998,0.1999,9125.3
2023-09-09 02:30:00,0.1999,0.203,0.1999,0.203,116438.8
2023-09-09 03:00:00,0.2028,0.203,0.2018,0.2024,23125.1
2023-09-09 03:30:00,0.2022,0.2125,0.2022,0.2121,1802985.3
2023-09-09 04:00:00,0.2121,0.2154,0.209,0.2105,934612.0
2023-09-09 04:30:00,0.2106,0.2133,0.2096,0.2113,432689.0
2023-09-09 05:00:00,0.2113,0.2133,0.2098,0.21,464099.5
2023-09-09 05:30:00,0.21,0.2114,0.2075,0.2085,308141.1
2023-09-09 06:00:00,0.2084,0.2097,0.2077,0.2093,125448.3
2023-09-09 06:30:00,0.2093,0.2099,0.208,0.2098,196009.9
2023-09-09 07:00:00,0.2098,0.2121,0.2095,0.2115,364400.8
2023-09-09 07:30:00,0.2117,0.2119,0.208,0.2094,336502.1
2023-09-09 08:00:00,0.2094,0.2122,0.2092,0.2121,258582.8
2023-09-09 08:30:00,0.212,0.2144,0.2103,0.214,381083.8
2023-09-09 09:00:00,0.214,0.2145,0.2111,0.2111,420329.3
2023-09-09 09:30:00,0.2111,0.2123,0.2096,0.2101,133253.8
2023-09-09 10:00:00,0.2102,0.2122,0.2101,0.2122,118681.0
2023-09-09 10:30:00,0.2121,0.2126,0.2107,0.2116,140985.2
2023-09-09 11:00:00,0.212,0.2122,0.2099,0.2099,120508.4
2023-09-09 11:30:00,0.2101,0.2105,0.2089,0.2092,312668.8
2023-09-09 12:00:00,0.2091,0.2092,0.2081,0.2085,113170.1
2023-09-09 12:30:00,0.2085,0.2085,0.2044,0.2047,497458.7
2023-09-09 13:00:00,0.2048,0.2058,0.2043,0.2049,140450.0
2023-09-09 13:30:00,0.2045,0.205,0.2034,0.2038,248693.4
2023-09-09 14:00:00,0.2036,0.2059,0.2034,0.2053,119786.6
2023-09-09 14:30:00,0.2053,0.2056,0.2039,0.2045,73004.1
2023-09-09 15:00:00,0.2045,0.2058,0.2041,0.2052,83673.7
2023-09-09 15:30:00,0.2052,0.2058,0.205,0.2054,55203.0
2023-09-09 16:00:00,0.2056,0.2127,0.2049,0.2092,1303287.0
2023-09-09 16:30:00,0.2092,0.2217,0.2092,0.2177,3885971.7
2023-09-09 17:00:00,0.2178,0.2293,0.216,0.2174,5563516.0
2023-09-09 17:30:00,0.2175,0.23,0.2158,0.2208,2407663.3
2023-09-09 18:00:00,0.2207,0.2238,0.2179,0.22,1213823.7
2023-09-09 18:30:00,0.2201,0.2202,0.2166,0.2183,632151.9
2023-09-09 19:00:00,0.2183,0.2204,0.214,0.2157,939265.0
2023-09-09 19:30:00,0.2158,0.218,0.2145,0.2177,312178.6
2023-09-09 20:00:00,0.2176,0.221,0.2172,0.2192,658632.4
2023-09-09 20:30:00,0.2192,0.2199,0.216,0.2184,338672.1
2023-09-09 21:00:00,0.2183,0.2207,0.2172,0.2204,294276.4
2023-09-09 21:30:00,0.2204,0.223,0.2193,0.2218,1013634.8
2023-09-09 22:00:00,0.2217,0.2225,0.22,0.2221,374498.0
2023-09-09 22:30:00,0.222,0.2227,0.2169,0.2196,676879.9
2023-09-09 23:00:00,0.2196,0.222,0.2178,0.2219,406726.1
2023-09-09 23:30:00,0.2218,0.2221,0.2177,0.218,574256.6
2023-09-10 00:00:00,0.2181,0.2181,0.212,0.2137,945671.6
2023-09-10 00:30:00,0.2137,0.2164,0.2137,0.2161,185130.5
2023-09-10 01:00:00,0.2162,0.2163,0.2103,0.2113,552876.5
2023-09-10 01:30:00,0.2112,0.2134,0.2093,0.2132,726924.8
2023-09-10 02:00:00,0.2133,0.2148,0.2108,0.2143,578347.0
2023-09-10 02:30:00,0.2143,0.2186,0.2134,0.2156,1206942.8
2023-09-10 03:00:00,0.2155,0.2163,0.21,0.2108,544630.5
2023-09-10 03:30:00,0.2107,0.2109,0.207,0.2077,1006115.7
2023-09-10 04:00:00,0.2078,0.221,0.1918,0.1984,2293310.9
2023-09-10 04:30:00,0.1984,0.201,0.1978,0.2004,640125.6
2023-09-10 05:00:00,0.2003,0.2005,0.1988,0.1999,331320.1
2023-09-10 05:30:00,0.2,0.2016,0.1995,0.2014,168279.0
2023-09-10 06:00:00,0.2013,0.2081,0.2012,0.2049,383658.7
2023-09-10 06:30:00,0.2049,0.2055,0.2039,0.2053,217913.8
2023-09-10 07:00:00,0.2054,0.2057,0.2044,0.2044,149776.6
2023-09-10 07:30:00,0.2047,0.2057,0.2043,0.2048,125954.3
2023-09-10 08:00:00,0.2047,0.2058,0.2026,0.2049,362468.6
2023-09-10 08:30:00,0.2049,0.206,0.2038,0.2052,477511.1
2023-09-10 09:00:00,0.2053,0.2059,0.2042,0.2058,308557.8
2023-09-10 09:30:00,0.2055,0.2088,0.2055,0.2073,426542.3
2023-09-10 10:00:00,0.2075,0.2078,0.2033,0.2037,599294.8
2023-09-10 10:30:00,0.2034,0.2034,0.202,0.2022,252097.1
2023-09-10 11:00:00,0.2023,0.2031,0.2016,0.2031,169458.2
2023-09-10 11:30:00,0.2032,0.2037,0.2027,0.2035,72529.9
2023-09-10 12:00:00,0.2036,0.2082,0.2036,0.2082,310755.1
2023-09-10 12:30:00,0.2082,0.2109,0.2076,0.2086,741385.4
2023-09-10 13:00:00,0.2085,0.21,0.2071,0.2073,296398.2
2023-09-10 13:30:00,0.2069,0.2069,0.2056,0.2062,179447.5
2023-09-10 14:00:00,0.206,0.2072,0.2054,0.2061,273407.1
2023-09-10 14:30:00,0.2059,0.206,0.2027,0.203,294442.7
2023-09-10 15:00:00,0.203,0.2041,0.2013,0.204,192156.0
2023-09-10 15:30:00,0.2041,0.2057,0.2038,0.2046,178592.2
2023-09-10 16:00:00,0.2045,0.205,0.2031,0.2034,108867.5
2023-09-10 16:30:00,0.2034,0.2038,0.2015,0.2037,263842.0
2023-09-10 17:00:00,0.2038,0.2038,0.2013,0.2025,753643.2
2023-09-10 17:30:00,0.2025,0.2042,0.2024,0.2032,87987.9
2023-09-10 18:00:00,0.2034,0.2046,0.2034,0.2045,68567.2
2023-09-10 18:30:00,0.2045,0.2061,0.2045,0.2059,52754.4
2023-09-10 19:00:00,0.206,0.2061,0.2037,0.2039,297985.8
2023-09-10 19:30:00,0.2038,0.2058,0.2027,0.2053,221464.4
2023-09-10 20:00:00,0.2052,0.2077,0.2052,0.2074,122072.9
2023-09-10 20:30:00,0.2075,0.2088,0.2073,0.2083,87676.1
2023-09-10 21:00:00,0.2083,0.2091,0.2067,0.2091,88836.2
2023-09-10 21:30:00,0.2092,0.21,0.209,0.2099,58475.8
2023-09-10 22:00:00,0.21,0.2103,0.2089,0.2097,67245.4
2023-09-10 22:30:00,0.21,0.2109,0.209,0.2094,103407.2
2023-09-10 23:00:00,0.2095,0.2108,0.2095,0.2108,18054.5
2023-09-10 23:30:00,0.2107,0.2113,0.2106,0.211,65513.2
2023-09-11 00:00:00,0.2111,0.2152,0.2109,0.2133,394865.2
2023-09-11 00:30:00,0.2131,0.2144,0.2098,0.2125,148954.8
2023-09-11 01:00:00,0.2125,0.2135,0.2102,0.2107,256963.4
2023-09-11 01:30:00,0.2107,0.211,0.2086,0.2101,143605.4
2023-09-11 02:00:00,0.2102,0.2118,0.2088,0.2116,127111.6
2023-09-11 02:30:00,0.2117,0.2125,0.2112,0.2119,65289.2
2023-09-11 03:00:00,0.2119,0.2132,0.211,0.2119,202242.9
2023-09-11 03:30:00,0.2119,0.2128,0.2105,0.2112,309181.8
2023-09-11 04:00:00,0.2114,0.2117,0.2097,0.21,91494.1
2023-09-11 04:30:00,0.2101,0.215,0.2097,0.2136,526916.8
2023-09-11 05:00:00,0.2137,0.2152,0.2075,0.2078,1323244.4
2023-09-11 05:30:00,0.2078,0.2081,0.2044,0.2054,477764.9
2023-09-11 06:00:00,0.2054,0.2075,0.2046,0.2064,262848.3
2023-09-11 06:30:00,0.2065,0.2075,0.2064,0.2069,83678.3
2023-09-11 07:00:00,0.2069,0.2079,0.2059,0.2066,123272.3
2023-09-11 07:30:00,0.2066,0.2084,0.2063,0.2068,154696.8
2023-09-11 08:00:00,0.2068,0.2088,0.2024,0.2043,405093.6
2023-09-11 08:30:00,0.2042,0.2051,0.2032,0.205,68424.0
2023-09-11 09:00:00,0.205,0.2056,0.1999,0.2016,330661.8
2023-09-11 09:30:00,0.2017,0.2027,0.199,0.199,500077.1
2023-09-11 10:00:00,0.1993,0.1994,0.1913,0.1949,680890.4
2023-09-11 10:30:00,0.1949,0.1957,0.1924,0.1927,299167.5
2023-09-11 11:00:00,0.193,0.1955,0.1926,0.194,503446.8
2023-09-11 11:30:00,0.1941,0.1949,0.1927,0.1934,210553.5
2023-09-11 12:00:00,0.1935,0.195,0.1929,0.1934,345972.2
2023-09-11 12:30:00,0.1933,0.1952,0.1932,0.1952,157222.7
2023-09-11 13:00:00,0.1953,0.1965,0.1945,0.1963,349964.7
2023-09-11 13:30:00,0.1963,0.1975,0.1949,0.1953,221483.5
2023-09-11 14:00:00,0.1951,0.1957,0.1931,0.1952,278750.2
2023-09-11 14:30:00,0.1955,0.1963,0.1923,0.1945,312323.8
2023-09-11 15:00:00,0.1946,0.1959,0.1934,0.1955,416538.6
2023-09-11 15:30:00,0.1953,0.1958,0.1942,0.1951,263451.1
2023-09-11 16:00:00,0.195,0.1955,0.1937,0.1946,77451.0
2023-09-11 16:30:00,0.1946,0.195,0.194,0.1947,39857.0
2023-09-11 17:00:00,0.1947,0.1948,0.1932,0.1939,42366.6
2023-09-11 17:30:00,0.1938,0.1952,0.1936,0.1951,57196.7
2023-09-11 18:00:00,0.1951,0.1953,0.1938,0.1941,68453.1
2023-09-11 18:30:00,0.1941,0.1941,0.1925,0.1926,75275.7
2023-09-11 19:00:00,0.1927,0.1933,0.1905,0.1922,135442.2
2023-09-11 19:30:00,0.192,0.1923,0.1876,0.1902,555378.5
2023-09-11 20:00:00,0.1902,0.1917,0.1897,0.1915,94454.2
2023-09-11 20:30:00,0.1915,0.1919,0.1906,0.1909,23053.6
2023-09-11 21:00:00,0.1909,0.192,0.1905,0.1911,48050.6
2023-09-11 21:30:00,0.1911,0.1913,0.1904,0.1909,35633.4
2023-09-11 22:00:00,0.1909,0.1922,0.1909,0.1922,31745.3
2023-09-11 22:30:00,0.1922,0.1923,0.1914,0.1915,20862.0
2023-09-11 23:00:00,0.1916,0.1922,0.1904,0.1907,46599.7
2023-09-11 23:30:00,0.1907,0.1915,0.1907,0.1915,57781.4
2023-09-12 00:00:00,0.1914,0.1924,0.1909,0.1909,59139.8
2023-09-12 00:30:00,0.1911,0.1931,0.1909,0.1923,79686.6
2023-09-12 01:00:00,0.1924,0.1928,0.1909,0.1912,97016.3
2023-09-12 01:30:00,0.1909,0.1914,0.1907,0.1914,92085.7
2023-09-12 02:00:00,0.1914,0.1919,0.1909,0.1909,93578.2
2023-09-12 02:30:00,0.1911,0.1924,0.1909,0.1924,29314.1
2023-09-12 03:00:00,0.1923,0.1974,0.1921,0.1963,303556.4
2023-09-12 03:30:00,0.1965,0.1979,0.1956,0.1976,212661.9
2023-09-12 04:00:00,0.1976,0.1998,0.196,0.196,148797.6
2023-09-12 04:30:00,0.196,0.197,0.1956,0.1957,105635.6
2023-09-12 05:00:00,0.1957,0.1957,0.1945,0.1946,155852.7
2023-09-12 05:30:00,0.1947,0.1957,0.1945,0.1956,35083.0
2023-09-12 06:00:00,0.1957,0.1961,0.1952,0.1959,32652.9
2023-09-12 06:30:00,0.1957,0.196,0.1955,0.1955,80355.6
2023-09-12 07:00:00,0.1955,0.196,0.1945,0.1953,29332.7
2023-09-12 07:30:00,0.1953,0.1975,0.1952,0.1954,127860.5
2023-09-12 08:00:00,0.1953,0.1965,0.1951,0.1963,81236.1
2023-09-12 08:30:00,0.1964,0.1966,0.195,0.195,46538.6
2023-09-12 09:00:00,0.1949,0.196,0.1942,0.196,153280.6
2023-09-12 09:30:00,0.1958,0.1972,0.1957,0.197,68611.5
2023-09-12 10:00:00,0.1973,0.2017,0.197,0.2005,210491.7
2023-09-12 10:30:00,0.2005,0.2008,0.1992,0.2005,269617.9
2023-09-12 11:00:00,0.2005,0.2005,0.1995,0.2003,18023.6
2023-09-12 11:30:00,0.2001,0.2003,0.1988,0.1999,92773.4
2023-09-12 12:00:00,0.2,0.201,0.1993,0.1997,86704.7
2023-09-12 12:30:00,0.1996,0.1999,0.1986,0.1986,28906.7
2023-09-12 13:00:00,0.1984,0.1989,0.1977,0.1984,51893.3
2023-09-12 13:30:00,0.1983,0.201,0.1979,0.1995,148467.7
2023-09-12 14:00:00,0.1995,0.2002,0.1981,0.1984,26501.7
2023-09-12 14:30:00,0.1982,0.1988,0.198,0.198,17409.3
2023-09-12 15:00:00,0.198,0.1991,0.198,0.1984,16254.5
2023-09-12 15:30:00,0.1982,0.1995,0.1982,0.1993,40033.5
2023-09-12 16:00:00,0.1994,0.2014,0.1989,0.2005,110581.6
2023-09-12 16:30:00,0.2006,0.2017,0.1979,0.198,199277.7
2023-09-12 17:00:00,0.1981,0.1987,0.196,0.1977,168985.6
2023-09-12 17:30:00,0.1979,0.198,0.1966,0.1966,27542.9
2023-09-12 18:00:00,0.1964,0.1977,0.1964,0.1972,10629.9
2023-09-12 18:30:00,0.1971,0.1979,0.1971,0.1979,12982.9
2023-09-12 19:00:00,0.198,0.2012,0.198,0.1992,185056.0
2023-09-12 19:30:00,0.199,0.199,0.1977,0.198,60415.7
2023-09-12 20:00:00,0.1981,0.1988,0.1979,0.198,87721.3
2023-09-12 20:30:00,0.198,0.1981,0.1973,0.1973,22963.9
2023-09-12 21:00:00,0.1972,0.1986,0.1972,0.1986,25809.3
2023-09-12 21:30:00,0.1987,0.1987,0.1979,0.1979,26843.0
2023-09-12 22:00:00,0.1977,0.1977,0.1971,0.1972,14084.8
2023-09-12 22:30:00,0.1975,0.1975,0.1961,0.1961,23225.0
2023-09-12 23:00:00,0.1962,0.1963,0.1953,0.1963,42123.3
2023-09-12 23:30:00,0.1962,0.1963,0.1951,0.1952,12500.6
2023-09-13 00:00:00,0.1957,0.1967,0.195,0.1964,63067.4
2023-09-13 00:30:00,0.1963,0.1968,0.1961,0.1967,45723.8
2023-09-13 01:00:00,0.1968,0.1973,0.1963,0.1968,112050.9
2023-09-13 01:30:00,0.1967,0.1971,0.196,0.1968,14820.0
2023-09-13 02:00:00,0.1968,0.197,0.1964,0.1969,15184.0
2023-09-13 02:30:00,0.1969,0.197,0.1959,0.1962,21460.2
2023-09-13 03:00:00,0.1961,0.1966,0.1956,0.1957,25531.9
2023-09-13 03:30:00,0.1956,0.1961,0.1951,0.1958,14158.6
2023-09-13 04:00:00,0.1956,0.1973,0.1956,0.1972,207197.8
2023-09-13 04:30:00,0.1973,0.198,0.1972,0.1976,85904.8
2023-09-13 05:00:00,0.1978,0.1978,0.195,0.1954,99088.7
2023-09-13 05:30:00,0.1953,0.1953,0.1943,0.1952,68187.8
2023-09-13 06:00:00,0.1951,0.1973,0.1946,0.196,99974.2
2023-09-13 06:30:00,0.196,0.1968,0.1959,0.1968,33230.4
2023-09-13 07:00:00,0.1967,0.1971,0.1966,0.1969,66273.6
2023-09-13 07:30:00,0.1968,0.2007,0.1955,0.1981,323976.4
2023-09-13 08:00:00,0.1979,0.2003,0.1979,0.1988,289267.2
2023-09-13 08:30:00,0.1989,0.1991,0.1985,0.199,37636.2
2023-09-13 09:00:00,0.1992,0.2007,0.199,0.2003,175027.4
2023-09-13 09:30:00,0.2003,0.2011,0.2002,0.2007,91087.4
2023-09-13 10:00:00,0.201,0.2027,0.2004,0.2015,154064.0
2023-09-13 10:30:00,0.2011,0.2012,0.2005,0.2008,28810.8
2023-09-13 11:00:00,0.201,0.2012,0.2006,0.2012,16337.6
2023-09-13 11:30:00,0.2014,0.2052,0.2012,0.2047,483388.6
2023-09-13 12:00:00,0.2045,0.2071,0.2031,0.2062,650546.0
2023-09-13 12:30:00,0.2062,0.2117,0.2041,0.2051,2058306.6
2023-09-13 13:00:00,0.205,0.2078,0.2042,0.2068,492351.7
2023-09-13 13:30:00,0.2067,0.2111,0.2061,0.208,655795.2
2023-09-13 14:00:00,0.2077,0.2096,0.2068,0.2092,470663.0
2023-09-13 14:30:00,0.2094,0.2113,0.2088,0.2106,687257.6
2023-09-13 15:00:00,0.2104,0.2116,0.209,0.2114,114797.1
2023-09-13 15:30:00,0.2115,0.2128,0.211,0.2121,340807.8
2023-09-13 16:00:00,0.2122,0.2148,0.2112,0.2134,840694.7
2023-09-13 16:30:00,0.2134,0.2144,0.2114,0.2117,115284.4
2023-09-13 17:00:00,0.2117,0.2138,0.2101,0.2107,199409.1
2023-09-13 17:30:00,0.2109,0.2128,0.2101,0.2104,199994.9
2023-09-13 18:00:00,0.2104,0.2112,0.2097,0.2103,114815.0
2023-09-13 18:30:00,0.2098,0.2098,0.2069,0.2086,668017.1
2023-09-13 19:00:00,0.2086,0.2112,0.2084,0.2108,133559.3
2023-09-13 19:30:00,0.2109,0.2113,0.2101,0.2101,184276.5
2023-09-13 20:00:00,0.2102,0.2117,0.2101,0.2116,52827.5
2023-09-13 20:30:00,0.2116,0.2123,0.2115,0.2123,60850.7
2023-09-13 21:00:00,0.2124,0.213,0.2116,0.2116,119509.8
2023-09-13 21:30:00,0.2117,0.2128,0.2117,0.2127,77153.3
2023-09-13 22:00:00,0.2127,0.2134,0.2119,0.213,177344.9
2023-09-13 22:30:00,0.2129,0.2131,0.2117,0.2117,44488.3
2023-09-13 23:00:00,0.2116,0.2123,0.2106,0.2109,56066.0
2023-09-13 23:30:00,0.2106,0.2113,0.2094,0.2103,235213.6
2023-09-14 00:00:00,0.2102,0.2163,0.21,0.2136,510869.5
2023-09-14 00:30:00,0.2135,0.2146,0.2121,0.2137,316637.7
2023-09-14 01:00:00,0.214,0.214,0.2106,0.2113,220894.4
2023-09-14 01:30:00,0.2111,0.2121,0.2093,0.2095,251116.6
2023-09-14 02:00:00,0.2096,0.2106,0.2089,0.2092,280712.0
2023-09-14 02:30:00,0.2097,0.2108,0.2089,0.2106,94730.9
2023-09-14 03:00:00,0.2106,0.211,0.2101,0.2104,85812.5
2023-09-14 03:30:00,0.21,0.2104,0.2095,0.2103,41878.8
2023-09-14 04:00:00,0.2102,0.2105,0.2085,0.209,72730.9
2023-09-14 04:30:00,0.2088,0.2095,0.2081,0.2088,39535.9
2023-09-14 05:00:00,0.2089,0.2097,0.208,0.2083,108822.0
2023-09-14 05:30:00,0.2084,0.2084,0.2066,0.207,213779.8
2023-09-14 06:00:00,0.2071,0.2097,0.2069,0.2096,222651.9
2023-09-14 06:30:00,0.2096,0.21,0.2087,0.2098,218345.5
2023-09-14 07:00:00,0.2097,0.2101,0.2092,0.2098,21452.7
2023-09-14 07:30:00,0.2099,0.2107,0.2096,0.2096,53873.0
2023-09-14 08:00:00,0.2096,0.2099,0.2079,0.2082,169375.7
2023-09-14 08:30:00,0.2082,0.2085,0.2072,0.2079,184465.3
2023-09-14 09:00:00,0.2083,0.2092,0.2079,0.2082,165314.3
2023-09-14 09:30:00,0.2083,0.2089,0.2079,0.2089,29734.3
2023-09-14 10:00:00,0.2089,0.212,0.2089,0.2103,337860.1
2023-09-14 10:30:00,0.2104,0.2109,0.2094,0.2103,78833.6
2023-09-14 11:00:00,0.2107,0.212,0.2106,0.2113,70629.1
2023-09-14 11:30:00,0.2114,0.2119,0.2105,0.2116,99813.9
2023-09-14 12:00:00,0.2116,0.2124,0.2105,0.2105,65135.6
2023-09-14 12:30:00,0.2103,0.2162,0.2101,0.2162,458992.4
2023-09-14 13:00:00,0.2162,0.2164,0.2129,0.2139,603270.4
2023-09-14 13:30:00,0.2139,0.2148,0.2131,0.2146,89737.9
2023-09-14 14:00:00,0.2146,0.2146,0.2135,0.2144,15499.6
2023-09-14 14:30:00,0.2144,0.2148,0.2138,0.2144,224473.6
2023-09-14 15:00:00,0.2144,0.2149,0.2117,0.2119,235620.3
2023-09-14 15:30:00,0.212,0.2135,0.212,0.213,27895.6
2023-09-14 16:00:00,0.2131,0.2138,0.2121,0.2127,108177.7
2023-09-14 16:30:00,0.2127,0.213,0.212,0.213,53293.7
2023-09-14 17:00:00,0.2131,0.2136,0.2128,0.2135,59730.8
2023-09-14 17:30:00,0.2132,0.2152,0.2132,0.2144,155216.2
2023-09-14 18:00:00,0.2146,0.215,0.2144,0.2144,30589.1
2023-09-14 18:30:00,0.2147,0.2153,0.2138,0.2142,73250.8
2023-09-14 19:00:00,0.2138,0.215,0.2138,0.2148,16698.0
2023-09-14 19:30:00,0.2146,0.216,0.2142,0.2159,64906.5
2023-09-14 20:00:00,0.2159,0.2164,0.2145,0.2147,57494.7
2023-09-14 20:30:00,0.2146,0.2146,0.2139,0.2141,61642.8
2023-09-14 21:00:00,0.2144,0.2147,0.2143,0.2144,9045.3
2023-09-14 21:30:00,0.2144,0.2145,0.2136,0.2144,31555.7
2023-09-14 22:00:00,0.2143,0.2155,0.214,0.2151,53593.1
2023-09-14 22:30:00,0.2152,0.2154,0.2146,0.2151,12191.9
2023-09-14 23:00:00,0.215,0.215,0.2133,0.2137,65706.3
2023-09-14 23:30:00,0.2137,0.214,0.2126,0.214,89085.9
2023-09-15 00:00:00,0.2143,0.2143,0.2132,0.2133,32634.6
2023-09-15 00:30:00,0.2136,0.2147,0.2129,0.2129,31969.9
2023-09-15 01:00:00,0.2134,0.2146,0.2123,0.2146,61948.7
2023-09-15 01:30:00,0.2146,0.2148,0.2134,0.2135,43896.0
2023-09-15 02:00:00,0.2141,0.2177,0.2141,0.2177,145892.0
2023-09-15 02:30:00,0.2177,0.2179,0.2167,0.2176,75533.1
2023-09-15 03:00:00,0.2176,0.2185,0.2162,0.217,102255.8
2023-09-15 03:30:00,0.217,0.2178,0.2154,0.2159,108035.4
2023-09-15 04:00:00,0.2159,0.2174,0.2159,0.2164,65853.3
2023-09-15 04:30:00,0.2162,0.2171,0.2155,0.2171,79224.6
2023-09-15 05:00:00,0.2169,0.2176,0.2164,0.2164,13165.9
2023-09-15 05:30:00,0.2167,0.2168,0.2146,0.215,146302.3
2023-09-15 06:00:00,0.2148,0.2152,0.2146,0.2151,41757.7
2023-09-15 06:30:00,0.2147,0.2147,0.2132,0.2137,87085.1
2023-09-15 07:00:00,0.2138,0.2138,0.2124,0.2133,51158.3
2023-09-15 07:30:00,0.2133,0.2133,0.21,0.2101,715398.5
2023-09-15 08:00:00,0.2101,0.2112,0.2101,0.211,120851.4
2023-09-15 08:30:00,0.2114,0.2124,0.2109,0.2124,262356.1
2023-09-15 09:00:00,0.2124,0.2125,0.2115,0.2122,28551.2
2023-09-15 09:30:00,0.212,0.2128,0.2119,0.2121,32331.6
2023-09-15 10:00:00,0.2121,0.2124,0.2118,0.212,98694.4
2023-09-15 10:30:00,0.2119,0.2119,0.2114,0.2117,30534.1
2023-09-15 11:00:00,0.2117,0.212,0.2102,0.2106,74209.2
2023-09-15 11:30:00,0.2106,0.2108,0.2085,0.2092,179192.6
2023-09-15 12:00:00,0.2088,0.2109,0.2088,0.2109,34629.2
2023-09-15 12:30:00,0.2106,0.2106,0.2093,0.2095,25237.9
2023-09-15 13:00:00,0.2098,0.2106,0.2098,0.2105,14762.2
2023-09-15 13:30:00,0.2105,0.2108,0.2099,0.2101,32715.5
2023-09-15 14:00:00,0.2099,0.2104,0.2096,0.2102,24550.5
2023-09-15 14:30:00,0.2101,0.2101,0.2078,0.2086,67968.7
2023-09-15 15:00:00,0.2086,0.209,0.2085,0.2089,58102.1
2023-09-15 15:30:00,0.209,0.2097,0.2089,0.2095,43476.9
2023-09-15 16:00:00,0.2093,0.2098,0.209,0.2094,67363.6
2023-09-15 16:30:00,0.2097,0.2102,0.2093,0.2102,31435.3
2023-09-15 17:00:00,0.21,0.21,0.2093,0.2094,58881.9
2023-09-15 17:30:00,0.2094,0.2098,0.2087,0.2092,88976.5
2023-09-15 18:00:00,0.2092,0.2106,0.2092,0.2097,136486.0
2023-09-15 18:30:00,0.2095,0.2103,0.2094,0.2102,23305.5
2023-09-15 19:00:00,0.2101,0.2112,0.2098,0.2108,24138.0
2023-09-15 19:30:00,0.2107,0.2117,0.2106,0.2112,22836.4
2023-09-15 20:00:00,0.2114,0.2116,0.2111,0.2113,9226.4
2023-09-15 20:30:00,0.2114,0.2118,0.2114,0.2117,17483.2
2023-09-15 21:00:00,0.2118,0.2128,0.2116,0.2119,61405.3
2023-09-15 21:30:00,0.2117,0.2117,0.2099,0.2104,41739.8
2023-09-15 22:00:00,0.2106,0.2115,0.2104,0.2114,37993.4
2023-09-15 22:30:00,0.2114,0.2137,0.2114,0.2133,33898.1
2023-09-15 23:00:00,0.2138,0.214,0.2119,0.2124,40999.4
2023-09-15 23:30:00,0.2123,0.2149,0.2123,0.2148,48009.9
2023-09-16 00:00:00,0.2148,0.216,0.2146,0.2158,97733.0
2023-09-16 00:30:00,0.2158,0.2186,0.2158,0.2183,233810.1
2023-09-16 01:00:00,0.2184,0.2192,0.2169,0.2169,82884.2
2023-09-16 01:30:00,0.2169,0.2205,0.2168,0.2203,215852.8
2023-09-16 02:00:00,0.2204,0.2251,0.2202,0.2233,513244.8
2023-09-16 02:30:00,0.2233,0.2253,0.2221,0.223,337913.0
2023-09-16 03:00:00,0.2225,0.2257,0.2225,0.2256,104209.1
2023-09-16 03:30:00,0.2254,0.2254,0.2204,0.2209,207238.7
2023-09-16 04:00:00,0.2209,0.2228,0.2204,0.2217,114351.1
2023-09-16 04:30:00,0.2218,0.223,0.2218,0.2226,35991.8
2023-09-16 05:00:00,0.2227,0.2235,0.2214,0.2223,80269.2
2023-09-16 05:30:00,0.2227,0.2227,0.2208,0.2223,209974.3
2023-09-16 06:00:00,0.2224,0.2229,0.2197,0.2199,268348.0
2023-09-16 06:30:00,0.2197,0.22,0.2178,0.2189,150883.7
2023-09-16 07:00:00,0.2189,0.2206,0.2189,0.2203,195396.7
2023-09-16 07:30:00,0.2207,0.221,0.2199,0.2205,58595.1
2023-09-16 08:00:00,0.2206,0.2207,0.2189,0.2196,147661.7
2023-09-16 08:30:00,0.2197,0.221,0.2197,0.2203,117969.9
2023-09-16 09:00:00,0.2203,0.2213,0.2201,0.2208,65947.9
2023-09-16 09:30:00,0.2209,0.2227,0.2204,0.2204,167886.2
2023-09-16 10:00:00,0.2205,0.2216,0.22,0.2213,43665.1
2023-09-16 10:30:00,0.2215,0.222,0.221,0.2213,83649.2
2023-09-16 11:00:00,0.2215,0.2218,0.2206,0.2206,30163.9
2023-09-16 11:30:00,0.2209,0.2217,0.2204,0.2205,127169.1
2023-09-16 12:00:00,0.2204,0.2214,0.2203,0.2206,22451.5
2023-09-16 12:30:00,0.2207,0.2208,0.2191,0.2194,64048.4
2023-09-16 13:00:00,0.2193,0.2197,0.2177,0.2178,209048.4
2023-09-16 13:30:00,0.2178,0.2178,0.2149,0.2149,311653.1
2023-09-16 14:00:00,0.2146,0.2157,0.2138,0.214,169619.7
2023-09-16 14:30:00,0.2138,0.214,0.2117,0.2121,462201.3
2023-09-16 15:00:00,0.2122,0.2147,0.2119,0.214,127021.7
2023-09-16 15:30:00,0.214,0.2144,0.2126,0.2133,274041.5
2023-09-16 16:00:00,0.2135,0.2135,0.2123,0.2126,20464.4
2023-09-16 16:30:00,0.2125,0.2137,0.2125,0.2137,46580.4
2023-09-16 17:00:00,0.2136,0.2139,0.213,0.2139,21748.2
2023-09-16 17:30:00,0.2139,0.2148,0.2139,0.2144,58094.4
2023-09-16 18:00:00,0.2144,0.2146,0.2135,0.2139,80854.2
2023-09-16 18:30:00,0.2138,0.2143,0.2135,0.2143,73575.6
2023-09-16 19:00:00,0.2142,0.2144,0.2134,0.2136,16977.9
2023-09-16 19:30:00,0.2135,0.2138,0.2128,0.2133,25880.7
2023-09-16 20:00:00,0.2134,0.2142,0.2133,0.2139,29525.8
2023-09-16 20:30:00,0.2143,0.2145,0.214,0.214,10998.1
2023-09-16 21:00:00,0.214,0.2146,0.2137,0.2146,37884.1
2023-09-16 21:30:00,0.2145,0.2153,0.2145,0.2153,21820.5
2023-09-16 22:00:00,0.2151,0.2152,0.2143,0.2145,24859.5
2023-09-16 22:30:00,0.2142,0.2154,0.2142,0.2153,9090.8
2023-09-16 23:00:00,0.2152,0.2155,0.2149,0.2152,49809.3
2023-09-16 23:30:00,0.2151,0.2155,0.215,0.2155,5055.1
2023-09-17 00:00:00,0.2153,0.2159,0.2126,0.2126,307791.9
2023-09-17 00:30:00,0.2128,0.2133,0.2101,0.2113,144481.8
2023-09-17 01:00:00,0.2113,0.2117,0.209,0.2106,262302.1
2023-09-17 01:30:00,0.2109,0.2129,0.2104,0.2115,93252.9
2023-09-17 02:00:00,0.2115,0.2123,0.2105,0.2115,75073.4
2023-09-17 02:30:00,0.2115,0.2123,0.2108,0.2119,10947.7
2023-09-17 03:00:00,0.212,0.2127,0.2113,0.2127,44291.4
2023-09-17 03:30:00,0.2126,0.2143,0.2126,0.2136,135928.4
2023-09-17 04:00:00,0.2135,0.2135,0.2125,0.2125,14378.1
2023-09-17 04:30:00,0.2124,0.2132,0.2124,0.2131,12014.8
2023-09-17 05:00:00,0.2129,0.2129,0.2119,0.212,14186.1
2023-09-17 05:30:00,0.212,0.2127,0.2119,0.2126,19430.0
2023-09-17 06:00:00,0.2127,0.2128,0.2112,0.2114,140234.2
2023-09-17 06:30:00,0.2114,0.2122,0.2114,0.2122,34410.1
2023-09-17 07:00:00,0.2122,0.2125,0.2117,0.2123,25185.4
2023-09-17 07:30:00,0.2123,0.2123,0.2106,0.2108,27732.8
2023-09-17 08:00:00,0.2108,0.2118,0.2103,0.2116,57883.9
2023-09-17 08:30:00,0.2118,0.2132,0.2118,0.2132,163738.6
2023-09-17 09:00:00,0.2132,0.2134,0.2126,0.213,17925.2
2023-09-17 09:30:00,0.2129,0.2135,0.2126,0.2135,10459.6
2023-09-17 10:00:00,0.2131,0.2137,0.213,0.2134,16859.6
2023-09-17 10:30:00,0.2136,0.216,0.2135,0.216,265976.8
2023-09-17 11:00:00,0.2159,0.216,0.2151,0.2156,37269.7
2023-09-17 11:30:00,0.2157,0.2158,0.2152,0.2152,25131.1
2023-09-17 12:00:00,0.2152,0.2152,0.2147,0.2148,17096.1
2023-09-17 12:30:00,0.2147,0.215,0.2145,0.2148,25269.3
2023-09-17 13:00:00,0.2148,0.2148,0.2143,0.2146,10308.3
2023-09-17 13:30:00,0.2147,0.2147,0.2139,0.2141,6418.5
2023-09-17 14:00:00,0.2139,0.2162,0.2126,0.213,551987.0
2023-09-17 14:30:00,0.2135,0.2136,0.2128,0.2128,9049.9
2023-09-17 15:00:00,0.2129,0.2129,0.2125,0.2129,15736.3
2023-09-17 15:30:00,0.2127,0.2127,0.2121,0.2124,26004.0
2023-09-17 16:00:00,0.212,0.2124,0.21,0.2108,127092.4
2023-09-17 16:30:00,0.2105,0.2105,0.2095,0.2105,63975.4
2023-09-17 17:00:00,0.2094,0.2103,0.2092,0.2099,25893.4
2023-09-17 17:30:00,0.2096,0.21,0.2089,0.2091,46569.6
2023-09-17 18:00:00,0.209,0.209,0.2077,0.2088,104727.9
2023-09-17 18:30:00,0.2087,0.209,0.2084,0.2085,8273.4
2023-09-17 19:00:00,0.2083,0.2088,0.208,0.208,9842.1
2023-09-17 19:30:00,0.2081,0.2085,0.208,0.2082,26023.2
2023-09-17 20:00:00,0.2081,0.2082,0.2073,0.2078,61073.8
2023-09-17 20:30:00,0.2076,0.2076,0.2042,0.2047,264273.8
2023-09-17 21:00:00,0.2046,0.2062,0.2043,0.2056,25247.8
2023-09-17 21:30:00,0.2053,0.2061,0.2053,0.2057,8827.7
2023-09-17 22:00:00,0.2058,0.2066,0.2053,0.2066,32630.5
2023-09-17 22:30:00,0.2068,0.2068,0.2054,0.2057,8456.1
2023-09-17 23:00:00,0.2053,0.2056,0.2048,0.2054,6386.3
2023-09-17 23:30:00,0.2054,0.2056,0.2033,0.2056,226765.3
2023-09-18 00:00:00,0.2055,0.206,0.2045,0.2045,10767.1
2023-09-18 00:30:00,0.2043,0.2047,0.2015,0.2039,134859.9
2023-09-18 01:00:00,0.2038,0.2055,0.2038,0.2054,71548.4
2023-09-18 01:30:00,0.2054,0.2061,0.205,0.2057,88739.2
2023-09-18 02:00:00,0.2055,0.209,0.2053,0.2086,72726.8
2023-09-18 02:30:00,0.2086,0.2092,0.2077,0.2088,49471.1
2023-09-18 03:00:00,0.2085,0.2085,0.2073,0.2083,19542.3
2023-09-18 03:30:00,0.2084,0.2102,0.2084,0.2101,56604.4
2023-09-18 04:00:00,0.2103,0.2106,0.2092,0.2096,97639.4
2023-09-18 04:30:00,0.2096,0.2129,0.2095,0.2129,166273.0
2023-09-18 05:00:00,0.213,0.214,0.2129,0.2137,61494.3
2023-09-18 05:30:00,0.2138,0.2168,0.2138,0.2154,185516.5
2023-09-18 06:00:00,0.2153,0.2156,0.2144,0.2148,121518.3
2023-09-18 06:30:00,0.2149,0.2154,0.2135,0.2135,175484.6
2023-09-18 07:00:00,0.2136,0.2154,0.2136,0.2149,24023.9
2023-09-18 07:30:00,0.2151,0.2185,0.2146,0.2146,338688.9
2023-09-18 08:00:00,0.2145,0.2151,0.2144,0.2147,38054.3
2023-09-18 08:30:00,0.215,0.2151,0.2142,0.2148,16361.0
2023-09-18 09:00:00,0.2149,0.2162,0.2149,0.215,204670.5
2023-09-18 09:30:00,0.215,0.2173,0.215,0.2169,211076.0
2023-09-18 10:00:00,0.2169,0.2171,0.2153,0.2156,94262.4
2023-09-18 10:30:00,0.2156,0.2168,0.2155,0.2163,74300.2
2023-09-18 11:00:00,0.2165,0.2176,0.2165,0.2174,267210.3
2023-09-18 11:30:00,0.2174,0.2174,0.216,0.2167,34213.8
2023-09-18 12:00:00,0.2167,0.2173,0.2153,0.2172,26603.4
2023-09-18 12:30:00,0.2171,0.2206,0.2171,0.2179,312161.8
2023-09-18 13:00:00,0.218,0.2183,0.2163,0.2164,78698.0
2023-09-18 13:30:00,0.2165,0.2173,0.2162,0.2172,100111.8
2023-09-18 14:00:00,0.2172,0.2186,0.2165,0.2176,114873.3
2023-09-18 14:30:00,0.2174,0.2183,0.217,0.217,36962.9
2023-09-18 15:00:00,0.2171,0.2175,0.2165,0.217,14053.2
2023-09-18 15:30:00,0.2167,0.2173,0.2158,0.2161,198341.1
2023-09-18 16:00:00,0.2161,0.2171,0.215,0.2155,114603.8
2023-09-18 16:30:00,0.2156,0.2167,0.2153,0.2163,45197.4
2023-09-18 17:00:00,0.2163,0.2165,0.2136,0.2137,110663.5
2023-09-18 17:30:00,0.214,0.2141,0.2118,0.2128,174256.4
2023-09-18 18:00:00,0.2128,0.2138,0.2125,0.2129,48954.9
2023-09-18 18:30:00,0.2129,0.213,0.2118,0.2119,58010.4
2023-09-18 19:00:00,0.212,0.213,0.2119,0.2129,8748.5
2023-09-18 19:30:00,0.2131,0.214,0.2129,0.2137,58665.5
2023-09-18 20:00:00,0.2133,0.2142,0.2132,0.2137,130643.1
2023-09-18 20:30:00,0.2138,0.2138,0.2131,0.2136,13922.4
2023-09-18 21:00:00,0.2136,0.2144,0.2128,0.2142,36922.3
2023-09-18 21:30:00,0.2141,0.2141,0.2137,0.2139,9158.8
2023-09-18 22:00:00,0.2144,0.2147,0.2143,0.2145,8408.3
2023-09-18 22:30:00,0.2142,0.2142,0.2134,0.2139,9557.8
2023-09-18 23:00:00,0.2139,0.214,0.2124,0.2129,41556.2
2023-09-18 23:30:00,0.2127,0.2127,0.2113,0.2113,28461.0
2023-09-19 00:00:00,0.2119,0.212,0.2111,0.2118,25948.4
2023-09-19 00:30:00,0.2117,0.2117,0.2086,0.2091,206232.8
2023-09-19 01:00:00,0.209,0.2107,0.209,0.2106,23530.3
2023-09-19 01:30:00,0.2103,0.2103,0.2097,0.21,8205.9
2023-09-19 02:00:00,0.21,0.2109,0.21,0.2107,9356.9
2023-09-19 02:30:00,0.2107,0.2121,0.2107,0.2121,132943.3
2023-09-19 03:00:00,0.2121,0.2121,0.2111,0.2114,11539.1
2023-09-19 03:30:00,0.2113,0.2122,0.2113,0.2122,17539.4
2023-09-19 04:00:00,0.2121,0.2128,0.2121,0.2128,28547.2
2023-09-19 04:30:00,0.2128,0.2138,0.2126,0.2137,41427.8
2023-09-19 05:00:00,0.2138,0.2138,0.2133,0.2136,15409.9
2023-09-19 05:30:00,0.2136,0.2144,0.2132,0.2132,50342.2
2023-09-19 06:00:00,0.2132,0.2132,0.2126,0.2131,14495.0
2023-09-19 06:30:00,0.213,0.2141,0.213,0.214,42019.7
2023-09-19 07:00:00,0.2137,0.214,0.2134,0.2137,11465.8
2023-09-19 07:30:00,0.214,0.2143,0.2139,0.2139,26254.4
2023-09-19 08:00:00,0.2141,0.2147,0.214,0.2144,140488.9
2023-09-19 08:30:00,0.2147,0.2162,0.2145,0.2162,67260.1
2023-09-19 09:00:00,0.2158,0.2166,0.2156,0.2164,67391.0
2023-09-19 09:30:00,0.2166,0.2187,0.2166,0.2186,68464.3
2023-09-19 10:00:00,0.2186,0.2188,0.2156,0.216,39627.1
2023-09-19 10:30:00,0.2166,0.2188,0.2163,0.2185,96448.4
2023-09-19 11:00:00,0.2186,0.2187,0.2173,0.2178,33320.1
2023-09-19 11:30:00,0.218,0.2204,0.218,0.2199,267185.7
2023-09-19 12:00:00,0.2199,0.222,0.2194,0.2218,126122.8
2023-09-19 12:30:00,0.2219,0.2223,0.2196,0.2204,171269.9
2023-09-19 13:00:00,0.2207,0.2209,0.22,0.2206,71594.7
2023-09-19 13:30:00,0.2206,0.2213,0.2193,0.2196,170888.4
2023-09-19 14:00:00,0.2193,0.2208,0.2185,0.2203,58361.8
2023-09-19 14:30:00,0.2205,0.2214,0.2201,0.2212,57215.1
2023-09-19 15:00:00,0.2213,0.2225,0.2206,0.2224,83805.0
2023-09-19 15:30:00,0.2226,0.2242,0.2214,0.2233,240618.2
2023-09-19 16:00:00,0.2235,0.2235,0.2211,0.2211,286788.5
2023-09-19 16:30:00,0.2211,0.2236,0.2209,0.2219,117620.6
2023-09-19 17:00:00,0.2219,0.2233,0.2211,0.2228,159091.7
2023-09-19 17:30:00,0.2228,0.2241,0.2226,0.2232,338350.2
2023-09-19 18:00:00,0.2231,0.2256,0.2224,0.2247,707294.5
2023-09-19 18:30:00,0.2246,0.2264,0.2237,0.2258,220181.2
2023-09-19 19:00:00,0.2253,0.2257,0.224,0.2249,68459.5
2023-09-19 19:30:00,0.225,0.2251,0.2241,0.2242,24798.3
2023-09-19 20:00:00,0.2242,0.2246,0.2237,0.2244,62221.7
2023-09-19 20:30:00,0.2241,0.2241,0.223,0.223,52692.8
2023-09-19 21:00:00,0.2232,0.2242,0.2225,0.2225,12001.9
2023-09-19 21:30:00,0.2227,0.2242,0.2226,0.2238,76035.0
2023-09-19 22:00:00,0.2243,0.2244,0.2232,0.2244,20349.4
2023-09-19 22:30:00,0.2241,0.2241,0.2233,0.2233,7041.5
2023-09-19 23:00:00,0.2232,0.225,0.2231,0.225,40864.3
2023-09-19 23:30:00,0.225,0.225,0.2241,0.2242,11719.2
2023-09-20 00:00:00,0.2242,0.2258,0.2238,0.2238,47792.1
2023-09-20 00:30:00,0.2244,0.2245,0.2233,0.2237,41441.7
2023-09-20 01:00:00,0.2249,0.2264,0.2246,0.2259,72469.5
2023-09-20 01:30:00,0.2259,0.2298,0.2258,0.2293,461789.5
2023-09-20 02:00:00,0.2292,0.2371,0.2288,0.2327,2359682.3
2023-09-20 02:30:00,0.2324,0.2334,0.231,0.232,285323.0
2023-09-20 03:00:00,0.232,0.2323,0.2287,0.2289,494032.0
2023-09-20 03:30:00,0.2287,0.2312,0.2269,0.2281,426329.4
2023-09-20 04:00:00,0.2278,0.2299,0.2266,0.2289,359249.6
2023-09-20 04:30:00,0.2291,0.2312,0.2288,0.2289,219477.3
2023-09-20 05:00:00,0.2288,0.2318,0.2288,0.2317,285607.2
2023-09-20 05:30:00,0.2315,0.2316,0.2292,0.2295,275245.8
2023-09-20 06:00:00,0.2294,0.2319,0.2278,0.2314,310419.9
2023-09-20 06:30:00,0.2313,0.2317,0.2289,0.229,138043.9
2023-09-20 07:00:00,0.2294,0.2317,0.229,0.2314,275826.3
2023-09-20 07:30:00,0.2311,0.2323,0.2307,0.2316,237759.4
2023-09-20 08:00:00,0.2313,0.2334,0.2312,0.2321,338701.2
2023-09-20 08:30:00,0.2322,0.2337,0.2295,0.2305,298691.4
2023-09-20 09:00:00,0.2306,0.2335,0.2296,0.2312,396339.5
2023-09-20 09:30:00,0.2309,0.2312,0.2275,0.228,387428.2
2023-09-20 10:00:00,0.2282,0.2293,0.2261,0.2278,222281.3
2023-09-20 10:30:00,0.2277,0.2287,0.2271,0.2287,128508.9
2023-09-20 11:00:00,0.2286,0.2288,0.2267,0.2275,219210.3
2023-09-20 11:30:00,0.2277,0.2284,0.2274,0.2278,44682.0
2023-09-20 12:00:00,0.228,0.2286,0.2274,0.2277,136819.6
2023-09-20 12:30:00,0.2275,0.2282,0.2235,0.2249,591209.8
2023-09-20 13:00:00,0.2249,0.2261,0.2235,0.2243,299112.5
2023-09-20 13:30:00,0.2243,0.2266,0.224,0.2266,88982.0
2023-09-20 14:00:00,0.2265,0.2277,0.2257,0.227,219841.7
2023-09-20 14:30:00,0.227,0.2275,0.2264,0.2264,107741.4
2023-09-20 15:00:00,0.2263,0.2266,0.2253,0.2254,132971.0
2023-09-20 15:30:00,0.2254,0.2267,0.2252,0.2265,39509.1
2023-09-20 16:00:00,0.2264,0.2269,0.2257,0.2257,31573.6
2023-09-20 16:30:00,0.2256,0.2264,0.2255,0.2261,51934.7
2023-09-20 17:00:00,0.2261,0.2273,0.2255,0.2265,79739.4
2023-09-20 17:30:00,0.2267,0.2268,0.2252,0.2258,142040.4
2023-09-20 18:00:00,0.2258,0.2272,0.2246,0.2267,215458.7
2023-09-20 18:30:00,0.2272,0.2279,0.2263,0.227,22876.8
2023-09-20 19:00:00,0.227,0.2271,0.221,0.224,515179.5
2023-09-20 19:30:00,0.2238,0.2245,0.2228,0.2243,205943.3
2023-09-20 20:00:00,0.2242,0.225,0.2226,0.2235,468626.8
2023-09-20 20:30:00,0.2235,0.224,0.223,0.2237,196689.4
2023-09-20 21:00:00,0.2237,0.2249,0.2234,0.2247,27541.8
2023-09-20 21:30:00,0.2248,0.2249,0.2243,0.2243,64795.7
2023-09-20 22:00:00,0.2243,0.2245,0.2238,0.224,19644.0
2023-09-20 22:30:00,0.2237,0.2243,0.2234,0.224,16588.2
2023-09-20 23:00:00,0.2241,0.2248,0.2234,0.2245,79785.5
2023-09-20 23:30:00,0.2247,0.2255,0.2247,0.2251,28412.1
2023-09-21 00:00:00,0.2252,0.2266,0.2251,0.2264,113368.2
2023-09-21 00:30:00,0.2266,0.228,0.2265,0.2277,80227.7
2023-09-21 01:00:00,0.2277,0.2278,0.226,0.226,52803.5
2023-09-21 01:30:00,0.226,0.2279,0.2259,0.2277,58723.6
2023-09-21 02:00:00,0.228,0.229,0.2269,0.2269,241477.7
2023-09-21 02:30:00,0.2273,0.2282,0.2263,0.2266,205814.1
2023-09-21 03:00:00,0.2266,0.227,0.2248,0.2249,376362.4
2023-09-21 03:30:00,0.225,0.2258,0.2247,0.2257,51984.3
2023-09-21 04:00:00,0.2259,0.2259,0.2248,0.2248,53882.8
2023-09-21 04:30:00,0.2249,0.226,0.2248,0.2258,45024.4
2023-09-21 05:00:00,0.2257,0.2257,0.2235,0.2238,60005.6
2023-09-21 05:30:00,0.2239,0.226,0.2234,0.225,394516.6
2023-09-21 06:00:00,0.2249,0.2255,0.2241,0.2248,152794.3
2023-09-21 06:30:00,0.2247,0.2249,0.2229,0.2229,197691.5
2023-09-21 07:00:00,0.2229,0.224,0.2228,0.2239,108606.4
2023-09-21 07:30:00,0.2239,0.2239,0.2219,0.222,103899.0
2023-09-21 08:00:00,0.2219,0.2223,0.221,0.2218,53324.4
2023-09-21 08:30:00,0.2218,0.2218,0.2204,0.2204,94019.5
2023-09-21 09:00:00,0.2205,0.2217,0.2174,0.2188,564927.6
2023-09-21 09:30:00,0.2189,0.2197,0.2176,0.2178,222054.2
2023-09-21 10:00:00,0.2178,0.2181,0.2167,0.2173,142122.2
2023-09-21 10:30:00,0.2174,0.2177,0.2152,0.2154,241518.8
2023-09-21 11:00:00,0.2154,0.2167,0.2154,0.2167,81977.3
2023-09-21 11:30:00,0.2165,0.2169,0.2162,0.2165,40101.7
2023-09-21 12:00:00,0.2167,0.2192,0.2167,0.2171,124883.5
2023-09-21 12:30:00,0.217,0.2182,0.2167,0.2181,85788.4
2023-09-21 13:00:00,0.2181,0.2188,0.2172,0.2179,141009.3
2023-09-21 13:30:00,0.2173,0.2182,0.2166,0.2182,79998.3
2023-09-21 14:00:00,0.2181,0.2199,0.2179,0.2197,82499.4
2023-09-21 14:30:00,0.2196,0.2206,0.2196,0.22,104713.7
2023-09-21 15:00:00,0.2203,0.2206,0.2199,0.2206,22941.8
2023-09-21 15:30:00,0.2206,0.221,0.22,0.2203,32916.5
2023-09-21 16:00:00,0.2201,0.2201,0.2187,0.2187,24805.3
2023-09-21 16:30:00,0.2187,0.2189,0.2185,0.2188,24875.2
2023-09-21 17:00:00,0.2189,0.2198,0.2189,0.2196,19752.4
2023-09-21 17:30:00,0.2197,0.2199,0.2177,0.2184,92950.8
2023-09-21 18:00:00,0.2184,0.2189,0.2183,0.2188,15475.0
2023-09-21 18:30:00,0.2188,0.2194,0.2186,0.2194,40741.3
2023-09-21 19:00:00,0.2194,0.2195,0.2188,0.2193,20014.1
2023-09-21 19:30:00,0.2189,0.2196,0.2188,0.2193,2968.4
2023-09-21 20:00:00,0.2196,0.2196,0.2174,0.2181,30003.9
2023-09-21 20:30:00,0.2181,0.219,0.2181,0.2189,31056.1
2023-09-21 21:00:00,0.2189,0.219,0.2182,0.2182,18135.4
2023-09-21 21:30:00,0.2177,0.2193,0.2176,0.2193,11041.4
2023-09-21 22:00:00,0.2192,0.2193,0.2189,0.2192,3371.0
2023-09-21 22:30:00,0.2194,0.2205,0.2194,0.2205,16047.4
2023-09-21 23:00:00,0.2204,0.2205,0.2192,0.2196,25467.0
2023-09-21 23:30:00,0.2196,0.2201,0.2196,0.2201,2198.4
2023-09-22 00:00:00,0.2201,0.2205,0.2165,0.2179,123337.8
2023-09-22 00:30:00,0.218,0.2203,0.2179,0.2203,64941.2
2023-09-22 01:00:00,0.2203,0.2203,0.2184,0.2202,21172.8
2023-09-22 01:30:00,0.2201,0.2212,0.22,0.221,37763.3
2023-09-22 02:00:00,0.2207,0.2207,0.2186,0.219,160469.0
2023-09-22 02:30:00,0.219,0.2195,0.219,0.2191,41813.5
2023-09-22 03:00:00,0.2192,0.2207,0.219,0.2203,51612.4
2023-09-22 03:30:00,0.2203,0.222,0.2199,0.2215,123322.0
2023-09-22 04:00:00,0.2217,0.2225,0.2212,0.2219,221641.3
2023-09-22 04:30:00,0.2221,0.2222,0.2209,0.2212,308957.3
2023-09-22 05:00:00,0.2212,0.2214,0.2209,0.2209,9947.0
2023-09-22 05:30:00,0.221,0.222,0.221,0.2217,4559.6
2023-09-22 06:00:00,0.222,0.222,0.221,0.2213,32534.8
2023-09-22 06:30:00,0.2213,0.2213,0.2202,0.2203,65014.5
2023-09-22 07:00:00,0.2204,0.2204,0.2194,0.2197,42468.3
2023-09-22 07:30:00,0.2196,0.2217,0.2196,0.2212,80460.1
2023-09-22 08:00:00,0.2212,0.2222,0.2208,0.2208,60365.0
2023-09-22 08:30:00,0.221,0.2215,0.221,0.2215,10051.5
2023-09-22 09:00:00,0.221,0.221,0.2202,0.2205,80517.9
2023-09-22 09:30:00,0.2204,0.2207,0.2198,0.2204,96930.9
2023-09-22 10:00:00,0.2205,0.2207,0.22,0.2207,60402.8
2023-09-22 10:30:00,0.2207,0.2207,0.2194,0.2197,116878.9
2023-09-22 11:00:00,0.22,0.22,0.2198,0.22,42091.2
2023-09-22 11:30:00,0.2203,0.2207,0.22,0.2206,1072.5
2023-09-22 12:00:00,0.2207,0.2209,0.2201,0.2208,21115.6
2023-09-22 12:30:00,0.2207,0.2208,0.22,0.2201,7292.7
2023-09-22 13:00:00,0.2203,0.2208,0.2199,0.2205,9618.1
2023-09-22 13:30:00,0.2204,0.2205,0.2197,0.2204,16554.7
2023-09-22 14:00:00,0.2204,0.2208,0.2197,0.2201,23749.5
2023-09-22 14:30:00,0.2203,0.221,0.2199,0.2209,25728.5
2023-09-22 15:00:00,0.2208,0.221,0.2201,0.2204,35017.0
2023-09-22 15:30:00,0.2204,0.2205,0.2193,0.2193,60011.0
2023-09-22 16:00:00,0.2194,0.2203,0.2192,0.2199,69298.4
2023-09-22 16:30:00,0.2198,0.2201,0.2189,0.219,53357.0
2023-09-22 17:00:00,0.2191,0.2196,0.2186,0.2186,18353.4
2023-09-22 17:30:00,0.219,0.2196,0.2183,0.219,64866.1
2023-09-22 18:00:00,0.2194,0.2194,0.2184,0.2187,39242.4
2023-09-22 18:30:00,0.2185,0.2191,0.2185,0.2191,14331.0
2023-09-22 19:00:00,0.2191,0.2195,0.2187,0.2188,26553.6
2023-09-22 19:30:00,0.2188,0.2188,0.2178,0.2182,70708.9
2023-09-22 20:00:00,0.2184,0.2187,0.2184,0.2184,8248.5
2023-09-22 20:30:00,0.2182,0.2182,0.2177,0.2178,19968.2
2023-09-22 21:00:00,0.2178,0.219,0.2177,0.219,18606.5
2023-09-22 21:30:00,0.219,0.2195,0.2186,0.2195,35823.4
2023-09-22 22:00:00,0.2196,0.2218,0.2195,0.2206,226331.6
2023-09-22 22:30:00,0.2207,0.2209,0.2201,0.2207,26908.1
2023-09-22 23:00:00,0.2207,0.2209,0.2199,0.2204,32169.4
2023-09-22 23:30:00,0.2207,0.2212,0.2206,0.2209,62467.4
2023-09-23 00:00:00,0.2209,0.2225,0.2209,0.2225,82604.5
2023-09-23 00:30:00,0.2225,0.2227,0.2214,0.2222,58897.0
2023-09-23 01:00:00,0.2223,0.2225,0.2214,0.2221,29322.0
2023-09-23 01:30:00,0.2222,0.2223,0.2218,0.2223,20866.3
2023-09-23 02:00:00,0.2222,0.2225,0.2206,0.2206,78858.0
2023-09-23 02:30:00,0.2206,0.2216,0.2204,0.2209,42139.1
2023-09-23 03:00:00,0.221,0.2211,0.2202,0.221,33199.3
2023-09-23 03:30:00,0.221,0.2211,0.2202,0.2207,21387.8
2023-09-23 04:00:00,0.2206,0.2212,0.22,0.2212,34945.1
2023-09-23 04:30:00,0.2212,0.2214,0.2207,0.2208,16047.4
2023-09-23 05:00:00,0.221,0.2219,0.2209,0.2218,47527.8
2023-09-23 05:30:00,0.2217,0.2217,0.2207,0.2209,52466.4
2023-09-23 06:00:00,0.2208,0.2218,0.2207,0.2217,38531.2
2023-09-23 06:30:00,0.2217,0.2219,0.2215,0.2216,43873.5
2023-09-23 07:00:00,0.2215,0.2219,0.2209,0.2209,67975.4
2023-09-23 07:30:00,0.2209,0.2217,0.2209,0.2213,15658.4
2023-09-23 08:00:00,0.2215,0.2216,0.2209,0.2215,29323.5
2023-09-23 08:30:00,0.2217,0.2218,0.2213,0.2217,28984.4
2023-09-23 09:00:00,0.2216,0.2219,0.221,0.2211,42142.8
2023-09-23 09:30:00,0.2211,0.2213,0.2209,0.2211,22687.8
2023-09-23 10:00:00,0.2211,0.2211,0.2205,0.2206,22255.3
2023-09-23 10:30:00,0.2207,0.2207,0.2202,0.2204,15324.3
2023-09-23 11:00:00,0.2203,0.2204,0.2201,0.2201,17682.2
2023-09-23 11:30:00,0.2202,0.2203,0.2184,0.2187,368191.8
2023-09-23 12:00:00,0.2187,0.2187,0.2176,0.2183,43999.1
2023-09-23 12:30:00,0.2183,0.2183,0.2137,0.2141,439529.4
2023-09-23 13:00:00,0.214,0.215,0.2136,0.2146,259483.1
2023-09-23 13:30:00,0.2146,0.2146,0.2123,0.2125,252280.6
2023-09-23 14:00:00,0.2124,0.2142,0.2122,0.2134,223921.3
2023-09-23 14:30:00,0.2136,0.2142,0.213,0.2137,82704.1
2023-09-23 15:00:00,0.2135,0.2136,0.2122,0.2122,46847.4
2023-09-23 15:30:00,0.2123,0.2123,0.2112,0.2114,283509.7
2023-09-23 16:00:00,0.2113,0.2113,0.2083,0.2092,479472.3
2023-09-23 16:30:00,0.2092,0.2107,0.2089,0.2107,124780.0
2023-09-23 17:00:00,0.2107,0.2108,0.2094,0.2096,47485.7
2023-09-23 17:30:00,0.2096,0.2099,0.2092,0.2093,73463.5
2023-09-23 18:00:00,0.2094,0.2102,0.2093,0.2101,143138.1
2023-09-23 18:30:00,0.2101,0.2101,0.2092,0.2094,42891.7
2023-09-23 19:00:00,0.2095,0.2101,0.2091,0.2097,42321.1
2023-09-23 19:30:00,0.2097,0.2102,0.2097,0.2102,80639.3
2023-09-23 20:00:00,0.2101,0.2108,0.2099,0.2104,96724.4
2023-09-23 20:30:00,0.2104,0.2112,0.2104,0.2111,79832.1
2023-09-23 21:00:00,0.2111,0.2111,0.2099,0.2105,40879.1
2023-09-23 21:30:00,0.2108,0.2115,0.2107,0.2115,54694.7
2023-09-23 22:00:00,0.2116,0.2118,0.2109,0.2109,21270.5
2023-09-23 22:30:00,0.2109,0.2122,0.2108,0.212,86182.5
2023-09-23 23:00:00,0.2119,0.2121,0.2115,0.2118,32927.9
2023-09-23 23:30:00,0.2117,0.2134,0.2116,0.2133,78173.9
2023-09-24 00:00:00,0.2133,0.2135,0.2124,0.2128,66340.0
2023-09-24 00:30:00,0.2128,0.2129,0.2115,0.2122,88695.0
2023-09-24 01:00:00,0.2123,0.2124,0.2117,0.2124,22494.5
2023-09-24 01:30:00,0.2125,0.2127,0.2119,0.2121,22578.0
2023-09-24 02:00:00,0.2122,0.213,0.2122,0.2122,31835.5
2023-09-24 02:30:00,0.2122,0.2126,0.212,0.2124,32909.3
2023-09-24 03:00:00,0.2122,0.2127,0.212,0.2124,71423.1
2023-09-24 03:30:00,0.2127,0.2128,0.2116,0.2116,34333.7
2023-09-24 04:00:00,0.2115,0.2117,0.211,0.2112,54317.3
2023-09-24 04:30:00,0.2112,0.2112,0.2105,0.2112,25981.9
2023-09-24 05:00:00,0.2112,0.2115,0.2111,0.2115,17929.0
2023-09-24 05:30:00,0.2114,0.2119,0.2113,0.2117,19012.3
2023-09-24 06:00:00,0.2118,0.2118,0.2111,0.2113,56617.6
2023-09-24 06:30:00,0.2114,0.2114,0.2107,0.2109,27189.5
2023-09-24 07:00:00,0.2108,0.211,0.2103,0.2104,42301.7
2023-09-24 07:30:00,0.2103,0.2107,0.2101,0.2106,29838.6
2023-09-24 08:00:00,0.2105,0.2111,0.2105,0.2111,24033.3
2023-09-24 08:30:00,0.211,0.2112,0.2108,0.211,45971.1
2023-09-24 09:00:00,0.2111,0.212,0.2111,0.2116,34886.8
2023-09-24 09:30:00,0.2116,0.2118,0.2113,0.2113,14060.8
2023-09-24 10:00:00,0.2114,0.2114,0.2107,0.2108,16879.4
2023-09-24 10:30:00,0.2108,0.2113,0.2107,0.211,22450.6
2023-09-24 11:00:00,0.2111,0.2111,0.2104,0.2108,23411.3
2023-09-24 11:30:00,0.2107,0.211,0.2104,0.2106,92058.3
2023-09-24 12:00:00,0.2106,0.2111,0.2106,0.2107,24833.8
2023-09-24 12:30:00,0.2106,0.2112,0.2102,0.2107,140316.4
2023-09-24 13:00:00,0.2108,0.2112,0.2106,0.2106,35237.8
2023-09-24 13:30:00,0.2106,0.2113,0.2105,0.2106,31800.9
2023-09-24 14:00:00,0.2106,0.2114,0.2105,0.2106,50498.6
2023-09-24 14:30:00,0.2108,0.211,0.2104,0.2107,33742.7
2023-09-24 15:00:00,0.2107,0.2111,0.2107,0.2108,37178.6
2023-09-24 15:30:00,0.2109,0.2113,0.2107,0.2111,25848.7
2023-09-24 16:00:00,0.2111,0.2114,0.2109,0.2111,11702.4
2023-09-24 16:30:00,0.2111,0.2114,0.2111,0.2112,20140.7
2023-09-24 17:00:00,0.211,0.2115,0.2109,0.211,50795.3
2023-09-24 17:30:00,0.2108,0.2123,0.2108,0.2118,38033.3
2023-09-24 18:00:00,0.2119,0.2124,0.2102,0.2114,106917.9
2023-09-24 18:30:00,0.2114,0.2118,0.2111,0.2116,28896.6
2023-09-24 19:00:00,0.2114,0.2117,0.2077,0.2093,235308.4
2023-09-24 19:30:00,0.2091,0.2103,0.2091,0.2099,85844.9
2023-09-24 20:00:00,0.2099,0.21,0.2089,0.2096,38236.4
2023-09-24 20:30:00,0.2096,0.2107,0.2096,0.2102,32945.1
2023-09-24 21:00:00,0.2101,0.2102,0.2097,0.2097,37872.4
2023-09-24 21:30:00,0.2097,0.2112,0.2097,0.2111,54028.4
2023-09-24 22:00:00,0.2112,0.2114,0.2106,0.2113,24806.4
2023-09-24 22:30:00,0.2112,0.2114,0.2111,0.2113,10544.1
2023-09-24 23:00:00,0.2114,0.2114,0.205,0.2081,333081.1
2023-09-24 23:30:00,0.2081,0.2081,0.2072,0.2077,130674.7
2023-09-25 00:00:00,0.2076,0.2077,0.205,0.2072,206524.0
2023-09-25 00:30:00,0.2072,0.2091,0.2064,0.2091,137999.5
2023-09-25 01:00:00,0.2091,0.2098,0.209,0.2096,190156.5
2023-09-25 01:30:00,0.2094,0.2094,0.2074,0.2074,145482.0
2023-09-25 02:00:00,0.2078,0.2088,0.2078,0.2085,15278.9
2023-09-25 02:30:00,0.2085,0.2094,0.2085,0.2093,53801.5
2023-09-25 03:00:00,0.2092,0.2096,0.2088,0.2088,14329.0
2023-09-25 03:30:00,0.2089,0.2094,0.2085,0.2085,19499.7
2023-09-25 04:00:00,0.2083,0.2094,0.2081,0.2092,22882.3
2023-09-25 04:30:00,0.2092,0.2097,0.2091,0.2097,44352.3
2023-09-25 05:00:00,0.2096,0.2103,0.2089,0.2097,115427.3
2023-09-25 05:30:00,0.2096,0.2104,0.2088,0.2088,96924.3
2023-09-25 06:00:00,0.2089,0.2091,0.208,0.209,44959.0
2023-09-25 06:30:00,0.209,0.2094,0.2089,0.2089,62318.8
2023-09-25 07:00:00,0.2086,0.2092,0.2086,0.2089,69905.1
2023-09-25 07:30:00,0.2087,0.2094,0.2085,0.209,21068.4
2023-09-25 08:00:00,0.2092,0.2096,0.2091,0.2092,27858.9
2023-09-25 08:30:00,0.209,0.209,0.2065,0.2081,133829.6
2023-09-25 09:00:00,0.2082,0.2086,0.2079,0.2083,82368.2
2023-09-25 09:30:00,0.2085,0.2085,0.2083,0.2084,22738.0
2023-09-25 10:00:00,0.2084,0.2088,0.2083,0.2088,53700.5
2023-09-25 10:30:00,0.2088,0.209,0.2085,0.2088,37373.2
2023-09-25 11:00:00,0.2089,0.209,0.2083,0.2084,62095.1
2023-09-25 11:30:00,0.2086,0.2088,0.208,0.2081,53936.1
2023-09-25 12:00:00,0.2081,0.2085,0.2076,0.2083,44491.1
2023-09-25 12:30:00,0.2082,0.2084,0.2078,0.2083,33527.5
2023-09-25 13:00:00,0.2081,0.2085,0.2081,0.2082,51460.8
2023-09-25 13:30:00,0.2083,0.2093,0.2082,0.209,88819.1
2023-09-25 14:00:00,0.209,0.2095,0.2084,0.2084,56475.9
2023-09-25 14:30:00,0.2083,0.2096,0.2082,0.2093,32590.8
2023-09-25 15:00:00,0.2093,0.2101,0.2091,0.21,44429.5
2023-09-25 15:30:00,0.2101,0.2112,0.21,0.211,54171.0
2023-09-25 16:00:00,0.2111,0.2117,0.2108,0.2114,49142.9
2023-09-25 16:30:00,0.2114,0.2115,0.2108,0.211,19327.7
2023-09-25 17:00:00,0.2112,0.2117,0.2103,0.2103,21560.0
2023-09-25 17:30:00,0.2104,0.2107,0.2101,0.2106,47189.2
2023-09-25 18:00:00,0.2107,0.2107,0.2102,0.2102,55292.3
2023-09-25 18:30:00,0.2102,0.2104,0.21,0.21,16378.1
2023-09-25 19:00:00,0.2103,0.2103,0.2095,0.2096,189349.5
2023-09-25 19:30:00,0.2097,0.2103,0.2097,0.2101,10587.9
2023-09-25 20:00:00,0.2102,0.2104,0.2097,0.2097,35710.1
2023-09-25 20:30:00,0.2097,0.2097,0.2092,0.2092,22707.8
2023-09-25 21:00:00,0.2092,0.2095,0.2087,0.2092,39335.7
2023-09-25 21:30:00,0.2091,0.2092,0.2089,0.2091,5134.9
2023-09-25 22:00:00,0.2092,0.2097,0.2092,0.2097,5190.7
2023-09-25 22:30:00,0.2096,0.2097,0.2092,0.2096,8922.6
2023-09-25 23:00:00,0.2097,0.2099,0.2097,0.2098,4896.7
2023-09-25 23:30:00,0.2098,0.2098,0.2096,0.2097,6447.0
2023-09-26 00:00:00,0.2099,0.2101,0.2091,0.2099,115317.3
2023-09-26 00:30:00,0.2099,0.2103,0.2096,0.2101,26773.1
2023-09-26 01:00:00,0.2101,0.2107,0.2101,0.2105,68053.0
2023-09-26 01:30:00,0.2107,0.2122,0.2106,0.2116,119004.6
2023-09-26 02:00:00,0.2115,0.2118,0.2113,0.2117,11996.8
2023-09-26 02:30:00,0.2116,0.2116,0.2113,0.2115,8508.4
2023-09-26 03:00:00,0.2115,0.2134,0.2115,0.2126,158472.9
2023-09-26 03:30:00,0.2127,0.2129,0.2123,0.2123,17584.5
2023-09-26 04:00:00,0.2122,0.2125,0.2113,0.212,176665.6
2023-09-26 04:30:00,0.212,0.212,0.2111,0.2118,27455.9
2023-09-26 05:00:00,0.2119,0.2119,0.2113,0.2113,70806.3
2023-09-26 05:30:00,0.2114,0.2115,0.2108,0.2113,45114.4
2023-09-26 06:00:00,0.2111,0.2114,0.2108,0.2109,7628.7
2023-09-26 06:30:00,0.2108,0.2108,0.2105,0.2108,14652.3
2023-09-26 07:00:00,0.2108,0.2113,0.2106,0.2107,2682.3
2023-09-26 07:30:00,0.2105,0.2107,0.2099,0.2105,53716.7
2023-09-26 08:00:00,0.2105,0.2105,0.2096,0.2099,50130.5
2023-09-26 08:30:00,0.2099,0.2102,0.2095,0.2098,17543.9
2023-09-26 09:00:00,0.2094,0.2095,0.2086,0.2089,41643.9
2023-09-26 09:30:00,0.2086,0.2092,0.2086,0.2089,36344.8
2023-09-26 10:00:00,0.209,0.2092,0.2086,0.2086,59268.2
2023-09-26 10:30:00,0.2087,0.2087,0.2075,0.2075,47273.7
2023-09-26 11:00:00,0.2074,0.2079,0.2072,0.2079,13784.1
2023-09-26 11:30:00,0.2081,0.2086,0.2078,0.2081,21676.2
2023-09-26 12:00:00,0.2082,0.2092,0.208,0.2092,33830.6
2023-09-26 12:30:00,0.209,0.2092,0.2076,0.2076,41315.3
2023-09-26 13:00:00,0.2076,0.2077,0.2073,0.2077,53751.8
2023-09-26 13:30:00,0.2073,0.2083,0.2072,0.2077,15417.8
2023-09-26 14:00:00,0.2079,0.208,0.2071,0.2072,108698.5
2023-09-26 14:30:00,0.2072,0.2076,0.2068,0.2076,46621.9
2023-09-26 15:00:00,0.2076,0.2076,0.2064,0.2065,45742.4
2023-09-26 15:30:00,0.2063,0.207,0.2059,0.2069,15722.0
2023-09-26 16:00:00,0.2068,0.2081,0.2068,0.2081,34562.6
2023-09-26 16:30:00,0.2081,0.2089,0.2076,0.2082,103614.3
2023-09-26 17:00:00,0.2079,0.2084,0.2074,0.2074,6938.9
2023-09-26 17:30:00,0.2075,0.2075,0.2068,0.2072,47454.0
2023-09-26 18:00:00,0.2074,0.2074,0.207,0.207,8521.4
2023-09-26 18:30:00,0.207,0.207,0.2067,0.207,5910.5
2023-09-26 19:00:00,0.2069,0.2072,0.2068,0.2072,7057.0
2023-09-26 19:30:00,0.2074,0.2079,0.2074,0.2079,5102.9
2023-09-26 20:00:00,0.2077,0.2081,0.2075,0.2075,25870.6
2023-09-26 20:30:00,0.2077,0.2077,0.2074,0.2075,5077.8
2023-09-26 21:00:00,0.2072,0.2073,0.205,0.2067,52920.9
2023-09-26 21:30:00,0.2068,0.2077,0.2068,0.2075,18666.0
2023-09-26 22:00:00,0.2075,0.208,0.2075,0.2078,7686.4
2023-09-26 22:30:00,0.208,0.2081,0.2068,0.2072,38684.9
2023-09-26 23:00:00,0.2073,0.2079,0.2073,0.2079,7992.3
2023-09-26 23:30:00,0.2078,0.2084,0.2077,0.2081,31646.5
2023-09-27 00:00:00,0.2078,0.2084,0.2078,0.2084,17868.7
2023-09-27 00:30:00,0.2083,0.2089,0.2083,0.2089,8018.0
2023-09-27 01:00:00,0.2084,0.2086,0.2084,0.2085,13625.7
2023-09-27 01:30:00,0.2086,0.209,0.2086,0.2088,5719.4
2023-09-27 02:00:00,0.2088,0.2088,0.2079,0.2087,10399.1
2023-09-27 02:30:00,0.2089,0.2089,0.2072,0.2073,51457.6
2023-09-27 03:00:00,0.2073,0.208,0.2071,0.208,5722.1
2023-09-27 03:30:00,0.2085,0.2085,0.208,0.2084,4703.6
2023-09-27 04:00:00,0.2087,0.2087,0.2077,0.2079,16848.3
2023-09-27 04:30:00,0.2077,0.2083,0.2077,0.2081,34622.5
2023-09-27 05:00:00,0.208,0.208,0.2073,0.2076,15217.2
2023-09-27 05:30:00,0.2074,0.208,0.2069,0.207,49696.3
2023-09-27 06:00:00,0.2072,0.2076,0.207,0.2071,14785.0
2023-09-27 06:30:00,0.2073,0.2086,0.2073,0.2084,33796.9
2023-09-27 07:00:00,0.2083,0.2083,0.2077,0.2077,14210.7
2023-09-27 07:30:00,0.2077,0.2086,0.2077,0.2083,19384.8
2023-09-27 08:00:00,0.2082,0.2084,0.2075,0.2076,18309.7
2023-09-27 08:30:00,0.2075,0.2082,0.2075,0.2077,13476.5
2023-09-27 09:00:00,0.2076,0.2081,0.2072,0.208,30365.1
2023-09-27 09:30:00,0.2084,0.2098,0.2079,0.2092,129648.7
2023-09-27 10:00:00,0.2092,0.2104,0.2092,0.2102,56784.1
2023-09-27 10:30:00,0.2105,0.211,0.21,0.2101,36489.8
2023-09-27 11:00:00,0.2101,0.2106,0.2098,0.2106,28815.8
2023-09-27 11:30:00,0.2106,0.2116,0.2105,0.2108,137699.4
2023-09-27 12:00:00,0.2107,0.2109,0.2101,0.2104,35346.4
2023-09-27 12:30:00,0.2104,0.2109,0.2099,0.2099,19592.5
2023-09-27 13:00:00,0.2101,0.2106,0.2097,0.2099,29101.2
2023-09-27 13:30:00,0.2098,0.2103,0.2084,0.2092,92219.0
2023-09-27 14:00:00,0.2094,0.2096,0.2066,0.2074,143762.2
2023-09-27 14:30:00,0.2074,0.208,0.205,0.2059,266290.5
2023-09-27 15:00:00,0.2058,0.2067,0.2057,0.2066,19766.3
2023-09-27 15:30:00,0.2064,0.2067,0.2063,0.2065,5298.0
2023-09-27 16:00:00,0.2063,0.2069,0.206,0.2067,62602.8
2023-09-27 16:30:00,0.2068,0.2068,0.2059,0.2062,35429.8
2023-09-27 17:00:00,0.2063,0.2064,0.2055,0.2055,19517.1
2023-09-27 17:30:00,0.2054,0.2057,0.2052,0.2054,15904.7
2023-09-27 18:00:00,0.2054,0.2054,0.2039,0.2047,104615.7
2023-09-27 18:30:00,0.2051,0.2054,0.204,0.204,18073.7
2023-09-27 19:00:00,0.2043,0.2053,0.2041,0.205,20069.4
2023-09-27 19:30:00,0.205,0.205,0.2021,0.2023,126666.5
2023-09-27 20:00:00,0.2022,0.2034,0.2022,0.2027,52605.4
2023-09-27 20:30:00,0.2027,0.2027,0.1976,0.199,461851.7
2023-09-27 21:00:00,0.199,0.1991,0.1973,0.1974,90044.2
2023-09-27 21:30:00,0.1972,0.1974,0.1968,0.197,97375.9
2023-09-27 22:00:00,0.1971,0.1981,0.1969,0.1974,123065.9
2023-09-27 22:30:00,0.1974,0.1989,0.1973,0.1989,227647.4
2023-09-27 23:00:00,0.1988,0.1991,0.1981,0.1985,89884.7
2023-09-27 23:30:00,0.1986,0.1989,0.198,0.1983,45257.4
2023-09-28 00:00:00,0.1983,0.2002,0.1981,0.2002,114167.4
2023-09-28 00:30:00,0.2,0.2002,0.1989,0.2,64324.4
2023-09-28 01:00:00,0.2002,0.2006,0.1995,0.2006,94770.2
2023-09-28 01:30:00,0.2006,0.201,0.1999,0.2007,51874.4
2023-09-28 02:00:00,0.2008,0.2011,0.1996,0.1998,28792.0
2023-09-28 02:30:00,0.1997,0.2,0.1994,0.2,43236.2
2023-09-28 03:00:00,0.2,0.2,0.1994,0.1997,85273.5
2023-09-28 03:30:00,0.1998,0.1998,0.1994,0.1994,96319.6
2023-09-28 04:00:00,0.1994,0.2001,0.1994,0.1999,156516.3
2023-09-28 04:30:00,0.2,0.2004,0.1998,0.2003,37722.6
2023-09-28 05:00:00,0.2003,0.201,0.2001,0.201,56024.3
2023-09-28 05:30:00,0.2009,0.2009,0.2003,0.2005,20618.5
2023-09-28 06:00:00,0.2006,0.2006,0.2,0.2004,13277.8
2023-09-28 06:30:00,0.2001,0.2023,0.2001,0.2023,294236.9
2023-09-28 07:00:00,0.2023,0.2032,0.2021,0.2031,155594.7
2023-09-28 07:30:00,0.203,0.2069,0.2027,0.2063,332839.2
2023-09-28 08:00:00,0.2067,0.2067,0.2051,0.2062,69815.7
2023-09-28 08:30:00,0.2064,0.2123,0.2064,0.2093,309525.6
2023-09-28 09:00:00,0.2093,0.2093,0.2077,0.2078,89980.3
2023-09-28 09:30:00,0.2078,0.2107,0.2078,0.2104,278939.9
2023-09-28 10:00:00,0.2103,0.2106,0.2092,0.2102,109586.0
2023-09-28 10:30:00,0.2101,0.2121,0.2101,0.2106,237488.1
2023-09-28 11:00:00,0.2107,0.2109,0.2094,0.2095,171140.5
2023-09-28 11:30:00,0.2097,0.2097,0.2088,0.2094,99570.6
2023-09-28 12:00:00,0.2093,0.2095,0.2087,0.2091,124844.6
2023-09-28 12:30:00,0.2093,0.21,0.209,0.2091,70545.0
2023-09-28 13:00:00,0.209,0.2103,0.209,0.21,32714.9
2023-09-28 13:30:00,0.21,0.2119,0.2093,0.2109,178576.3
2023-09-28 14:00:00,0.2109,0.2131,0.2101,0.2123,427419.5
2023-09-28 14:30:00,0.2124,0.2134,0.2122,0.2124,104482.1
2023-09-28 15:00:00,0.2121,0.2121,0.2107,0.2118,187538.5
2023-09-28 15:30:00,0.2115,0.2129,0.2114,0.2127,139554.7
2023-09-28 16:00:00,0.2128,0.2151,0.2125,0.2141,196563.9
2023-09-28 16:30:00,0.2138,0.2138,0.2127,0.213,39616.5
2023-09-28 17:00:00,0.2127,0.2134,0.2127,0.2128,18628.4
2023-09-28 17:30:00,0.2128,0.2128,0.2123,0.2125,30749.3
2023-09-28 18:00:00,0.2125,0.2131,0.2115,0.2118,105150.7
2023-09-28 18:30:00,0.2118,0.2123,0.2104,0.2118,193435.5
2023-09-28 19:00:00,0.2117,0.2128,0.2115,0.2125,43040.5
2023-09-28 19:30:00,0.2124,0.2131,0.2123,0.2131,19856.7
2023-09-28 20:00:00,0.2132,0.214,0.213,0.213,52802.7
2023-09-28 20:30:00,0.213,0.2134,0.2123,0.2133,33777.2
2023-09-28 21:00:00,0.2133,0.2136,0.2124,0.213,51010.7
2023-09-28 21:30:00,0.2131,0.214,0.2127,0.2137,54684.3
2023-09-28 22:00:00,0.2137,0.2139,0.2133,0.2135,15322.0
2023-09-28 22:30:00,0.2136,0.2144,0.2135,0.2138,35730.2
2023-09-28 23:00:00,0.2137,0.2147,0.2137,0.2145,36202.2
2023-09-28 23:30:00,0.2146,0.2146,0.2137,0.2145,104769.3
2023-09-29 00:00:00,0.2148,0.2162,0.2145,0.2148,123797.6
2023-09-29 00:30:00,0.2149,0.2151,0.2132,0.2143,36451.1
2023-09-29 01:00:00,0.2141,0.2145,0.2126,0.2131,73309.0
2023-09-29 01:30:00,0.2131,0.2142,0.2131,0.2142,19014.1
2023-09-29 02:00:00,0.2142,0.2145,0.2135,0.2135,63761.4
2023-09-29 02:30:00,0.2132,0.2138,0.2123,0.2127,57448.8
2023-09-29 03:00:00,0.2127,0.2135,0.2125,0.2128,28588.5
2023-09-29 03:30:00,0.2126,0.213,0.2123,0.2127,20094.9
2023-09-29 04:00:00,0.2129,0.213,0.2123,0.2127,19867.1
2023-09-29 04:30:00,0.2126,0.2135,0.2117,0.2129,34760.2
2023-09-29 05:00:00,0.2135,0.2135,0.213,0.2133,21994.6
2023-09-29 05:30:00,0.2131,0.2131,0.2126,0.2127,11563.8
2023-09-29 06:00:00,0.2127,0.2129,0.2122,0.2123,65436.5
2023-09-29 06:30:00,0.2123,0.2132,0.2122,0.213,64666.4
2023-09-29 07:00:00,0.2127,0.2134,0.2127,0.2133,16482.9
2023-09-29 07:30:00,0.2133,0.2146,0.2133,0.2142,89788.4
2023-09-29 08:00:00,0.2142,0.2142,0.2131,0.2131,12545.3
2023-09-29 08:30:00,0.2131,0.2132,0.212,0.2123,67364.2
2023-09-29 09:00:00,0.2125,0.2133,0.2124,0.2127,44788.4
2023-09-29 09:30:00,0.2126,0.2128,0.2119,0.2124,17558.4
2023-09-29 10:00:00,0.2122,0.2124,0.2113,0.2118,184462.9
2023-09-29 10:30:00,0.2118,0.2118,0.2111,0.2111,25818.8
2023-09-29 11:00:00,0.2113,0.2114,0.2109,0.2113,10528.5
2023-09-29 11:30:00,0.2111,0.2119,0.211,0.2114,49573.0
2023-09-29 12:00:00,0.2112,0.2115,0.2105,0.2113,132342.6
2023-09-29 12:30:00,0.2112,0.2126,0.2112,0.212,26151.9
2023-09-29 13:00:00,0.2122,0.2125,0.212,0.2123,58709.1
2023-09-29 13:30:00,0.2123,0.2126,0.2113,0.2117,18134.8
2023-09-29 14:00:00,0.2113,0.2117,0.2092,0.2117,70474.5
2023-09-29 14:30:00,0.2118,0.2136,0.2117,0.2128,50456.0
2023-09-29 15:00:00,0.2127,0.2141,0.2127,0.2128,30514.7
2023-09-29 15:30:00,0.2132,0.2139,0.213,0.2139,41624.1
2023-09-29 16:00:00,0.2139,0.214,0.213,0.2133,25474.6
2023-09-29 16:30:00,0.2132,0.2138,0.2129,0.2138,41430.9
2023-09-29 17:00:00,0.2139,0.2139,0.2133,0.2134,22753.6
2023-09-29 17:30:00,0.2135,0.2142,0.2134,0.2138,25335.8
2023-09-29 18:00:00,0.2136,0.2141,0.2129,0.2141,64104.2
2023-09-29 18:30:00,0.2141,0.215,0.214,0.2149,90665.9
2023-09-29 19:00:00,0.215,0.2152,0.2143,0.2146,52556.5
2023-09-29 19:30:00,0.2145,0.2151,0.2143,0.2143,39046.9
2023-09-29 20:00:00,0.2143,0.2155,0.2143,0.2153,129754.1
2023-09-29 20:30:00,0.2152,0.2178,0.2152,0.2168,213700.3
2023-09-29 21:00:00,0.2167,0.217,0.2161,0.2168,22835.2
2023-09-29 21:30:00,0.2168,0.2168,0.2157,0.2157,22162.5
2023-09-29 22:00:00,0.2159,0.2165,0.215,0.2155,196177.7
2023-09-29 22:30:00,0.2154,0.2157,0.2153,0.2155,13565.1
2023-09-29 23:00:00,0.2155,0.2161,0.2155,0.2156,18699.3
2023-09-29 23:30:00,0.2157,0.2159,0.2151,0.2151,10736.0
2023-09-30 00:00:00,0.2152,0.2156,0.2149,0.2149,8098.2
2023-09-30 00:30:00,0.2149,0.2163,0.2147,0.2158,14822.6
2023-09-30 01:00:00,0.2152,0.2153,0.2141,0.2142,31752.2
2023-09-30 01:30:00,0.2143,0.2148,0.2141,0.2143,7632.6
2023-09-30 02:00:00,0.2142,0.2145,0.2139,0.2139,10662.9
2023-09-30 02:30:00,0.2138,0.2143,0.2137,0.2139,9304.0
2023-09-30 03:00:00,0.2144,0.2145,0.2138,0.2138,4230.2
2023-09-30 03:30:00,0.2138,0.2139,0.2132,0.2137,14828.1
2023-09-30 04:00:00,0.2135,0.2143,0.2135,0.2143,838.8
2023-09-30 04:30:00,0.2142,0.2142,0.2139,0.2139,1551.1
2023-09-30 05:00:00,0.2137,0.2137,0.2124,0.2131,50773.1
2023-09-30 05:30:00,0.2131,0.2131,0.2124,0.2127,21405.5
2023-09-30 06:00:00,0.2128,0.2135,0.2128,0.2134,23580.7
2023-09-30 06:30:00,0.2135,0.214,0.2135,0.2136,18436.8
2023-09-30 07:00:00,0.2136,0.2137,0.2133,0.2134,28753.8
2023-09-30 07:30:00,0.2132,0.2137,0.2129,0.2131,2960.1
2023-09-30 08:00:00,0.213,0.2132,0.2124,0.2128,20708.6
2023-09-30 08:30:00,0.2126,0.2133,0.2124,0.213,11707.5
2023-09-30 09:00:00,0.2132,0.2134,0.2124,0.2124,18627.2
2023-09-30 09:30:00,0.2124,0.2129,0.2123,0.2128,19177.1
2023-09-30 10:00:00,0.2131,0.2131,0.2123,0.2126,14798.1
2023-09-30 10:30:00,0.2127,0.2134,0.2125,0.2133,23616.3
2023-09-30 11:00:00,0.2132,0.2136,0.2131,0.2131,25259.5
2023-09-30 11:30:00,0.2131,0.2131,0.2118,0.2118,20670.4
2023-09-30 12:00:00,0.2117,0.2125,0.2117,0.2121,33860.6
2023-09-30 12:30:00,0.2122,0.2126,0.2121,0.2123,13527.4
2023-09-30 13:00:00,0.2121,0.2123,0.2116,0.2118,29771.3
2023-09-30 13:30:00,0.2118,0.2123,0.2118,0.2123,6510.0
2023-09-30 14:00:00,0.2123,0.2125,0.2115,0.2118,56029.7
2023-09-30 14:30:00,0.2116,0.212,0.2115,0.212,14191.2
2023-09-30 15:00:00,0.212,0.2125,0.2116,0.2116,12753.7
2023-09-30 15:30:00,0.2117,0.2128,0.2117,0.2121,30502.1
2023-09-30 16:00:00,0.2119,0.2127,0.2119,0.2123,18790.5
2023-09-30 16:30:00,0.2124,0.2128,0.2124,0.2126,6166.1
2023-09-30 17:00:00,0.2123,0.2124,0.2114,0.2123,7265.3
2023-09-30 17:30:00,0.2122,0.2125,0.2122,0.2123,4694.6
2023-09-30 18:00:00,0.2122,0.2125,0.2119,0.212,5138.8
2023-09-30 18:30:00,0.212,0.2122,0.2115,0.2118,3509.1
2023-09-30 19:00:00,0.2124,0.213,0.2104,0.2118,92677.0
2023-09-30 19:30:00,0.2119,0.2119,0.2114,0.2114,18767.4
2023-09-30 20:00:00,0.2115,0.212,0.2111,0.2112,14565.8
2023-09-30 20:30:00,0.2113,0.2118,0.2113,0.2117,6166.4
2023-09-30 21:00:00,0.2118,0.212,0.2116,0.2118,13658.4
2023-09-30 21:30:00,0.2117,0.2117,0.2092,0.2105,51647.3
2023-09-30 22:00:00,0.2105,0.2114,0.2105,0.2114,17922.0
2023-09-30 22:30:00,0.2113,0.2113,0.2104,0.2108,52366.2
2023-09-30 23:00:00,0.2108,0.2108,0.2102,0.2103,33683.8
2023-09-30 23:30:00,0.2103,0.2103,0.2098,0.2102,18629.0
2023-10-01 00:00:00,0.2102,0.2106,0.2101,0.2106,20739.7
2023-10-01 00:30:00,0.2104,0.2115,0.2098,0.2109,100253.4
2023-10-01 01:00:00,0.2111,0.2114,0.209,0.211,42183.2
2023-10-01 01:30:00,0.2108,0.2116,0.2108,0.2116,11001.7
2023-10-01 02:00:00,0.2115,0.2119,0.2113,0.2114,25897.1
2023-10-01 02:30:00,0.2114,0.2114,0.2107,0.2114,8090.9
2023-10-01 03:00:00,0.2115,0.212,0.2115,0.2119,11228.5
2023-10-01 03:30:00,0.2119,0.2126,0.2119,0.2126,15800.7
2023-10-01 04:00:00,0.2127,0.2129,0.2123,0.2125,3429.0
2023-10-01 04:30:00,0.2125,0.2125,0.2123,0.2124,2524.8
2023-10-01 05:00:00,0.2127,0.2137,0.2126,0.2137,38435.2
2023-10-01 05:30:00,0.2135,0.2138,0.2134,0.2137,2155.3
2023-10-01 06:00:00,0.2139,0.2161,0.2139,0.216,101576.1
2023-10-01 06:30:00,0.2161,0.2166,0.2158,0.2159,59725.9
2023-10-01 07:00:00,0.2159,0.2173,0.2155,0.2155,130309.2
2023-10-01 07:30:00,0.2153,0.2153,0.2145,0.2146,73128.8
2023-10-01 08:00:00,0.2146,0.2157,0.2143,0.2145,66107.5
2023-10-01 08:30:00,0.2146,0.2152,0.2145,0.2151,12590.5
2023-10-01 09:00:00,0.215,0.216,0.2148,0.2158,7936.6
2023-10-01 09:30:00,0.2154,0.2164,0.2154,0.2163,6864.0
2023-10-01 10:00:00,0.2163,0.2181,0.2159,0.2159,136975.1
2023-10-01 10:30:00,0.2159,0.2197,0.2156,0.2182,148519.8
2023-10-01 11:00:00,0.2181,0.2198,0.2174,0.2189,164468.2
2023-10-01 11:30:00,0.2189,0.2199,0.2175,0.2178,178067.6
2023-10-01 12:00:00,0.218,0.2183,0.2171,0.2183,57854.8
2023-10-01 12:30:00,0.2179,0.2186,0.2177,0.2183,14726.8
2023-10-01 13:00:00,0.2182,0.2183,0.2171,0.2179,84108.6
2023-10-01 13:30:00,0.2176,0.2194,0.2175,0.2192,105203.0
2023-10-01 14:00:00,0.2192,0.2205,0.2188,0.22,61531.6
2023-10-01 14:30:00,0.2201,0.2202,0.2179,0.2179,108242.6
2023-10-01 15:00:00,0.2181,0.2188,0.2181,0.2185,21455.8
2023-10-01 15:30:00,0.2186,0.2199,0.2186,0.2197,41294.3
2023-10-01 16:00:00,0.2195,0.2215,0.2189,0.2206,114333.8
2023-10-01 16:30:00,0.2206,0.2211,0.2195,0.22,115473.5
2023-10-01 17:00:00,0.2201,0.2206,0.2194,0.2197,93593.0
2023-10-01 17:30:00,0.2198,0.2198,0.2179,0.2179,80514.0
2023-10-01 18:00:00,0.218,0.2191,0.218,0.2187,38729.8
2023-10-01 18:30:00,0.2188,0.2193,0.2182,0.2182,29440.9
2023-10-01 19:00:00,0.2184,0.2184,0.2178,0.2183,20564.5
2023-10-01 19:30:00,0.2184,0.2188,0.2183,0.2184,42971.5
2023-10-01 20:00:00,0.2186,0.2192,0.2178,0.2187,24871.9
2023-10-01 20:30:00,0.218,0.2189,0.2173,0.2184,38245.6
2023-10-01 21:00:00,0.2184,0.2208,0.2184,0.2198,98794.4
2023-10-01 21:30:00,0.2199,0.22,0.2193,0.2197,22587.1
2023-10-01 22:00:00,0.2197,0.2248,0.2193,0.2231,233257.9
2023-10-01 22:30:00,0.2234,0.2249,0.2229,0.2247,64659.2
2023-10-01 23:00:00,0.2248,0.2248,0.2223,0.2224,54477.4
2023-10-01 23:30:00,0.2225,0.2266,0.2223,0.2241,133649.3
2023-10-02 00:00:00,0.2246,0.2262,0.2212,0.2217,232242.6
2023-10-02 00:30:00,0.222,0.2227,0.2214,0.2225,30180.1
2023-10-02 01:00:00,0.2223,0.2233,0.2221,0.2231,25273.0
2023-10-02 01:30:00,0.2232,0.2234,0.2229,0.2233,10464.0
2023-10-02 02:00:00,0.2233,0.224,0.2228,0.2231,40045.9
2023-10-02 02:30:00,0.2231,0.224,0.2229,0.2239,9118.1
2023-10-02 03:00:00,0.2239,0.2239,0.2225,0.2239,65427.5
2023-10-02 03:30:00,0.2239,0.2247,0.2237,0.224,46087.5
2023-10-02 04:00:00,0.224,0.224,0.2213,0.2213,146793.9
2023-10-02 04:30:00,0.2216,0.2216,0.2207,0.2213,24919.6
2023-10-02 05:00:00,0.2214,0.2226,0.2211,0.2225,37941.3
2023-10-02 05:30:00,0.2225,0.2225,0.22,0.2207,29942.5
2023-10-02 06:00:00,0.2207,0.2224,0.2205,0.2224,37934.2
2023-10-02 06:30:00,0.2223,0.2226,0.2221,0.2224,11320.7
2023-10-02 07:00:00,0.2228,0.2231,0.222,0.2231,19664.6
2023-10-02 07:30:00,0.2228,0.2243,0.2227,0.2238,84276.5
2023-10-02 08:00:00,0.2238,0.2239,0.2229,0.223,15671.2
2023-10-02 08:30:00,0.2232,0.2245,0.2231,0.2236,78480.5
2023-10-02 09:00:00,0.2236,0.2236,0.2225,0.2234,4207.1
2023-10-02 09:30:00,0.2234,0.2238,0.2227,0.2236,26191.1
2023-10-02 10:00:00,0.2236,0.2237,0.221,0.2219,127762.1
2023-10-02 10:30:00,0.2219,0.2219,0.2193,0.2199,293125.4
2023-10-02 11:00:00,0.2201,0.2207,0.2191,0.2205,32456.6
2023-10-02 11:30:00,0.2205,0.2206,0.218,0.2194,59436.8
2023-10-02 12:00:00,0.2194,0.2201,0.2189,0.2201,30573.7
2023-10-02 12:30:00,0.2202,0.2203,0.2192,0.2198,87545.5
2023-10-02 13:00:00,0.2195,0.2195,0.2182,0.2183,54553.1
2023-10-02 13:30:00,0.218,0.2189,0.2171,0.2185,150518.9
2023-10-02 14:00:00,0.2185,0.2186,0.2159,0.2169,142751.9
2023-10-02 14:30:00,0.2174,0.2178,0.217,0.2172,35566.7
2023-10-02 15:00:00,0.2173,0.218,0.2171,0.2179,68711.2
2023-10-02 15:30:00,0.2179,0.2179,0.213,0.2145,205810.6
2023-10-02 16:00:00,0.2152,0.2161,0.2134,0.2159,121831.8
2023-10-02 16:30:00,0.2157,0.2162,0.2154,0.2156,36812.0
2023-10-02 17:00:00,0.2157,0.2164,0.2151,0.2164,46648.8
2023-10-02 17:30:00,0.2164,0.2174,0.2151,0.2164,69446.6
2023-10-02 18:00:00,0.2162,0.2164,0.2153,0.2154,25543.3
2023-10-02 18:30:00,0.2155,0.2155,0.2058,0.2071,706661.6
2023-10-02 19:00:00,0.2072,0.2225,0.2067,0.2086,569737.3
2023-10-02 19:30:00,0.2086,0.2103,0.2086,0.2101,80249.6
2023-10-02 20:00:00,0.2099,0.21,0.209,0.2094,51846.7
2023-10-02 20:30:00,0.2094,0.2095,0.2086,0.2087,29220.5
2023-10-02 21:00:00,0.2087,0.2093,0.2082,0.2089,65833.3
2023-10-02 21:30:00,0.2087,0.2087,0.206,0.2077,166949.4
2023-10-02 22:00:00,0.2079,0.2093,0.2078,0.2092,75521.6
2023-10-02 22:30:00,0.209,0.2101,0.2089,0.2097,182166.5
2023-10-02 23:00:00,0.2098,0.21,0.2095,0.2098,70055.2
2023-10-02 23:30:00,0.2099,0.2103,0.2096,0.2099,17547.8
2023-10-03 00:00:00,0.2099,0.2101,0.2097,0.2101,2642.1
2023-10-03 00:30:00,0.2102,0.2103,0.2093,0.2094,113819.7
2023-10-03 01:00:00,0.2094,0.2101,0.209,0.2099,60634.9
2023-10-03 01:30:00,0.2099,0.211,0.2098,0.211,16686.9
2023-10-03 02:00:00,0.211,0.211,0.2105,0.2105,30692.3
2023-10-03 02:30:00,0.2106,0.2107,0.2104,0.2107,5981.2
2023-10-03 03:00:00,0.2108,0.2109,0.2105,0.2107,19116.0
2023-10-03 03:30:00,0.2106,0.2107,0.2101,0.2105,18267.7
2023-10-03 04:00:00,0.2105,0.2107,0.2093,0.2094,15566.6
2023-10-03 04:30:00,0.2091,0.2105,0.2091,0.2105,38444.5
2023-10-03 05:00:00,0.2102,0.2103,0.2097,0.2103,7435.6
2023-10-03 05:30:00,0.2101,0.2114,0.2101,0.2108,66801.0
2023-10-03 06:00:00,0.2107,0.2113,0.2102,0.211,40365.2
2023-10-03 06:30:00,0.2113,0.2121,0.2113,0.2118,23583.1
2023-10-03 07:00:00,0.2118,0.2123,0.2111,0.2111,24694.4
2023-10-03 07:30:00,0.211,0.211,0.2099,0.2105,73101.9
2023-10-03 08:00:00,0.2104,0.211,0.21,0.2105,30017.2
2023-10-03 08:30:00,0.2106,0.2114,0.2105,0.2109,21291.3
2023-10-03 09:00:00,0.2105,0.211,0.2104,0.2108,19673.6
2023-10-03 09:30:00,0.2108,0.2111,0.2106,0.2109,16047.5
2023-10-03 10:00:00,0.2106,0.2106,0.2087,0.2092,116816.0
2023-10-03 10:30:00,0.2093,0.2104,0.2093,0.2102,10929.1
2023-10-03 11:00:00,0.2099,0.2099,0.2077,0.2079,134388.0
2023-10-03 11:30:00,0.2079,0.2086,0.2077,0.2086,17330.9
2023-10-03 12:00:00,0.2086,0.2086,0.2066,0.2075,62071.5
2023-10-03 12:30:00,0.2076,0.2085,0.2075,0.2077,58271.8
2023-10-03 13:00:00,0.2079,0.2088,0.2075,0.2082,143120.9
2023-10-03 13:30:00,0.2083,0.2091,0.2083,0.2086,27825.0
2023-10-03 14:00:00,0.2084,0.2084,0.2065,0.207,156889.6
2023-10-03 14:30:00,0.207,0.2075,0.2058,0.207,165520.5
2023-10-03 15:00:00,0.2068,0.2082,0.2061,0.2081,118604.6
2023-10-03 15:30:00,0.2082,0.2082,0.205,0.2061,224542.1
2023-10-03 16:00:00,0.206,0.2072,0.2059,0.2072,35371.6
2023-10-03 16:30:00,0.2072,0.2072,0.2066,0.2066,8620.4
2023-10-03 17:00:00,0.2067,0.2068,0.2058,0.2065,44077.4
2023-10-03 17:30:00,0.2065,0.2069,0.2055,0.2056,28839.8
2023-10-03 18:00:00,0.2056,0.2056,0.2045,0.205,85029.0
2023-10-03 18:30:00,0.2049,0.205,0.2031,0.2031,133990.6
2023-10-03 19:00:00,0.2031,0.2047,0.2028,0.2045,68233.5
2023-10-03 19:30:00,0.2042,0.2042,0.2028,0.2028,60353.6
2023-10-03 20:00:00,0.2029,0.2039,0.2018,0.2039,126686.0
2023-10-03 20:30:00,0.2038,0.2038,0.2028,0.2031,26745.7
2023-10-03 21:00:00,0.203,0.2032,0.2025,0.2027,42796.4
2023-10-03 21:30:00,0.2026,0.2026,0.202,0.2024,41553.0
2023-10-03 22:00:00,0.2023,0.2023,0.2018,0.202,20521.4
2023-10-03 22:30:00,0.2021,0.2027,0.2012,0.2025,70622.8
2023-10-03 23:00:00,0.2025,0.2027,0.2018,0.2024,134699.8
2023-10-03 23:30:00,0.2025,0.2028,0.202,0.2027,36431.5
2023-10-04 00:00:00,0.2026,0.2026,0.1996,0.2005,271388.2
2023-10-04 00:30:00,0.2001,0.2003,0.196,0.1982,551881.7
2023-10-04 01:00:00,0.198,0.1996,0.1975,0.1996,109455.3
2023-10-04 01:30:00,0.1997,0.2001,0.1987,0.1998,113672.4
2023-10-04 02:00:00,0.1996,0.2008,0.1993,0.2008,55758.9
2023-10-04 02:30:00,0.2007,0.2009,0.2002,0.2007,14767.9
2023-10-04 03:00:00,0.2005,0.2014,0.2003,0.2005,51179.2
2023-10-04 03:30:00,0.2004,0.2008,0.2003,0.2003,12152.1
2023-10-04 04:00:00,0.2003,0.2004,0.1996,0.2003,10414.2
2023-10-04 04:30:00,0.2002,0.2005,0.1996,0.1996,15596.2
2023-10-04 05:00:00,0.1997,0.2004,0.1997,0.2004,17258.8
2023-10-04 05:30:00,0.2004,0.201,0.2004,0.201,17652.5
2023-10-04 06:00:00,0.201,0.2013,0.2002,0.201,54029.0
2023-10-04 06:30:00,0.2009,0.2013,0.1999,0.2012,85246.2
2023-10-04 07:00:00,0.2012,0.2014,0.201,0.2012,23323.1
2023-10-04 07:30:00,0.2012,0.2012,0.2006,0.2012,16905.8
2023-10-04 08:00:00,0.201,0.2025,0.2009,0.2025,79093.3
2023-10-04 08:30:00,0.2023,0.2039,0.2023,0.2034,33421.7
2023-10-04 09:00:00,0.2034,0.2034,0.2026,0.2026,22662.0
2023-10-04 09:30:00,0.2024,0.2039,0.2023,0.2039,25325.6
2023-10-04 10:00:00,0.2036,0.2037,0.203,0.2031,68382.3
2023-10-04 10:30:00,0.203,0.2059,0.203,0.2043,157435.6
2023-10-04 11:00:00,0.2042,0.2044,0.2038,0.2038,46101.0
2023-10-04 11:30:00,0.2041,0.2045,0.204,0.2045,3425.9
2023-10-04 12:00:00,0.2045,0.2047,0.2041,0.2046,12661.9
2023-10-04 12:30:00,0.2046,0.2052,0.2046,0.2051,18168.8
2023-10-04 13:00:00,0.2051,0.2051,0.2036,0.2038,64819.6
2023-10-04 13:30:00,0.2039,0.2055,0.2026,0.2028,358308.0
2023-10-04 14:00:00,0.2026,0.2032,0.2015,0.2017,72590.7
2023-10-04 14:30:00,0.2019,0.2027,0.2017,0.2025,35802.1
2023-10-04 15:00:00,0.2025,0.2036,0.2024,0.2034,22817.7
2023-10-04 15:30:00,0.2034,0.2035,0.2025,0.2025,7713.1
2023-10-04 16:00:00,0.2024,0.2027,0.2018,0.2027,30228.0
2023-10-04 16:30:00,0.2032,0.2044,0.2032,0.2037,25257.6
2023-10-04 17:00:00,0.2039,0.2045,0.2039,0.2045,279.5
2023-10-04 17:30:00,0.2042,0.2045,0.204,0.204,10588.0
2023-10-04 18:00:00,0.2041,0.2049,0.2041,0.2048,5015.1
2023-10-04 18:30:00,0.2048,0.2048,0.2042,0.2047,15714.6
2023-10-04 19:00:00,0.205,0.2067,0.2048,0.2066,107802.7
2023-10-04 19:30:00,0.2064,0.2065,0.2048,0.206,189524.7
2023-10-04 20:00:00,0.206,0.2069,0.2055,0.2067,38540.9
2023-10-04 20:30:00,0.2066,0.2072,0.2066,0.207,24399.8
2023-10-04 21:00:00,0.2071,0.2088,0.2071,0.208,134322.2
2023-10-04 21:30:00,0.208,0.2081,0.2078,0.2078,13196.1
2023-10-04 22:00:00,0.2081,0.2083,0.2076,0.2078,65618.3
2023-10-04 22:30:00,0.208,0.2087,0.208,0.2085,26158.8
2023-10-04 23:00:00,0.2085,0.209,0.2083,0.2088,16654.8
2023-10-04 23:30:00,0.2086,0.2088,0.2076,0.2077,36478.4
2023-10-05 00:00:00,0.2076,0.2078,0.2071,0.2076,25902.0
2023-10-05 00:30:00,0.2079,0.2091,0.2074,0.2074,279314.1
2023-10-05 01:00:00,0.2076,0.208,0.2063,0.2063,27991.6
2023-10-05 01:30:00,0.2063,0.2063,0.2046,0.2056,124376.8
2023-10-05 02:00:00,0.2055,0.2101,0.2054,0.2073,414575.1
2023-10-05 02:30:00,0.207,0.2077,0.2069,0.2076,21779.2
2023-10-05 03:00:00,0.2076,0.208,0.2073,0.208,20080.1
2023-10-05 03:30:00,0.2079,0.2081,0.2069,0.2072,19126.0
2023-10-05 04:00:00,0.2068,0.2076,0.2068,0.2075,6820.0
2023-10-05 04:30:00,0.2075,0.2096,0.2074,0.2078,109359.8
2023-10-05 05:00:00,0.2078,0.2087,0.2078,0.2079,53152.6
2023-10-05 05:30:00,0.2081,0.2088,0.2081,0.2082,20732.2
2023-10-05 06:00:00,0.2082,0.2085,0.2072,0.2073,22510.1
2023-10-05 06:30:00,0.2072,0.2082,0.207,0.208,9759.1
2023-10-05 07:00:00,0.2076,0.2078,0.2062,0.2066,43583.8
2023-10-05 07:30:00,0.2068,0.2074,0.2068,0.2073,13355.9
2023-10-05 08:00:00,0.2075,0.2076,0.2059,0.2064,159142.9
2023-10-05 08:30:00,0.2065,0.2069,0.2057,0.2067,146248.2
2023-10-05 09:00:00,0.2068,0.2075,0.2067,0.2072,12399.9
2023-10-05 09:30:00,0.2072,0.2077,0.207,0.2076,45881.1
2023-10-05 10:00:00,0.2072,0.2074,0.2068,0.2068,6834.5
2023-10-05 10:30:00,0.2068,0.2074,0.2064,0.2074,16705.1
2023-10-05 11:00:00,0.2074,0.2074,0.2065,0.2067,11928.6
2023-10-05 11:30:00,0.2068,0.2069,0.2064,0.2064,7668.9
2023-10-05 12:00:00,0.2064,0.2065,0.2059,0.206,37955.6
2023-10-05 12:30:00,0.2057,0.2062,0.2056,0.2059,43363.5
2023-10-05 13:00:00,0.2059,0.2076,0.2059,0.2073,32530.0
2023-10-05 13:30:00,0.207,0.208,0.2061,0.2068,60582.1
2023-10-05 14:00:00,0.2066,0.2074,0.2064,0.2074,18804.3
2023-10-05 14:30:00,0.2075,0.2084,0.2067,0.2068,53581.9
2023-10-05 15:00:00,0.2069,0.2069,0.2047,0.205,57489.6
2023-10-05 15:30:00,0.205,0.2051,0.2032,0.2036,146209.5
2023-10-05 16:00:00,0.2036,0.2044,0.203,0.2038,156973.1
2023-10-05 16:30:00,0.2042,0.2044,0.2014,0.2021,118662.4
2023-10-05 17:00:00,0.2021,0.2022,0.2016,0.202,13273.8
2023-10-05 17:30:00,0.2022,0.2026,0.2021,0.2023,8136.6
2023-10-05 18:00:00,0.2024,0.2025,0.2016,0.2016,17972.6
2023-10-05 18:30:00,0.2016,0.2023,0.2016,0.2022,6962.8
2023-10-05 19:00:00,0.2021,0.2029,0.2021,0.2026,13601.1
2023-10-05 19:30:00,0.2027,0.2027,0.2017,0.2022,31855.7
2023-10-05 20:00:00,0.2022,0.2031,0.2022,0.2028,35949.2
2023-10-05 20:30:00,0.2028,0.2028,0.2024,0.2026,8240.4
2023-10-05 21:00:00,0.2028,0.2031,0.2027,0.2027,15884.5
2023-10-05 21:30:00,0.2026,0.2029,0.2026,0.2027,4253.4
2023-10-05 22:00:00,0.2028,0.2031,0.2024,0.2031,2634.5
2023-10-05 22:30:00,0.203,0.2034,0.2029,0.2034,20080.7
2023-10-05 23:00:00,0.2034,0.2038,0.2029,0.203,14087.6
2023-10-05 23:30:00,0.2029,0.2029,0.2023,0.2024,11235.5
2023-10-06 00:00:00,0.2027,0.2035,0.2023,0.2035,36009.3
2023-10-06 00:30:00,0.2034,0.2034,0.2026,0.2031,40148.5
2023-10-06 01:00:00,0.2031,0.2034,0.203,0.2031,1945.8
2023-10-06 01:30:00,0.203,0.2039,0.203,0.2033,20301.0
2023-10-06 02:00:00,0.2035,0.2036,0.2028,0.2036,12506.1
2023-10-06 02:30:00,0.2037,0.2039,0.2036,0.2039,4988.7
2023-10-06 03:00:00,0.2037,0.2037,0.2035,0.2035,2469.2
2023-10-06 03:30:00,0.2035,0.2044,0.2035,0.2041,10350.4
2023-10-06 04:00:00,0.2042,0.2048,0.2035,0.2037,14985.0
2023-10-06 04:30:00,0.2036,0.2042,0.2035,0.2042,3880.1
2023-10-06 05:00:00,0.2042,0.2043,0.2038,0.2038,3673.5
2023-10-06 05:30:00,0.2038,0.2046,0.2038,0.2045,7613.6
2023-10-06 06:00:00,0.2047,0.2049,0.2038,0.2041,6868.1
2023-10-06 06:30:00,0.2042,0.2054,0.2041,0.2052,45036.6
2023-10-06 07:00:00,0.2049,0.2058,0.2047,0.2056,68219.1
2023-10-06 07:30:00,0.2056,0.2068,0.2055,0.2067,68333.6
2023-10-06 08:00:00,0.2066,0.2072,0.2066,0.2068,30253.8
2023-10-06 08:30:00,0.2069,0.207,0.2061,0.2066,16564.6
2023-10-06 09:00:00,0.2066,0.2066,0.2059,0.2063,10602.3
2023-10-06 09:30:00,0.2061,0.2065,0.2061,0.2062,9737.0
2023-10-06 10:00:00,0.2063,0.207,0.2063,0.2069,7571.0
2023-10-06 10:30:00,0.207,0.2073,0.2059,0.206,21032.1
2023-10-06 11:00:00,0.2058,0.2062,0.2055,0.2061,41817.2
2023-10-06 11:30:00,0.2056,0.2061,0.2056,0.2058,2419.4
2023-10-06 12:00:00,0.2057,0.2064,0.2057,0.2061,6255.8
2023-10-06 12:30:00,0.2061,0.2061,0.2042,0.2045,46997.4
2023-10-06 13:00:00,0.2045,0.206,0.2039,0.2059,53128.3
2023-10-06 13:30:00,0.2061,0.2068,0.2058,0.2059,25823.3
2023-10-06 14:00:00,0.206,0.2217,0.2058,0.2211,4228660.1
2023-10-06 14:30:00,0.2211,0.225,0.218,0.2206,3625186.1
2023-10-06 15:00:00,0.2206,0.2368,0.2195,0.2305,4617687.0
2023-10-06 15:30:00,0.2305,0.235,0.2291,0.2298,3546209.3
2023-10-06 16:00:00,0.2301,0.235,0.2275,0.2298,3239058.9
2023-10-06 16:30:00,0.2299,0.2306,0.2269,0.2271,1083816.8
2023-10-06 17:00:00,0.2271,0.2284,0.2234,0.2272,1235225.3
2023-10-06 17:30:00,0.227,0.2284,0.2247,0.2256,477582.1
2023-10-06 18:00:00,0.2253,0.2273,0.2242,0.2264,250606.3
2023-10-06 18:30:00,0.2264,0.227,0.2223,0.224,342414.7
2023-10-06 19:00:00,0.2239,0.227,0.2228,0.2266,550304.5
2023-10-06 19:30:00,0.2266,0.2269,0.2251,0.2256,158153.8
2023-10-06 20:00:00,0.2258,0.2296,0.2252,0.2278,478114.8
2023-10-06 20:30:00,0.2279,0.2283,0.2263,0.2278,93674.2
2023-10-06 21:00:00,0.2275,0.2291,0.2249,0.2285,407894.8
2023-10-06 21:30:00,0.2286,0.233,0.2269,0.2289,600249.7
2023-10-06 22:00:00,0.2286,0.2307,0.2285,0.2306,165041.5
2023-10-06 22:30:00,0.2307,0.2313,0.2293,0.2296,350100.2
2023-10-06 23:00:00,0.23,0.2311,0.2295,0.2298,381349.8
2023-10-06 23:30:00,0.2299,0.2349,0.2297,0.2325,640373.1
2023-10-07 00:00:00,0.2328,0.2379,0.2308,0.233,1330022.9
2023-10-07 00:30:00,0.233,0.2382,0.2317,0.2322,749345.0
2023-10-07 01:00:00,0.2322,0.2333,0.2307,0.231,151438.3
2023-10-07 01:30:00,0.2311,0.2347,0.2293,0.2308,825902.8
2023-10-07 02:00:00,0.2306,0.2317,0.2293,0.2304,298244.8
2023-10-07 02:30:00,0.2304,0.2328,0.2276,0.2277,534818.7
2023-10-07 03:00:00,0.2279,0.2305,0.2268,0.2297,383193.2
2023-10-07 03:30:00,0.2294,0.232,0.2294,0.2313,402746.3
2023-10-07 04:00:00,0.2314,0.2341,0.2312,0.2322,334444.9
2023-10-07 04:30:00,0.2318,0.2337,0.2291,0.2292,279277.9
2023-10-07 05:00:00,0.2292,0.2335,0.2292,0.2304,498652.1
2023-10-07 05:30:00,0.2305,0.2349,0.2305,0.2325,372309.3
2023-10-07 06:00:00,0.2324,0.233,0.229,0.2306,401699.0
2023-10-07 06:30:00,0.2307,0.2307,0.2241,0.2246,1148568.4
2023-10-07 07:00:00,0.2248,0.2249,0.2206,0.2238,1388422.5
2023-10-07 07:30:00,0.2237,0.224,0.2189,0.2193,1684105.7
2023-10-07 08:00:00,0.2192,0.2192,0.2152,0.2164,1275988.2
2023-10-07 08:30:00,0.2163,0.2193,0.2154,0.2156,1063970.0
2023-10-07 09:00:00,0.2154,0.2159,0.2121,0.214,751287.6
2023-10-07 09:30:00,0.2141,0.2162,0.2137,0.2141,636847.5
2023-10-07 10:00:00,0.2142,0.2159,0.2139,0.2152,193797.3
2023-10-07 10:30:00,0.2154,0.218,0.215,0.2176,428893.8
2023-10-07 11:00:00,0.2176,0.2179,0.2152,0.2159,201981.4
2023-10-07 11:30:00,0.2161,0.2166,0.2148,0.2165,139877.8
2023-10-07 12:00:00,0.2166,0.2169,0.2147,0.215,300706.6
2023-10-07 12:30:00,0.2147,0.2174,0.2138,0.2167,306239.4
2023-10-07 13:00:00,0.2167,0.2167,0.2152,0.2159,148865.1
2023-10-07 13:30:00,0.2162,0.2174,0.2158,0.2172,277215.6
2023-10-07 14:00:00,0.2171,0.2176,0.2151,0.2154,223725.3
2023-10-07 14:30:00,0.2154,0.2154,0.214,0.2148,587910.4
2023-10-07 15:00:00,0.2148,0.2165,0.2146,0.2156,313108.7
2023-10-07 15:30:00,0.2159,0.2165,0.2147,0.2164,133410.1
2023-10-07 16:00:00,0.2165,0.218,0.2156,0.2163,199021.4
2023-10-07 16:30:00,0.2165,0.2211,0.2159,0.2185,697360.1
2023-10-07 17:00:00,0.2183,0.2187,0.2174,0.2175,56182.6
2023-10-07 17:30:00,0.2178,0.2181,0.2174,0.2175,29720.2
2023-10-07 18:00:00,0.2175,0.2187,0.2175,0.2183,42880.6
2023-10-07 18:30:00,0.2182,0.2185,0.2176,0.2179,101645.7
2023-10-07 19:00:00,0.2178,0.22,0.2172,0.2195,151611.8
2023-10-07 19:30:00,0.2195,0.2225,0.2195,0.2222,330854.5
2023-10-07 20:00:00,0.222,0.2231,0.2217,0.2229,112929.2
2023-10-07 20:30:00,0.2227,0.2253,0.2227,0.2247,76207.8
2023-10-07 21:00:00,0.2248,0.2279,0.2248,0.2271,318487.6
2023-10-07 21:30:00,0.227,0.2274,0.2251,0.2264,214272.8
2023-10-07 22:00:00,0.2269,0.228,0.2256,0.2258,182069.4
2023-10-07 22:30:00,0.2262,0.2262,0.2243,0.2246,420293.8
2023-10-07 23:00:00,0.2249,0.2262,0.2241,0.2254,306978.7
2023-10-07 23:30:00,0.2256,0.2257,0.2241,0.2246,70395.2
2023-10-08 00:00:00,0.2254,0.2262,0.2235,0.226,172975.0
2023-10-08 00:30:00,0.226,0.2275,0.2252,0.227,136531.7
2023-10-08 01:00:00,0.2274,0.2284,0.2246,0.225,155604.8
2023-10-08 01:30:00,0.2252,0.2265,0.2247,0.2247,90147.3
2023-10-08 02:00:00,0.2253,0.2256,0.2239,0.2245,70721.1
2023-10-08 02:30:00,0.2246,0.2253,0.2236,0.2238,85771.7
2023-10-08 03:00:00,0.2238,0.225,0.2237,0.225,42788.6
2023-10-08 03:30:00,0.2251,0.2255,0.225,0.2253,27992.1
2023-10-08 04:00:00,0.2255,0.2257,0.2232,0.2232,190860.8
2023-10-08 04:30:00,0.2233,0.2236,0.2218,0.222,176515.8
2023-10-08 05:00:00,0.2223,0.224,0.2222,0.2228,60836.8
2023-10-08 05:30:00,0.2228,0.2234,0.2207,0.2234,102306.5
2023-10-08 06:00:00,0.2233,0.2243,0.2233,0.2241,18299.5
2023-10-08 06:30:00,0.2242,0.2242,0.2228,0.2228,58398.7
2023-10-08 07:00:00,0.223,0.2237,0.2229,0.223,60233.6
2023-10-08 07:30:00,0.2228,0.2231,0.2222,0.2228,93293.2
2023-10-08 08:00:00,0.2231,0.2254,0.2228,0.2239,286127.2
2023-10-08 08:30:00,0.224,0.2247,0.223,0.2247,196340.5
2023-10-08 09:00:00,0.2244,0.2257,0.2236,0.2238,185100.1
2023-10-08 09:30:00,0.2238,0.2245,0.2221,0.2222,147012.6
2023-10-08 10:00:00,0.2223,0.2225,0.2206,0.2213,184099.8
2023-10-08 10:30:00,0.2212,0.2212,0.2197,0.2202,73293.7
2023-10-08 11:00:00,0.2202,0.2214,0.2202,0.2204,109773.3
2023-10-08 11:30:00,0.2202,0.2203,0.2193,0.2197,40242.3
2023-10-08 12:00:00,0.2196,0.2208,0.2193,0.2205,84085.4
2023-10-08 12:30:00,0.2209,0.2215,0.2205,0.2205,78226.3
2023-10-08 13:00:00,0.2201,0.2207,0.2188,0.2204,124548.0
2023-10-08 13:30:00,0.2207,0.221,0.2204,0.2206,35539.4
2023-10-08 14:00:00,0.2207,0.2222,0.2201,0.2219,102332.9
2023-10-08 14:30:00,0.2218,0.2366,0.2218,0.2274,3447987.2
2023-10-08 15:00:00,0.2274,0.2337,0.2274,0.2318,2212752.8
2023-10-08 15:30:00,0.2317,0.2317,0.2271,0.2279,1075292.5
2023-10-08 16:00:00,0.2282,0.2334,0.2282,0.231,1080083.3
2023-10-08 16:30:00,0.2307,0.2385,0.2298,0.2319,1953833.1
2023-10-08 17:00:00,0.2323,0.2348,0.23,0.231,777487.1
2023-10-08 17:30:00,0.2308,0.2312,0.2282,0.2292,618721.8
2023-10-08 18:00:00,0.2293,0.2309,0.229,0.229,347822.9
2023-10-08 18:30:00,0.229,0.2298,0.2282,0.2293,197687.0
2023-10-08 19:00:00,0.2293,0.2311,0.2293,0.231,88019.7
2023-10-08 19:30:00,0.2311,0.2324,0.2307,0.2319,153268.4
2023-10-08 20:00:00,0.232,0.2321,0.2302,0.2319,126340.3
2023-10-08 20:30:00,0.232,0.2345,0.2316,0.2333,339198.5
2023-10-08 21:00:00,0.2333,0.2338,0.2319,0.2325,64153.3
2023-10-08 21:30:00,0.2323,0.2329,0.2306,0.2316,163723.3
2023-10-08 22:00:00,0.2315,0.2319,0.2296,0.2303,88248.6
2023-10-08 22:30:00,0.23,0.2306,0.2293,0.2293,92426.6
2023-10-08 23:00:00,0.2296,0.2299,0.2284,0.2287,116199.2
2023-10-08 23:30:00,0.2288,0.2303,0.2287,0.2299,41457.4
2023-10-09 00:00:00,0.2299,0.2363,0.2294,0.2357,799769.2
2023-10-09 00:30:00,0.2358,0.2367,0.2323,0.2345,775056.0
2023-10-09 01:00:00,0.2345,0.2364,0.2302,0.2323,776550.1
2023-10-09 01:30:00,0.2327,0.2367,0.2327,0.2363,290439.2
2023-10-09 02:00:00,0.2365,0.239,0.2342,0.2383,429981.9
2023-10-09 02:30:00,0.2383,0.24,0.2368,0.2381,646168.7
2023-10-09 03:00:00,0.2379,0.2396,0.2376,0.2386,551122.4
2023-10-09 03:30:00,0.2386,0.2424,0.2378,0.238,815872.8
2023-10-09 04:00:00,0.2383,0.2385,0.2349,0.2362,706769.5
2023-10-09 04:30:00,0.236,0.2448,0.2353,0.2408,1332920.6
2023-10-09 05:00:00,0.2407,0.2437,0.2403,0.2416,552422.1
2023-10-09 05:30:00,0.2415,0.2422,0.2388,0.241,354730.2
2023-10-09 06:00:00,0.2412,0.2473,0.2406,0.2449,1334380.6
2023-10-09 06:30:00,0.2448,0.247,0.242,0.2439,853144.5
2023-10-09 07:00:00,0.2437,0.2466,0.2429,0.2435,791244.4
2023-10-09 07:30:00,0.2435,0.2471,0.2435,0.2452,1143669.6
2023-10-09 08:00:00,0.2453,0.2496,0.2446,0.2468,1419289.3
2023-10-09 08:30:00,0.2469,0.2497,0.2408,0.2415,1865274.8
2023-10-09 09:00:00,0.2411,0.2432,0.2381,0.24,1294087.8
2023-10-09 09:30:00,0.24,0.2403,0.2263,0.2323,1996282.8
2023-10-09 10:00:00,0.2321,0.2359,0.2315,0.2329,910113.9
2023-10-09 10:30:00,0.2327,0.2346,0.2306,0.2324,462234.2
2023-10-09 11:00:00,0.2322,0.2349,0.232,0.2345,311682.7
2023-10-09 11:30:00,0.2349,0.2351,0.2302,0.2316,318181.1
2023-10-09 12:00:00,0.2314,0.2328,0.2272,0.2327,717624.8
2023-10-09 12:30:00,0.2322,0.2346,0.2317,0.2331,352620.5
2023-10-09 13:00:00,0.2333,0.2355,0.2317,0.2344,622528.0
2023-10-09 13:30:00,0.2342,0.2359,0.2326,0.2357,316425.3
2023-10-09 14:00:00,0.2355,0.2422,0.2339,0.2392,1809457.3
2023-10-09 14:30:00,0.2395,0.2438,0.239,0.2406,1266346.4
2023-10-09 15:00:00,0.2404,0.242,0.237,0.2393,725119.8
2023-10-09 15:30:00,0.2393,0.2406,0.238,0.2388,192479.5
2023-10-09 16:00:00,0.2384,0.2415,0.2355,0.238,1013763.9
2023-10-09 16:30:00,0.238,0.2401,0.2345,0.2377,783724.7
2023-10-09 17:00:00,0.2378,0.2383,0.2344,0.2364,566200.5
2023-10-09 17:30:00,0.2367,0.2405,0.236,0.2394,327213.8
2023-10-09 18:00:00,0.239,0.2409,0.2389,0.239,365236.5
2023-10-09 18:30:00,0.2392,0.2406,0.2383,0.2392,395383.8
2023-10-09 19:00:00,0.2392,0.2418,0.2387,0.2415,435647.4
2023-10-09 19:30:00,0.2417,0.2419,0.2402,0.241,338572.9
2023-10-09 20:00:00,0.241,0.2421,0.2383,0.2388,427165.3
2023-10-09 20:30:00,0.2389,0.2393,0.237,0.2373,227630.7
2023-10-09 21:00:00,0.2373,0.2397,0.2361,0.2382,312554.1
2023-10-09 21:30:00,0.2382,0.2405,0.2379,0.2405,139395.7
2023-10-09 22:00:00,0.2404,0.2419,0.2399,0.2417,194102.3
2023-10-09 22:30:00,0.2419,0.242,0.239,0.2402,309075.0
2023-10-09 23:00:00,0.2403,0.2479,0.2403,0.2447,1030328.1
2023-10-09 23:30:00,0.2445,0.2466,0.2425,0.2434,439612.8
2023-10-10 00:00:00,0.243,0.2439,0.2387,0.2418,497815.2
2023-10-10 00:30:00,0.2415,0.244,0.2406,0.2419,316367.4
2023-10-10 01:00:00,0.2417,0.242,0.2387,0.239,230119.4
2023-10-10 01:30:00,0.2388,0.239,0.2361,0.2372,361036.0
2023-10-10 02:00:00,0.2372,0.238,0.2346,0.2351,245746.2
2023-10-10 02:30:00,0.2353,0.2405,0.2338,0.2404,340020.5
2023-10-10 03:00:00,0.2404,0.2444,0.2403,0.2429,576283.0
2023-10-10 03:30:00,0.2424,0.2467,0.2424,0.2441,412303.2
2023-10-10 04:00:00,0.2436,0.2441,0.2415,0.2431,527375.4
2023-10-10 04:30:00,0.2426,0.2455,0.2423,0.2432,293748.6
2023-10-10 05:00:00,0.2432,0.2446,0.2427,0.2439,170943.2
2023-10-10 05:30:00,0.244,0.252,0.2439,0.252,880026.3
2023-10-10 06:00:00,0.2517,0.2557,0.2487,0.2526,3296554.1
2023-10-10 06:30:00,0.2529,0.258,0.2522,0.2553,1918836.6
2023-10-10 07:00:00,0.2553,0.262,0.2553,0.2602,2676911.3
2023-10-10 07:30:00,0.2601,0.2666,0.2601,0.2631,2785572.7
2023-10-10 08:00:00,0.2631,0.2775,0.2597,0.2749,6058613.4
2023-10-10 08:30:00,0.2747,0.2762,0.269,0.2719,2926043.9
2023-10-10 09:00:00,0.2721,0.2743,0.2647,0.2669,2823778.0
2023-10-10 09:30:00,0.267,0.2693,0.2654,0.2681,1411702.6
2023-10-10 10:00:00,0.2683,0.2708,0.2666,0.2679,1401337.8
2023-10-10 10:30:00,0.2679,0.2696,0.2625,0.2635,1912652.2
2023-10-10 11:00:00,0.2633,0.2636,0.2579,0.2593,2284471.0
2023-10-10 11:30:00,0.2591,0.2593,0.2505,0.2512,2848042.2
2023-10-10 12:00:00,0.2514,0.2555,0.2492,0.2508,2213618.0
2023-10-10 12:30:00,0.2507,0.2507,0.2418,0.2449,2699267.4
2023-10-10 13:00:00,0.2449,0.2451,0.2401,0.2433,1665393.6
2023-10-10 13:30:00,0.2432,0.2446,0.2415,0.2436,1078782.5
2023-10-10 14:00:00,0.2434,0.252,0.2422,0.2493,2583632.2
2023-10-10 14:30:00,0.2494,0.2525,0.2459,0.248,1384790.2
2023-10-10 15:00:00,0.248,0.2514,0.2457,0.2495,974466.4
2023-10-10 15:30:00,0.2497,0.2513,0.2438,0.2448,1094243.2
2023-10-10 16:00:00,0.2447,0.248,0.2417,0.2464,783476.2
2023-10-10 16:30:00,0.2464,0.247,0.2428,0.2451,612430.9
2023-10-10 17:00:00,0.245,0.2455,0.2425,0.2454,200161.6
2023-10-10 17:30:00,0.2447,0.2477,0.2434,0.2469,324865.8
2023-10-10 18:00:00,0.2467,0.2472,0.2447,0.2468,163656.8
2023-10-10 18:30:00,0.2467,0.2477,0.2451,0.247,488999.6
2023-10-10 19:00:00,0.2469,0.2476,0.2455,0.2475,194194.9
2023-10-10 19:30:00,0.2475,0.2512,0.2473,0.2491,518601.9
2023-10-10 20:00:00,0.2491,0.2533,0.249,0.2505,614277.0
2023-10-10 20:30:00,0.2505,0.2514,0.2479,0.2506,436136.3
2023-10-10 21:00:00,0.2506,0.2523,0.25,0.2523,410432.0
2023-10-10 21:30:00,0.2522,0.2532,0.2507,0.2524,292503.8
2023-10-10 22:00:00,0.2524,0.2552,0.2522,0.2534,568133.2
2023-10-10 22:30:00,0.2535,0.2537,0.2506,0.2506,456694.1
2023-10-10 23:00:00,0.2509,0.2525,0.2505,0.2516,189780.3
2023-10-10 23:30:00,0.2518,0.2532,0.2513,0.2527,327647.0
2023-10-11 00:00:00,0.2528,0.2548,0.248,0.2496,529267.5
2023-10-11 00:30:00,0.2494,0.2515,0.2481,0.2513,600497.0
2023-10-11 01:00:00,0.2513,0.2518,0.2467,0.2467,641697.1
2023-10-11 01:30:00,0.2467,0.2499,0.2454,0.2488,572469.9
2023-10-11 02:00:00,0.2486,0.249,0.244,0.245,368223.4
2023-10-11 02:30:00,0.245,0.2476,0.2418,0.2449,754346.9
2023-10-11 03:00:00,0.245,0.2481,0.245,0.2465,287764.8
2023-10-11 03:30:00,0.2469,0.2469,0.2406,0.2411,774146.7
2023-10-11 04:00:00,0.2412,0.2421,0.238,0.241,809744.5
2023-10-11 04:30:00,0.2412,0.2451,0.2405,0.2446,403083.2
2023-10-11 05:00:00,0.2445,0.2453,0.2436,0.2449,329447.3
2023-10-11 05:30:00,0.2451,0.2508,0.2447,0.2476,897165.6
2023-10-11 06:00:00,0.2477,0.2507,0.2469,0.2477,531675.5
2023-10-11 06:30:00,0.2479,0.2506,0.2479,0.2501,342240.9
2023-10-11 07:00:00,0.2502,0.2544,0.25,0.2533,478666.7
2023-10-11 07:30:00,0.2534,0.2591,0.2524,0.2533,1072350.6
2023-10-11 08:00:00,0.2533,0.2616,0.253,0.2581,899086.2
2023-10-11 08:30:00,0.258,0.2632,0.257,0.2618,946707.6
2023-10-11 09:00:00,0.262,0.2648,0.259,0.262,1132182.7
2023-10-11 09:30:00,0.2619,0.265,0.2617,0.2627,510325.1
2023-10-11 10:00:00,0.2628,0.2644,0.2608,0.2626,318113.7
2023-10-11 10:30:00,0.2631,0.2675,0.263,0.2664,647905.9
2023-10-11 11:00:00,0.267,0.2681,0.2603,0.2608,707896.0
2023-10-11 11:30:00,0.2611,0.2657,0.2608,0.2631,482205.7
2023-10-11 12:00:00,0.2632,0.2703,0.2632,0.265,1442848.6
2023-10-11 12:30:00,0.265,0.2697,0.262,0.2645,1114306.8
2023-10-11 13:00:00,0.2649,0.2666,0.2592,0.261,1022293.3
2023-10-11 13:30:00,0.2609,0.2647,0.2606,0.2639,368588.5
2023-10-11 14:00:00,0.2639,0.265,0.2612,0.2617,450603.1
2023-10-11 14:30:00,0.262,0.2637,0.2607,0.2628,420238.2
2023-10-11 15:00:00,0.2628,0.2643,0.256,0.2603,735209.6
2023-10-11 15:30:00,0.2605,0.2618,0.2584,0.2585,719778.6
2023-10-11 16:00:00,0.2583,0.2637,0.2582,0.2635,545520.2
2023-10-11 16:30:00,0.2637,0.2656,0.261,0.2634,778277.9
2023-10-11 17:00:00,0.2634,0.2662,0.2621,0.2654,1060027.6
2023-10-11 17:30:00,0.2655,0.2681,0.265,0.2665,1049731.7
2023-10-11 18:00:00,0.2667,0.2674,0.2637,0.2646,314268.4
2023-10-11 18:30:00,0.2649,0.2665,0.2644,0.2649,264092.6
2023-10-11 19:00:00,0.2651,0.2664,0.2642,0.2656,259942.8
2023-10-11 19:30:00,0.2656,0.2679,0.2644,0.2665,636036.0
2023-10-11 20:00:00,0.2665,0.2667,0.2648,0.2665,406120.8
2023-10-11 20:30:00,0.2664,0.2666,0.2654,0.2664,190487.3
2023-10-11 21:00:00,0.2662,0.272,0.266,0.2703,987061.5
2023-10-11 21:30:00,0.2704,0.2706,0.2666,0.2688,333605.5
2023-10-11 22:00:00,0.2686,0.2716,0.2678,0.2699,575575.9
2023-10-11 22:30:00,0.2699,0.2709,0.2688,0.2691,113434.5
2023-10-11 23:00:00,0.2691,0.2692,0.2667,0.2681,341442.8
2023-10-11 23:30:00,0.2679,0.2709,0.2674,0.2696,289024.9
2023-10-12 00:00:00,0.2695,0.2746,0.2657,0.274,1845842.6
2023-10-12 00:30:00,0.2741,0.2742,0.2626,0.2655,961665.4
2023-10-12 01:00:00,0.2659,0.2684,0.2642,0.2663,525191.0
2023-10-12 01:30:00,0.2662,0.2666,0.2608,0.2624,874347.0
2023-10-12 02:00:00,0.2623,0.264,0.2567,0.2572,1241523.2
2023-10-12 02:30:00,0.2571,0.2678,0.2561,0.2672,725688.2
2023-10-12 03:00:00,0.267,0.2711,0.266,0.2705,1122847.3
2023-10-12 03:30:00,0.2706,0.2799,0.2703,0.2721,3704369.7
2023-10-12 04:00:00,0.2721,0.2788,0.272,0.2727,2675198.1
2023-10-12 04:30:00,0.2728,0.2734,0.266,0.2698,1948724.5
2023-10-12 05:00:00,0.2699,0.2748,0.2689,0.2732,931941.2
2023-10-12 05:30:00,0.2733,0.2747,0.2711,0.2733,616212.2
2023-10-12 06:00:00,0.2735,0.28,0.2732,0.2798,1069305.2
2023-10-12 06:30:00,0.2799,0.2838,0.2763,0.2775,3088263.9
2023-10-12 07:00:00,0.2774,0.2797,0.2757,0.2778,669269.0
2023-10-12 07:30:00,0.2778,0.2797,0.274,0.2752,1243257.4
2023-10-12 08:00:00,0.2752,0.2792,0.2748,0.2783,516010.0
2023-10-12 08:30:00,0.2783,0.2783,0.274,0.2749,494548.0
2023-10-12 09:00:00,0.275,0.2788,0.275,0.2768,645305.5
2023-10-12 09:30:00,0.2768,0.2778,0.273,0.274,738886.6
2023-10-12 10:00:00,0.2743,0.2767,0.2734,0.2741,865945.2
2023-10-12 10:30:00,0.274,0.2751,0.2718,0.2739,510603.9
2023-10-12 11:00:00,0.2739,0.2787,0.2739,0.2785,700260.6
2023-10-12 11:30:00,0.2783,0.2829,0.2782,0.2819,1276623.1
2023-10-12 12:00:00,0.2819,0.2846,0.2788,0.2795,1042328.2
2023-10-12 12:30:00,0.2795,0.2814,0.2763,0.2797,1500484.8
2023-10-12 13:00:00,0.2795,0.2834,0.2792,0.2802,927322.0
2023-10-12 13:30:00,0.2804,0.2809,0.2669,0.269,3274823.6
2023-10-12 14:00:00,0.269,0.2766,0.266,0.2736,6359401.6
2023-10-12 14:30:00,0.2736,0.275,0.2688,0.2689,2455949.4
2023-10-12 15:00:00,0.2689,0.2693,0.2636,0.2652,2498197.5
2023-10-12 15:30:00,0.2653,0.2679,0.2639,0.2659,698707.0
2023-10-12 16:00:00,0.2657,0.2681,0.2641,0.2672,391331.6
2023-10-12 16:30:00,0.267,0.2716,0.2661,0.2668,446678.9
2023-10-12 17:00:00,0.2666,0.2728,0.2662,0.2719,652185.0
2023-10-12 17:30:00,0.2719,0.2745,0.2712,0.2727,491405.7
2023-10-12 18:00:00,0.2725,0.2745,0.2712,0.2739,213651.9
2023-10-12 18:30:00,0.2738,0.2743,0.2713,0.2725,152102.8
2023-10-12 19:00:00,0.2725,0.276,0.2724,0.2755,230626.2
2023-10-12 19:30:00,0.2755,0.2785,0.2752,0.278,308129.5
2023-10-12 20:00:00,0.278,0.2782,0.2764,0.2769,193256.0
2023-10-12 20:30:00,0.2771,0.2782,0.2763,0.2772,265379.6
2023-10-12 21:00:00,0.2773,0.2797,0.2773,0.2794,268653.4
2023-10-12 21:30:00,0.2795,0.2799,0.277,0.2786,479943.6
2023-10-12 22:00:00,0.2786,0.2789,0.2745,0.2757,604048.2
2023-10-12 22:30:00,0.2756,0.2777,0.2756,0.2759,123437.9
2023-10-12 23:00:00,0.2762,0.2772,0.275,0.2752,182642.6
2023-10-12 23:30:00,0.2752,0.276,0.2736,0.2746,445581.9
2023-10-13 00:00:00,0.2746,0.2751,0.2711,0.2718,329041.4
2023-10-13 00:30:00,0.2718,0.272,0.2669,0.2673,847050.5
2023-10-13 01:00:00,0.2674,0.2697,0.2657,0.2695,687949.1
2023-10-13 01:30:00,0.2695,0.2712,0.263,0.2666,673579.0
2023-10-13 02:00:00,0.2662,0.2667,0.264,0.2647,225990.0
2023-10-13 02:30:00,0.2647,0.2663,0.2608,0.2611,737842.9
2023-10-13 03:00:00,0.2608,0.2638,0.2574,0.2626,792475.4
2023-10-13 03:30:00,0.2623,0.2623,0.2577,0.2579,367481.6
2023-10-13 04:00:00,0.2579,0.2618,0.256,0.2611,463820.3
2023-10-13 04:30:00,0.2613,0.262,0.2605,0.2613,256240.6
2023-10-13 05:00:00,0.2616,0.265,0.2599,0.2602,811535.8
2023-10-13 05:30:00,0.26,0.2603,0.2577,0.2581,459080.2
2023-10-13 06:00:00,0.258,0.2622,0.258,0.2593,746026.6
2023-10-13 06:30:00,0.2593,0.263,0.2589,0.2627,536179.3
2023-10-13 07:00:00,0.2628,0.2645,0.2624,0.2629,382180.9
2023-10-13 07:30:00,0.2629,0.265,0.2629,0.2646,461950.5
2023-10-13 08:00:00,0.2645,0.2685,0.2619,0.2642,1036823.0
2023-10-13 08:30:00,0.2642,0.267,0.2635,0.2641,614189.2
2023-10-13 09:00:00,0.2641,0.2664,0.2626,0.2654,624225.4
2023-10-13 09:30:00,0.2655,0.27,0.2641,0.2669,1182247.1
2023-10-13 10:00:00,0.2671,0.2697,0.2664,0.2691,419420.8
2023-10-13 10:30:00,0.2691,0.273,0.2688,0.2716,688317.4
2023-10-13 11:00:00,0.2716,0.2757,0.2715,0.2723,809739.9
2023-10-13 11:30:00,0.2723,0.2728,0.2703,0.2721,619861.2
2023-10-13 12:00:00,0.2722,0.2759,0.2722,0.2737,484147.5
2023-10-13 12:30:00,0.2738,0.277,0.2733,0.275,371450.1
2023-10-13 13:00:00,0.2754,0.2759,0.271,0.2711,722644.1
2023-10-13 13:30:00,0.2711,0.2735,0.271,0.2727,459810.7
2023-10-13 14:00:00,0.2723,0.2747,0.2697,0.27,524958.1
2023-10-13 14:30:00,0.2701,0.2712,0.269,0.2691,348402.5
2023-10-13 15:00:00,0.2693,0.2708,0.267,0.2681,547255.5
2023-10-13 15:30:00,0.2681,0.2693,0.2629,0.2639,959101.6
2023-10-13 16:00:00,0.2639,0.2644,0.2582,0.261,1443624.1
2023-10-13 16:30:00,0.261,0.263,0.2592,0.2602,616936.3
2023-10-13 17:00:00,0.2601,0.2616,0.2568,0.2602,1194512.8
2023-10-13 17:30:00,0.2602,0.2614,0.2577,0.2592,397064.4
2023-10-13 18:00:00,0.2589,0.2589,0.2547,0.2564,926086.5
2023-10-13 18:30:00,0.2564,0.2571,0.2503,0.2545,1281555.9
2023-10-13 19:00:00,0.2546,0.2562,0.2538,0.2561,295653.3
2023-10-13 19:30:00,0.2561,0.2572,0.2556,0.2568,169648.5
2023-10-13 20:00:00,0.2567,0.2584,0.2563,0.258,164223.4
2023-10-13 20:30:00,0.2579,0.2618,0.2558,0.2603,422974.5
2023-10-13 21:00:00,0.26,0.2639,0.26,0.2636,332004.5
2023-10-13 21:30:00,0.2635,0.2644,0.2623,0.2634,320966.5
2023-10-13 22:00:00,0.2638,0.265,0.2634,0.2638,139087.2
2023-10-13 22:30:00,0.2637,0.2651,0.2632,0.2643,151373.6
2023-10-13 23:00:00,0.2643,0.2648,0.2616,0.262,69061.2
2023-10-13 23:30:00,0.2621,0.2631,0.2612,0.2625,187018.9
2023-10-14 00:00:00,0.2625,0.2669,0.2622,0.2631,250829.0
2023-10-14 00:30:00,0.2629,0.2647,0.2616,0.2619,169210.0
2023-10-14 01:00:00,0.2619,0.2623,0.2597,0.2604,195225.0
2023-10-14 01:30:00,0.2604,0.2629,0.2592,0.2594,391839.2
2023-10-14 02:00:00,0.2593,0.262,0.2575,0.2615,364469.8
2023-10-14 02:30:00,0.2613,0.2623,0.261,0.2616,69811.7
2023-10-14 03:00:00,0.2617,0.2617,0.2603,0.261,144244.4
2023-10-14 03:30:00,0.2606,0.2613,0.2603,0.2607,83814.6
2023-10-14 04:00:00,0.261,0.2611,0.2588,0.2588,129535.2
2023-10-14 04:30:00,0.2589,0.2604,0.2588,0.26,133279.9
2023-10-14 05:00:00,0.2596,0.2619,0.2596,0.2619,102304.2
2023-10-14 05:30:00,0.2618,0.2626,0.2615,0.2621,97560.1
2023-10-14 06:00:00,0.2622,0.2625,0.2609,0.2619,191269.4
2023-10-14 06:30:00,0.262,0.268,0.2619,0.2667,468220.2
2023-10-14 07:00:00,0.2667,0.273,0.2663,0.2705,831124.8
2023-10-14 07:30:00,0.2705,0.2713,0.2651,0.2664,323609.8
2023-10-14 08:00:00,0.2662,0.267,0.2603,0.2604,452700.9
2023-10-14 08:30:00,0.2604,0.2607,0.2577,0.2584,336235.8
2023-10-14 09:00:00,0.2584,0.2584,0.2539,0.2566,560146.2
2023-10-14 09:30:00,0.2568,0.2589,0.2566,0.2574,336208.7
2023-10-14 10:00:00,0.2573,0.2586,0.2557,0.2575,133892.2
2023-10-14 10:30:00,0.2577,0.2635,0.2575,0.2622,285171.9
2023-10-14 11:00:00,0.2621,0.2671,0.262,0.2655,433544.2
2023-10-14 11:30:00,0.2655,0.2691,0.2655,0.2672,362917.0
2023-10-14 12:00:00,0.2672,0.2683,0.2628,0.2634,340345.1
2023-10-14 12:30:00,0.2634,0.266,0.2633,0.2637,351380.6
2023-10-14 13:00:00,0.2636,0.2639,0.2613,0.2619,419597.4
2023-10-14 13:30:00,0.2618,0.2627,0.26,0.2611,232608.1
2023-10-14 14:00:00,0.261,0.2611,0.2593,0.2601,413250.1
2023-10-14 14:30:00,0.2603,0.2605,0.2588,0.2589,138311.4
2023-10-14 15:00:00,0.2595,0.2623,0.2591,0.2619,319586.3
2023-10-14 15:30:00,0.2618,0.2663,0.2618,0.2648,333678.8
2023-10-14 16:00:00,0.2649,0.2674,0.262,0.2633,575116.1
2023-10-14 16:30:00,0.2633,0.266,0.2631,0.2651,220926.4
2023-10-14 17:00:00,0.2652,0.2653,0.2638,0.265,117121.1
2023-10-14 17:30:00,0.2648,0.266,0.2637,0.264,65764.9
2023-10-14 18:00:00,0.2638,0.2638,0.2617,0.2625,162581.7
2023-10-14 18:30:00,0.2624,0.2651,0.2622,0.2644,203837.9
2023-10-14 19:00:00,0.2645,0.2655,0.2623,0.2624,107716.3
2023-10-14 19:30:00,0.2627,0.2635,0.2617,0.263,157080.7
2023-10-14 20:00:00,0.263,0.263,0.2609,0.2623,53769.5
2023-10-14 20:30:00,0.2624,0.263,0.262,0.2624,23794.3
2023-10-14 21:00:00,0.2627,0.2643,0.2625,0.2631,64221.2
2023-10-14 21:30:00,0.2631,0.2631,0.2609,0.2609,48084.9
2023-10-14 22:00:00,0.261,0.2623,0.2609,0.2618,11643.2
2023-10-14 22:30:00,0.2617,0.2629,0.2615,0.2625,35273.5
2023-10-14 23:00:00,0.2626,0.2639,0.2624,0.2633,59737.7
2023-10-14 23:30:00,0.263,0.2634,0.2608,0.261,76539.5
2023-10-15 00:00:00,0.2611,0.2619,0.2593,0.2595,198310.6
2023-10-15 00:30:00,0.2595,0.2601,0.2584,0.2601,110557.1
2023-10-15 01:00:00,0.2601,0.2619,0.2596,0.2619,49902.3
2023-10-15 01:30:00,0.2619,0.2681,0.2619,0.2667,568194.7
2023-10-15 02:00:00,0.2669,0.2691,0.266,0.2691,387395.2
2023-10-15 02:30:00,0.269,0.2729,0.2689,0.27,481273.5
2023-10-15 03:00:00,0.2698,0.2745,0.268,0.2727,429397.7
2023-10-15 03:30:00,0.2724,0.2732,0.2707,0.2724,176187.6
2023-10-15 04:00:00,0.2723,0.2748,0.269,0.269,442225.2
2023-10-15 04:30:00,0.2694,0.2727,0.2685,0.2702,286505.3
2023-10-15 05:00:00,0.2703,0.2727,0.27,0.2721,254474.2
2023-10-15 05:30:00,0.2719,0.2767,0.2719,0.2753,462705.2
2023-10-15 06:00:00,0.2755,0.2771,0.272,0.2726,568576.1
2023-10-15 06:30:00,0.2725,0.2732,0.271,0.2724,256629.7
2023-10-15 07:00:00,0.2722,0.2727,0.2692,0.2702,163329.1
2023-10-15 07:30:00,0.2704,0.2713,0.2693,0.27,323961.4
2023-10-15 08:00:00,0.27,0.2744,0.2692,0.2744,397287.9
2023-10-15 08:30:00,0.2742,0.2757,0.2725,0.2731,201688.6
2023-10-15 09:00:00,0.273,0.273,0.2695,0.2698,327527.2
2023-10-15 09:30:00,0.2698,0.2709,0.269,0.2706,124390.8
2023-10-15 10:00:00,0.2706,0.272,0.2693,0.2701,319104.2
2023-10-15 10:30:00,0.27,0.275,0.2697,0.2731,416457.9
2023-10-15 11:00:00,0.2731,0.2754,0.272,0.2745,355606.2
2023-10-15 11:30:00,0.2745,0.2753,0.2727,0.2738,148583.5
2023-10-15 12:00:00,0.2737,0.2783,0.2736,0.2773,461288.5
2023-10-15 12:30:00,0.277,0.2791,0.2744,0.276,351409.7
2023-10-15 13:00:00,0.276,0.2813,0.276,0.2809,631019.6
2023-10-15 13:30:00,0.2811,0.2828,0.2709,0.2732,1855413.0
2023-10-15 14:00:00,0.2733,0.2754,0.2715,0.2749,340742.3
2023-10-15 14:30:00,0.2748,0.2767,0.2742,0.2745,178450.3
2023-10-15 15:00:00,0.2746,0.2746,0.2708,0.2735,435628.5
2023-10-15 15:30:00,0.2738,0.2771,0.2735,0.2759,311073.8
2023-10-15 16:00:00,0.2755,0.2763,0.2737,0.2743,118866.9
2023-10-15 16:30:00,0.2744,0.2772,0.2737,0.2769,209798.4
2023-10-15 17:00:00,0.277,0.28,0.2754,0.2766,322326.6
2023-10-15 17:30:00,0.2767,0.2793,0.2764,0.2792,177590.1
2023-10-15 18:00:00,0.2792,0.2797,0.2766,0.2776,130081.5
2023-10-15 18:30:00,0.2779,0.2794,0.2768,0.2772,118493.6
2023-10-15 19:00:00,0.2768,0.2769,0.2741,0.2741,90465.3
2023-10-15 19:30:00,0.2743,0.2751,0.2727,0.2729,113194.2
2023-10-15 20:00:00,0.2728,0.2741,0.2724,0.2734,53083.6
2023-10-15 20:30:00,0.2738,0.2761,0.2733,0.2741,290027.0
2023-10-15 21:00:00,0.2741,0.2745,0.272,0.273,165374.7
2023-10-15 21:30:00,0.2729,0.2733,0.2706,0.2706,93788.6
2023-10-15 22:00:00,0.2707,0.2718,0.2706,0.2718,49887.6
2023-10-15 22:30:00,0.2719,0.2722,0.27,0.271,114320.7
2023-10-15 23:00:00,0.2708,0.2721,0.2702,0.2715,45969.3
2023-10-15 23:30:00,0.2713,0.2726,0.2711,0.2725,113801.0
2023-10-16 00:00:00,0.2722,0.2745,0.2706,0.2718,275633.4
2023-10-16 00:30:00,0.2719,0.2729,0.2704,0.2718,98343.6
2023-10-16 01:00:00,0.2721,0.2721,0.2701,0.2717,137916.2
2023-10-16 01:30:00,0.2718,0.2728,0.2698,0.2698,106120.2
2023-10-16 02:00:00,0.2695,0.2717,0.267,0.2716,542334.1
2023-10-16 02:30:00,0.2717,0.2734,0.2708,0.2733,115258.6
2023-10-16 03:00:00,0.2733,0.3066,0.2724,0.2904,3341758.1
2023-10-16 03:30:00,0.2902,0.3232,0.2857,0.3083,6233751.8
2023-10-16 04:00:00,0.3088,0.3136,0.302,0.3041,3672251.4
2023-10-16 04:30:00,0.3038,0.3038,0.2949,0.2968,1378041.9
2023-10-16 05:00:00,0.2968,0.307,0.2946,0.3045,1736170.8
2023-10-16 05:30:00,0.3046,0.305,0.2962,0.2983,1097893.8
2023-10-16 06:00:00,0.2978,0.2981,0.2921,0.2941,1132492.1
2023-10-16 06:30:00,0.2943,0.2965,0.2919,0.2924,904580.0
2023-10-16 07:00:00,0.2925,0.2933,0.2852,0.2865,1406301.2
2023-10-16 07:30:00,0.2865,0.2902,0.2858,0.2892,398121.2
2023-10-16 08:00:00,0.2891,0.2919,0.2877,0.2895,433555.9
2023-10-16 08:30:00,0.2894,0.2908,0.2864,0.2872,257884.4
2023-10-16 09:00:00,0.2872,0.2966,0.2863,0.2948,672365.6
2023-10-16 09:30:00,0.2949,0.2969,0.2935,0.2948,591270.6
2023-10-16 10:00:00,0.2949,0.3062,0.2911,0.3026,3227571.3
2023-10-16 10:30:00,0.3026,0.3095,0.3025,0.3067,2786870.9
2023-10-16 11:00:00,0.3068,0.319,0.3062,0.3121,5091605.5
2023-10-16 11:30:00,0.3122,0.3161,0.3063,0.3089,2698036.9
2023-10-16 12:00:00,0.309,0.3131,0.3062,0.3102,1482410.8
2023-10-16 12:30:00,0.3104,0.3118,0.3036,0.3046,1294045.6
2023-10-16 13:00:00,0.3047,0.3142,0.3033,0.3142,774690.8
2023-10-16 13:30:00,0.3137,0.3179,0.3006,0.3015,4124090.0
2023-10-16 14:00:00,0.3011,0.3057,0.3006,0.3049,656513.1
2023-10-16 14:30:00,0.3051,0.3061,0.3014,0.303,609184.7
2023-10-16 15:00:00,0.303,0.3051,0.3005,0.3026,486795.6
2023-10-16 15:30:00,0.3026,0.3039,0.2976,0.2998,553595.0
2023-10-16 16:00:00,0.2998,0.3044,0.2985,0.3014,393359.6
2023-10-16 16:30:00,0.3019,0.3037,0.3005,0.3035,306803.9
2023-10-16 17:00:00,0.3034,0.3059,0.3016,0.3025,558793.8
2023-10-16 17:30:00,0.3023,0.3055,0.3021,0.3037,323047.9
2023-10-16 18:00:00,0.3036,0.3068,0.3036,0.3051,356282.9
2023-10-16 18:30:00,0.3053,0.3062,0.3037,0.3052,196437.4
2023-10-16 19:00:00,0.3052,0.3081,0.3041,0.3068,335989.2
2023-10-16 19:30:00,0.3067,0.3082,0.3056,0.3068,323691.1
2023-10-16 20:00:00,0.3067,0.3109,0.3061,0.3084,674348.5
2023-10-16 20:30:00,0.3085,0.3089,0.3058,0.3064,473287.2
2023-10-16 21:00:00,0.3066,0.3072,0.3051,0.3056,186756.0
2023-10-16 21:30:00,0.3058,0.3082,0.3057,0.3075,256780.2
2023-10-16 22:00:00,0.3077,0.3115,0.3073,0.3077,799404.2
2023-10-16 22:30:00,0.3079,0.3088,0.306,0.3074,177238.7
2023-10-16 23:00:00,0.3075,0.3103,0.3058,0.3067,421159.8
2023-10-16 23:30:00,0.3066,0.309,0.3061,0.307,280872.0
2023-10-17 00:00:00,0.3071,0.3133,0.3056,0.3121,737289.3
2023-10-17 00:30:00,0.3118,0.3161,0.31,0.3104,958264.6
2023-10-17 01:00:00,0.3106,0.3138,0.3089,0.3132,672217.4
2023-10-17 01:30:00,0.3129,0.3129,0.3089,0.3094,277073.2
2023-10-17 02:00:00,0.309,0.3098,0.2965,0.3033,2132817.5
2023-10-17 02:30:00,0.3033,0.313,0.3031,0.3101,862433.1
2023-10-17 03:00:00,0.3099,0.3154,0.3081,0.3124,732046.4
2023-10-17 03:30:00,0.3123,0.3144,0.3096,0.3104,535724.6
2023-10-17 04:00:00,0.3108,0.3169,0.3104,0.3143,451799.4
2023-10-17 04:30:00,0.3143,0.32,0.3141,0.3183,1270448.6
2023-10-17 05:00:00,0.3181,0.3202,0.314,0.32,601908.5
2023-10-17 05:30:00,0.32,0.323,0.3167,0.3179,1251636.2
2023-10-17 06:00:00,0.318,0.3201,0.3146,0.3146,736113.8
2023-10-17 06:30:00,0.3147,0.3189,0.314,0.3181,550477.7
2023-10-17 07:00:00,0.318,0.3218,0.3154,0.317,1376833.7
2023-10-17 07:30:00,0.3172,0.3196,0.3126,0.3178,778764.9
2023-10-17 08:00:00,0.3178,0.3197,0.311,0.3129,1328185.3
2023-10-17 08:30:00,0.3133,0.3136,0.3088,0.313,1063641.1
2023-10-17 09:00:00,0.313,0.3146,0.31,0.3137,862120.8
2023-10-17 09:30:00,0.3137,0.3328,0.2881,0.2896,10469382.0
2023-10-17 10:00:00,0.2895,0.2953,0.2823,0.2824,6070824.4
2023-10-17 10:30:00,0.2823,0.2837,0.2741,0.279,4408507.6
2023-10-17 11:00:00,0.2791,0.2809,0.2763,0.2789,1027629.1
2023-10-17 11:30:00,0.2786,0.2809,0.2751,0.277,913836.6
2023-10-17 12:00:00,0.2767,0.2798,0.2755,0.2781,589680.5
2023-10-17 12:30:00,0.2782,0.2792,0.2743,0.2746,1078692.1
2023-10-17 13:00:00,0.2749,0.2754,0.2616,0.2624,3257341.0
2023-10-17 13:30:00,0.2624,0.2643,0.2509,0.2586,4383655.3
2023-10-17 14:00:00,0.2581,0.2616,0.2572,0.2599,1009829.4
2023-10-17 14:30:00,0.26,0.266,0.2594,0.2633,1051462.1
2023-10-17 15:00:00,0.2632,0.2653,0.2614,0.2642,716107.5
2023-10-17 15:30:00,0.2644,0.2649,0.2615,0.2633,253710.5
2023-10-17 16:00:00,0.2633,0.2674,0.2625,0.2637,723889.8
2023-10-17 16:30:00,0.2638,0.2649,0.2629,0.2649,380875.7
2023-10-17 17:00:00,0.2649,0.265,0.2586,0.2595,828321.3
2023-10-17 17:30:00,0.2595,0.26,0.2566,0.2575,392319.1
2023-10-17 18:00:00,0.2575,0.2588,0.2565,0.2577,323845.3
2023-10-17 18:30:00,0.2577,0.2585,0.2543,0.2557,408344.0
2023-10-17 19:00:00,0.2555,0.2562,0.2538,0.2544,215581.2
2023-10-17 19:30:00,0.2544,0.256,0.2541,0.2547,122472.4
2023-10-17 20:00:00,0.2547,0.2555,0.2536,0.2551,195636.7
2023-10-17 20:30:00,0.2551,0.2581,0.2548,0.2579,325592.6
2023-10-17 21:00:00,0.2578,0.2593,0.2574,0.258,273472.0
2023-10-17 21:30:00,0.2582,0.2585,0.2562,0.2571,187340.0
2023-10-17 22:00:00,0.2574,0.2579,0.256,0.2566,218619.5
2023-10-17 22:30:00,0.2566,0.2574,0.2555,0.2565,141451.2
2023-10-17 23:00:00,0.2568,0.2568,0.255,0.2559,244186.7
2023-10-17 23:30:00,0.2555,0.2561,0.2531,0.2538,440518.2
2023-10-18 00:00:00,0.2537,0.2553,0.252,0.2522,364912.7
2023-10-18 00:30:00,0.2522,0.2525,0.2454,0.2468,1929362.2
2023-10-18 01:00:00,0.2468,0.25,0.2457,0.2484,494152.4
2023-10-18 01:30:00,0.2482,0.25,0.2436,0.2459,928474.5
2023-10-18 02:00:00,0.2461,0.2463,0.2412,0.2421,963183.7
2023-10-18 02:30:00,0.2421,0.2434,0.2395,0.2407,980919.2
2023-10-18 03:00:00,0.2406,0.2431,0.24,0.2418,403994.6
2023-10-18 03:30:00,0.2417,0.244,0.2405,0.243,249250.8
2023-10-18 04:00:00,0.2423,0.2426,0.2401,0.2416,220209.3
2023-10-18 04:30:00,0.2415,0.2461,0.2389,0.244,492540.0
2023-10-18 05:00:00,0.2442,0.2448,0.2403,0.2413,317856.3
2023-10-18 05:30:00,0.2415,0.2417,0.2373,0.2403,846697.8
2023-10-18 06:00:00,0.2401,0.241,0.2373,0.239,398175.2
2023-10-18 06:30:00,0.2389,0.243,0.2381,0.242,555791.9
2023-10-18 07:00:00,0.2422,0.2446,0.2406,0.2444,264234.6
2023-10-18 07:30:00,0.2444,0.247,0.2425,0.2427,1293083.1
2023-10-18 08:00:00,0.2429,0.2442,0.239,0.2413,665313.6
2023-10-18 08:30:00,0.2413,0.2444,0.2406,0.2433,349199.7
2023-10-18 09:00:00,0.2433,0.2465,0.2424,0.2455,351244.1
2023-10-18 09:30:00,0.2456,0.2479,0.2434,0.2437,479305.1
2023-10-18 10:00:00,0.2437,0.247,0.2435,0.2451,445272.3
2023-10-18 10:30:00,0.245,0.2464,0.2441,0.2459,272565.0
2023-10-18 11:00:00,0.2459,0.2462,0.2442,0.2451,114378.1
2023-10-18 11:30:00,0.2452,0.2465,0.2437,0.2443,342484.5
2023-10-18 12:00:00,0.2443,0.2453,0.243,0.2445,346265.1
2023-10-18 12:30:00,0.2444,0.2452,0.2433,0.2446,164494.0
2023-10-18 13:00:00,0.2443,0.2452,0.2422,0.2438,326924.8
2023-10-18 13:30:00,0.2437,0.2442,0.2403,0.2406,633371.2
2023-10-18 14:00:00,0.2406,0.2408,0.2334,0.2355,1389700.9
2023-10-18 14:30:00,0.2356,0.2403,0.2351,0.2382,498859.7
2023-10-18 15:00:00,0.2382,0.2384,0.2351,0.2373,391913.7
2023-10-18 15:30:00,0.2372,0.2386,0.236,0.2374,184838.7
2023-10-18 16:00:00,0.2375,0.2415,0.2361,0.2391,711503.6
2023-10-18 16:30:00,0.2392,0.2398,0.2363,0.2381,367038.5
2023-10-18 17:00:00,0.2383,0.2388,0.2361,0.2372,385536.1
2023-10-18 17:30:00,0.2372,0.2375,0.2363,0.2372,102511.7
2023-10-18 18:00:00,0.2373,0.2393,0.2369,0.2386,106521.2
2023-10-18 18:30:00,0.2387,0.2394,0.2371,0.2374,132498.6
2023-10-18 19:00:00,0.2372,0.2372,0.2362,0.2369,96400.7
2023-10-18 19:30:00,0.237,0.2378,0.2363,0.2371,155600.0
2023-10-18 20:00:00,0.2373,0.2382,0.2366,0.2378,78850.6
2023-10-18 20:30:00,0.2374,0.2376,0.2364,0.2374,31806.7
2023-10-18 21:00:00,0.2372,0.238,0.2365,0.238,32839.6
2023-10-18 21:30:00,0.2379,0.2381,0.2364,0.2365,48217.4
2023-10-18 22:00:00,0.2364,0.2391,0.2364,0.2389,82539.9
2023-10-18 22:30:00,0.239,0.2402,0.2388,0.2402,84839.8
2023-10-18 23:00:00,0.2402,0.2414,0.2396,0.2412,240950.3
2023-10-18 23:30:00,0.2415,0.2424,0.2396,0.2402,450066.4
2023-10-19 00:00:00,0.2403,0.2414,0.2362,0.2386,209280.1
2023-10-19 00:30:00,0.2385,0.2421,0.2372,0.2416,437087.2
2023-10-19 01:00:00,0.2413,0.2418,0.2402,0.2404,88088.0
2023-10-19 01:30:00,0.2405,0.2419,0.2367,0.2392,372785.4
2023-10-19 02:00:00,0.2394,0.2403,0.2355,0.2368,161187.7
2023-10-19 02:30:00,0.2365,0.2377,0.2353,0.2374,106702.6
2023-10-19 03:00:00,0.2376,0.2405,0.2376,0.2404,270391.4
2023-10-19 03:30:00,0.2404,0.2424,0.2387,0.2395,228707.3
2023-10-19 04:00:00,0.2396,0.2396,0.2363,0.2371,340893.7
2023-10-19 04:30:00,0.237,0.239,0.2358,0.2387,265506.4
2023-10-19 05:00:00,0.2386,0.2401,0.2382,0.2385,226252.6
2023-10-19 05:30:00,0.2385,0.2416,0.2375,0.2414,356926.5
2023-10-19 06:00:00,0.241,0.2478,0.2403,0.2438,1641324.1
2023-10-19 06:30:00,0.2434,0.2464,0.242,0.2439,492367.1
2023-10-19 07:00:00,0.2436,0.2451,0.242,0.2435,293460.3
2023-10-19 07:30:00,0.2438,0.25,0.2437,0.2476,706304.1
2023-10-19 08:00:00,0.2473,0.2528,0.2467,0.2495,955724.6
2023-10-19 08:30:00,0.2497,0.2512,0.2474,0.2499,582373.1
2023-10-19 09:00:00,0.2497,0.2499,0.2436,0.2442,474901.1
2023-10-19 09:30:00,0.2439,0.2442,0.2407,0.2415,300384.8
2023-10-19 10:00:00,0.2415,0.2419,0.2381,0.2392,366683.9
2023-10-19 10:30:00,0.2394,0.2422,0.2386,0.2417,198199.6
2023-10-19 11:00:00,0.242,0.2436,0.2394,0.2405,427834.9
2023-10-19 11:30:00,0.2405,0.2408,0.2391,0.2408,158713.6
2023-10-19 12:00:00,0.2408,0.2409,0.239,0.2401,168720.9
2023-10-19 12:30:00,0.2401,0.244,0.2401,0.2424,341160.1
2023-10-19 13:00:00,0.2424,0.2465,0.2423,0.2457,480204.1
2023-10-19 13:30:00,0.2455,0.246,0.2443,0.2454,164472.2
2023-10-19 14:00:00,0.245,0.2461,0.2412,0.2418,189625.1
2023-10-19 14:30:00,0.2417,0.2431,0.24,0.2431,268803.1
2023-10-19 15:00:00,0.2431,0.244,0.2403,0.2405,140709.9
2023-10-19 15:30:00,0.2406,0.2431,0.2404,0.2411,67469.1
2023-10-19 16:00:00,0.2414,0.2436,0.2409,0.2421,92038.6
2023-10-19 16:30:00,0.2422,0.2434,0.2412,0.2421,100822.4
2023-10-19 17:00:00,0.2421,0.2429,0.2412,0.2421,130733.4
2023-10-19 17:30:00,0.2423,0.2456,0.2423,0.2454,161746.1
2023-10-19 18:00:00,0.2456,0.2461,0.2442,0.2453,92116.7
2023-10-19 18:30:00,0.2448,0.2457,0.244,0.2444,73630.0
2023-10-19 19:00:00,0.2443,0.2465,0.2442,0.2459,97645.7
2023-10-19 19:30:00,0.2459,0.2467,0.2448,0.2451,132855.9
2023-10-19 20:00:00,0.2453,0.2479,0.2453,0.2471,71637.8
2023-10-19 20:30:00,0.2471,0.2501,0.247,0.2482,484892.1
2023-10-19 21:00:00,0.2481,0.2486,0.2459,0.2461,107498.5
2023-10-19 21:30:00,0.246,0.2473,0.2455,0.2472,59079.0
2023-10-19 22:00:00,0.247,0.2485,0.2463,0.2464,263390.1
2023-10-19 22:30:00,0.2462,0.2462,0.2435,0.2444,329204.7
2023-10-19 23:00:00,0.2445,0.245,0.2434,0.2446,110057.3
2023-10-19 23:30:00,0.2443,0.2443,0.243,0.2441,66009.8
2023-10-20 00:00:00,0.244,0.2449,0.2414,0.2427,186216.1
2023-10-20 00:30:00,0.2426,0.2433,0.2414,0.243,59837.3
2023-10-20 01:00:00,0.2423,0.243,0.241,0.2428,236843.8
2023-10-20 01:30:00,0.2428,0.244,0.2424,0.2439,102125.7
2023-10-20 02:00:00,0.2442,0.2452,0.2435,0.2438,230425.6
2023-10-20 02:30:00,0.244,0.2481,0.2439,0.2468,193582.5
2023-10-20 03:00:00,0.2467,0.2484,0.2452,0.2481,88615.7
2023-10-20 03:30:00,0.2476,0.248,0.2451,0.2453,115716.7
2023-10-20 04:00:00,0.2453,0.2468,0.243,0.2456,170739.9
2023-10-20 04:30:00,0.2456,0.2456,0.244,0.2454,169557.0
2023-10-20 05:00:00,0.2453,0.2471,0.2451,0.2464,75036.0
2023-10-20 05:30:00,0.2465,0.2485,0.2464,0.2479,167233.0
2023-10-20 06:00:00,0.2477,0.249,0.2446,0.2448,164370.8
2023-10-20 06:30:00,0.2447,0.2462,0.2447,0.2452,155524.2
2023-10-20 07:00:00,0.2455,0.2475,0.2455,0.2466,229534.4
2023-10-20 07:30:00,0.2464,0.2467,0.2444,0.2444,172991.2
2023-10-20 08:00:00,0.2446,0.2485,0.2436,0.2479,271113.7
2023-10-20 08:30:00,0.2482,0.25,0.2477,0.2486,346975.0
2023-10-20 09:00:00,0.249,0.2505,0.2478,0.2493,154243.3
2023-10-20 09:30:00,0.2492,0.2496,0.2482,0.2485,166530.2
2023-10-20 10:00:00,0.2489,0.2496,0.2452,0.247,405379.3
2023-10-20 10:30:00,0.2469,0.2487,0.245,0.2453,400663.8
2023-10-20 11:00:00,0.2455,0.247,0.245,0.247,408465.9
2023-10-20 11:30:00,0.2469,0.2471,0.2422,0.2428,490209.6
2023-10-20 12:00:00,0.2428,0.244,0.2421,0.2434,369830.5
2023-10-20 12:30:00,0.2436,0.2445,0.2428,0.243,214841.1
2023-10-20 13:00:00,0.243,0.2441,0.243,0.2432,87667.1
2023-10-20 13:30:00,0.243,0.2456,0.243,0.2445,112532.3
2023-10-20 14:00:00,0.2445,0.2447,0.2428,0.2434,91758.6
2023-10-20 14:30:00,0.2434,0.2446,0.243,0.2436,172834.4
2023-10-20 15:00:00,0.2437,0.2438,0.2425,0.2434,214980.0
2023-10-20 15:30:00,0.2435,0.2435,0.2416,0.2433,82438.6
2023-10-20 16:00:00,0.2434,0.247,0.2433,0.246,163622.9
2023-10-20 16:30:00,0.2461,0.2499,0.2461,0.2477,410765.9
2023-10-20 17:00:00,0.2477,0.2487,0.2474,0.2484,132385.2
2023-10-20 17:30:00,0.2487,0.25,0.2484,0.2498,95283.0
2023-10-20 18:00:00,0.2499,0.2519,0.2483,0.2499,180572.7
2023-10-20 18:30:00,0.25,0.2505,0.2493,0.25,57411.3
2023-10-20 19:00:00,0.2499,0.25,0.2487,0.2495,36221.0
2023-10-20 19:30:00,0.2497,0.2497,0.2473,0.2486,268725.8
2023-10-20 20:00:00,0.2486,0.2488,0.2474,0.248,50637.0
2023-10-20 20:30:00,0.2477,0.2483,0.2471,0.2471,50641.9
2023-10-20 21:00:00,0.2472,0.2477,0.247,0.2474,41414.2
2023-10-20 21:30:00,0.2475,0.2488,0.2475,0.2481,18892.6
2023-10-20 22:00:00,0.248,0.2496,0.2472,0.2475,163547.3
2023-10-20 22:30:00,0.2479,0.2479,0.2463,0.2467,99995.9
2023-10-20 23:00:00,0.2466,0.2478,0.2463,0.2464,199946.8
2023-10-20 23:30:00,0.2464,0.2464,0.2452,0.2455,88544.8
2023-10-21 00:00:00,0.2455,0.2463,0.2448,0.2449,78739.7
2023-10-21 00:30:00,0.2447,0.2456,0.2437,0.2455,85237.3
2023-10-21 01:00:00,0.2454,0.2464,0.2451,0.2461,86033.4
2023-10-21 01:30:00,0.2463,0.2465,0.2431,0.2437,201479.2
2023-10-21 02:00:00,0.2437,0.2461,0.2434,0.2461,61636.0
2023-10-21 02:30:00,0.246,0.2473,0.2451,0.2467,86690.7
2023-10-21 03:00:00,0.2465,0.2475,0.2449,0.2453,71269.6
2023-10-21 03:30:00,0.2453,0.2459,0.2442,0.2448,61490.6
2023-10-21 04:00:00,0.2444,0.2446,0.2433,0.2435,79963.9
2023-10-21 04:30:00,0.2435,0.2451,0.2435,0.2436,54019.7
2023-10-21 05:00:00,0.2435,0.2445,0.2433,0.2441,30715.6
2023-10-21 05:30:00,0.2444,0.2451,0.2442,0.2445,85204.9
2023-10-21 06:00:00,0.2447,0.2468,0.2447,0.2467,58449.2
2023-10-21 06:30:00,0.2467,0.2493,0.2465,0.2475,278606.8
2023-10-21 07:00:00,0.2477,0.2479,0.2463,0.2464,59179.9
2023-10-21 07:30:00,0.2469,0.247,0.2458,0.246,56609.9
2023-10-21 08:00:00,0.2464,0.2467,0.2452,0.2455,92870.2
2023-10-21 08:30:00,0.2455,0.2455,0.2436,0.2446,99748.1
2023-10-21 09:00:00,0.2445,0.2451,0.244,0.245,80370.5
2023-10-21 09:30:00,0.2453,0.2465,0.2452,0.2453,77010.9
2023-10-21 10:00:00,0.2458,0.2458,0.2445,0.2447,79191.2
2023-10-21 10:30:00,0.2446,0.2454,0.2446,0.2447,33530.5
2023-10-21 11:00:00,0.2446,0.2455,0.2442,0.2449,98046.4
2023-10-21 11:30:00,0.2448,0.2475,0.2446,0.2457,126470.3
2023-10-21 12:00:00,0.2458,0.2471,0.2454,0.2469,81333.4
2023-10-21 12:30:00,0.247,0.248,0.2467,0.2468,100271.3
2023-10-21 13:00:00,0.247,0.2475,0.246,0.2467,55102.1
2023-10-21 13:30:00,0.2464,0.2479,0.246,0.2478,139020.9
2023-10-21 14:00:00,0.2478,0.248,0.2469,0.2478,108022.4
2023-10-21 14:30:00,0.2478,0.2486,0.2466,0.2475,85755.5
2023-10-21 15:00:00,0.2476,0.248,0.2453,0.2457,246429.8
2023-10-21 15:30:00,0.2457,0.247,0.2456,0.2467,37032.1
2023-10-21 16:00:00,0.2468,0.2495,0.2464,0.2495,136791.2
2023-10-21 16:30:00,0.2493,0.2503,0.2473,0.2477,304913.6
2023-10-21 17:00:00,0.2477,0.2498,0.2475,0.2497,125539.4
2023-10-21 17:30:00,0.2496,0.2509,0.2494,0.2506,141492.1
2023-10-21 18:00:00,0.2506,0.2518,0.2481,0.2494,147464.2
2023-10-21 18:30:00,0.2494,0.2496,0.2483,0.2491,50886.2
2023-10-21 19:00:00,0.2495,0.2497,0.2466,0.247,69079.1
2023-10-21 19:30:00,0.2472,0.2492,0.247,0.2487,107861.5
2023-10-21 20:00:00,0.2488,0.2489,0.2469,0.2475,86304.0
2023-10-21 20:30:00,0.2476,0.2481,0.2468,0.2475,32609.5
2023-10-21 21:00:00,0.2476,0.2482,0.2472,0.2482,32164.3
2023-10-21 21:30:00,0.2483,0.2488,0.2469,0.2478,37660.3
2023-10-21 22:00:00,0.2479,0.248,0.2465,0.2469,31653.7
2023-10-21 22:30:00,0.2466,0.2477,0.2461,0.2475,42196.7
2023-10-21 23:00:00,0.2477,0.2477,0.2458,0.2469,53407.3
2023-10-21 23:30:00,0.2469,0.2473,0.2456,0.2471,39149.9
2023-10-22 00:00:00,0.2473,0.2477,0.2457,0.2477,96483.4
2023-10-22 00:30:00,0.2477,0.2492,0.2468,0.2481,74332.8
2023-10-22 01:00:00,0.2483,0.2503,0.2482,0.2499,301529.7
2023-10-22 01:30:00,0.2504,0.2521,0.2498,0.2518,251956.3
2023-10-22 02:00:00,0.2519,0.2521,0.2501,0.2508,127861.8
2023-10-22 02:30:00,0.2515,0.2544,0.2507,0.2537,310597.6
2023-10-22 03:00:00,0.2537,0.2564,0.2536,0.2545,290735.2
2023-10-22 03:30:00,0.2546,0.2587,0.2543,0.2581,626384.7
2023-10-22 04:00:00,0.2578,0.2604,0.2569,0.2602,260334.5
2023-10-22 04:30:00,0.2602,0.2644,0.2594,0.2619,640050.8
2023-10-22 05:00:00,0.2619,0.2663,0.2616,0.2621,706092.8
2023-10-22 05:30:00,0.2619,0.2635,0.2585,0.2613,860752.7
2023-10-22 06:00:00,0.2608,0.2647,0.2599,0.2634,407277.0
2023-10-22 06:30:00,0.2634,0.2643,0.2606,0.2613,262720.0
2023-10-22 07:00:00,0.2613,0.2621,0.2594,0.2597,148349.4
2023-10-22 07:30:00,0.2596,0.2605,0.252,0.2573,547450.5
2023-10-22 08:00:00,0.2573,0.2577,0.2523,0.2525,658930.0
2023-10-22 08:30:00,0.2524,0.2554,0.2517,0.2527,192113.4
2023-10-22 09:00:00,0.2525,0.2556,0.2525,0.2539,122691.5
2023-10-22 09:30:00,0.254,0.2543,0.2528,0.2528,81361.9
2023-10-22 10:00:00,0.2528,0.2546,0.2528,0.2533,73255.3
2023-10-22 10:30:00,0.2535,0.2558,0.2535,0.2558,184296.6
2023-10-22 11:00:00,0.2556,0.2557,0.2533,0.2535,98231.2
2023-10-22 11:30:00,0.2534,0.2537,0.2524,0.253,101542.3
2023-10-22 12:00:00,0.2531,0.2545,0.2531,0.2544,56248.3
2023-10-22 12:30:00,0.2543,0.2548,0.2525,0.2525,74751.8
2023-10-22 13:00:00,0.2525,0.2541,0.2521,0.2537,172478.0
2023-10-22 13:30:00,0.2539,0.2544,0.2529,0.2538,201906.4
2023-10-22 14:00:00,0.2539,0.2556,0.2533,0.2538,223195.2
2023-10-22 14:30:00,0.2538,0.255,0.2525,0.2529,73082.4
2023-10-22 15:00:00,0.2531,0.2543,0.2521,0.2522,152595.1
2023-10-22 15:30:00,0.2522,0.2522,0.2497,0.2512,292712.9
2023-10-22 16:00:00,0.2513,0.2532,0.251,0.2527,104318.7
2023-10-22 16:30:00,0.2532,0.254,0.2531,0.2538,58757.2
2023-10-22 17:00:00,0.2537,0.2548,0.2534,0.2548,47909.3
2023-10-22 17:30:00,0.2546,0.2552,0.2538,0.2544,22529.4
2023-10-22 18:00:00,0.2542,0.2574,0.2539,0.256,197148.7
2023-10-22 18:30:00,0.2561,0.2582,0.2557,0.2561,242878.8
2023-10-22 19:00:00,0.2564,0.2587,0.2563,0.257,189488.8
2023-10-22 19:30:00,0.2571,0.2575,0.2561,0.2572,75869.8
2023-10-22 20:00:00,0.2572,0.2586,0.2569,0.2586,85725.7
2023-10-22 20:30:00,0.2586,0.2599,0.2577,0.2587,164852.5
2023-10-22 21:00:00,0.2586,0.2594,0.2575,0.2579,72703.2
2023-10-22 21:30:00,0.2581,0.262,0.2581,0.2615,294520.5
2023-10-22 22:00:00,0.2613,0.2646,0.2588,0.2639,347907.8
2023-10-22 22:30:00,0.2639,0.2698,0.2625,0.2682,814195.4
2023-10-22 23:00:00,0.2685,0.2696,0.2642,0.2653,548440.9
2023-10-22 23:30:00,0.2651,0.2667,0.2639,0.2667,218476.2
2023-10-23 00:00:00,0.2666,0.2668,0.2614,0.2634,305531.1
2023-10-23 00:30:00,0.2634,0.268,0.2631,0.266,228781.0
2023-10-23 01:00:00,0.2659,0.2698,0.2645,0.2683,462271.9
2023-10-23 01:30:00,0.2685,0.2694,0.2666,0.2677,192207.0
2023-10-23 02:00:00,0.2681,0.2718,0.2676,0.2705,101312.7
2023-10-23 02:30:00,0.2705,0.2722,0.2658,0.2669,351342.7
2023-10-23 03:00:00,0.2669,0.2678,0.2654,0.2672,151461.5
2023-10-23 03:30:00,0.2673,0.2688,0.2658,0.266,197353.2
2023-10-23 04:00:00,0.2662,0.2693,0.2658,0.2667,342294.8
2023-10-23 04:30:00,0.2667,0.2669,0.2652,0.2653,208878.4
2023-10-23 05:00:00,0.2653,0.2669,0.2643,0.2656,239350.0
2023-10-23 05:30:00,0.2656,0.267,0.2644,0.2647,261278.0
2023-10-23 06:00:00,0.2647,0.2664,0.2625,0.2634,273448.3
2023-10-23 06:30:00,0.2639,0.264,0.2605,0.2607,302855.1
2023-10-23 07:00:00,0.2603,0.2624,0.2594,0.2608,352839.0
2023-10-23 07:30:00,0.2609,0.2615,0.258,0.2603,119866.0
2023-10-23 08:00:00,0.2602,0.2607,0.2584,0.2597,107152.6
2023-10-23 08:30:00,0.2598,0.2598,0.2569,0.2587,179649.0
2023-10-23 09:00:00,0.2584,0.2592,0.257,0.2572,86958.0
2023-10-23 09:30:00,0.2572,0.2573,0.2537,0.2563,378496.3
2023-10-23 10:00:00,0.2561,0.2586,0.2561,0.2586,129071.4
2023-10-23 10:30:00,0.2586,0.2593,0.258,0.2583,99614.9
2023-10-23 11:00:00,0.2583,0.2595,0.2579,0.2584,150537.2
2023-10-23 11:30:00,0.2584,0.2606,0.2584,0.2593,83338.7
2023-10-23 12:00:00,0.2594,0.2607,0.2593,0.2598,49035.7
2023-10-23 12:30:00,0.2599,0.2619,0.2598,0.2603,194276.8
2023-10-23 13:00:00,0.2603,0.2605,0.2578,0.258,203105.2
2023-10-23 13:30:00,0.2583,0.2596,0.2568,0.2594,90644.9
2023-10-23 14:00:00,0.2595,0.2616,0.2594,0.2605,179712.6
2023-10-23 14:30:00,0.2604,0.2612,0.2593,0.2603,148251.0
2023-10-23 15:00:00,0.2603,0.2608,0.2596,0.2605,131864.4
2023-10-23 15:30:00,0.2605,0.2611,0.2595,0.2601,42062.8
2023-10-23 16:00:00,0.2601,0.2616,0.2595,0.2602,137766.9
2023-10-23 16:30:00,0.2599,0.2644,0.2591,0.2637,136056.7
2023-10-23 17:00:00,0.2636,0.2649,0.2613,0.2622,242728.4
2023-10-23 17:30:00,0.2624,0.2635,0.261,0.2634,41903.5
2023-10-23 18:00:00,0.2631,0.2641,0.2631,0.2633,27646.2
2023-10-23 18:30:00,0.2632,0.2638,0.2614,0.2634,138461.7
2023-10-23 19:00:00,0.2635,0.2653,0.2631,0.2632,111391.1
2023-10-23 19:30:00,0.263,0.2643,0.2625,0.264,129094.9
2023-10-23 20:00:00,0.2637,0.2643,0.2632,0.2632,34998.2
2023-10-23 20:30:00,0.2638,0.2646,0.2613,0.2614,237804.6
2023-10-23 21:00:00,0.2613,0.2625,0.2607,0.2625,69643.0
2023-10-23 21:30:00,0.2625,0.2643,0.2625,0.2641,41538.1
2023-10-23 22:00:00,0.2637,0.2656,0.2632,0.2653,158072.4
2023-10-23 22:30:00,0.2656,0.2742,0.2647,0.273,968040.0
2023-10-23 23:00:00,0.2736,0.2746,0.2684,0.27,599260.2
2023-10-23 23:30:00,0.2704,0.272,0.2691,0.272,243741.4
2023-10-24 00:00:00,0.272,0.2738,0.2706,0.273,482640.1
2023-10-24 00:30:00,0.2734,0.2776,0.2727,0.2762,477256.4
2023-10-24 01:00:00,0.2761,0.278,0.2748,0.2758,384151.1
2023-10-24 01:30:00,0.2759,0.2762,0.2739,0.2751,391169.3
2023-10-24 02:00:00,0.2752,0.2787,0.2748,0.2773,576481.3
2023-10-24 02:30:00,0.2772,0.2813,0.2761,0.279,343553.5
2023-10-24 03:00:00,0.2787,0.2814,0.2782,0.2789,208725.6
2023-10-24 03:30:00,0.2789,0.279,0.2739,0.2739,263493.9
2023-10-24 04:00:00,0.2738,0.2777,0.2737,0.2772,126232.4
2023-10-24 04:30:00,0.277,0.277,0.2739,0.2747,84023.7
2023-10-24 05:00:00,0.2749,0.2772,0.2748,0.2771,99505.3
2023-10-24 05:30:00,0.277,0.2772,0.2717,0.2726,329610.2
2023-10-24 06:00:00,0.2728,0.2736,0.2684,0.2686,429882.4
2023-10-24 06:30:00,0.2687,0.272,0.2681,0.2715,199004.5
2023-10-24 07:00:00,0.2714,0.2716,0.2688,0.2692,517404.3
2023-10-24 07:30:00,0.2696,0.2735,0.2694,0.2735,182143.3
2023-10-24 08:00:00,0.273,0.2754,0.2728,0.2744,407893.0
2023-10-24 08:30:00,0.2743,0.2753,0.2734,0.2749,191560.9
2023-10-24 09:00:00,0.2747,0.2756,0.2734,0.275,172853.9
2023-10-24 09:30:00,0.2749,0.2765,0.2747,0.2752,112627.1
2023-10-24 10:00:00,0.2753,0.2775,0.2753,0.2763,103893.1
2023-10-24 10:30:00,0.2764,0.2769,0.2753,0.276,68263.2
2023-10-24 11:00:00,0.2759,0.2772,0.275,0.2756,161679.9
2023-10-24 11:30:00,0.2758,0.2775,0.2744,0.2775,307796.2
2023-10-24 12:00:00,0.2774,0.2789,0.277,0.2784,195043.7
2023-10-24 12:30:00,0.2784,0.2819,0.2784,0.2795,315849.5
2023-10-24 13:00:00,0.2795,0.2795,0.2745,0.277,374436.1
2023-10-24 13:30:00,0.2766,0.2773,0.2746,0.277,127187.1
2023-10-24 14:00:00,0.2766,0.2768,0.2717,0.2727,203152.3
2023-10-24 14:30:00,0.2727,0.2757,0.2722,0.2754,321641.1
2023-10-24 15:00:00,0.2752,0.2771,0.2665,0.2667,600543.1
2023-10-24 15:30:00,0.2669,0.2676,0.2593,0.2629,1054975.8
2023-10-24 16:00:00,0.2631,0.2637,0.2587,0.2618,891007.6
2023-10-24 16:30:00,0.2616,0.2668,0.2615,0.2657,181432.9
2023-10-24 17:00:00,0.2658,0.2678,0.2658,0.2678,61741.7
2023-10-24 17:30:00,0.2678,0.2678,0.2649,0.2651,78727.3
2023-10-24 18:00:00,0.2652,0.2658,0.2626,0.2635,86729.3
2023-10-24 18:30:00,0.2634,0.2688,0.2634,0.2688,83189.4
2023-10-24 19:00:00,0.2684,0.2698,0.2684,0.2693,93369.9
2023-10-24 19:30:00,0.2696,0.271,0.2694,0.2696,108012.5
2023-10-24 20:00:00,0.2696,0.2716,0.2687,0.2703,205666.4
2023-10-24 20:30:00,0.2705,0.2705,0.2681,0.2693,255319.7
2023-10-24 21:00:00,0.2691,0.27,0.2676,0.2699,37513.8
2023-10-24 21:30:00,0.2702,0.2726,0.2683,0.272,59753.4
2023-10-24 22:00:00,0.2719,0.2741,0.271,0.2737,54344.4
2023-10-24 22:30:00,0.2739,0.2756,0.2733,0.2752,70954.5
2023-10-24 23:00:00,0.2753,0.2756,0.273,0.2738,85101.7
2023-10-24 23:30:00,0.2729,0.2739,0.2717,0.2735,57203.2
2023-10-25 00:00:00,0.2734,0.274,0.2719,0.2725,24252.3
2023-10-25 00:30:00,0.2723,0.2756,0.271,0.2748,175491.0
2023-10-25 01:00:00,0.2747,0.2773,0.2747,0.2769,94404.7
2023-10-25 01:30:00,0.2765,0.2766,0.2735,0.2742,118536.6
2023-10-25 02:00:00,0.2744,0.2744,0.271,0.2714,76446.1
2023-10-25 02:30:00,0.2718,0.2733,0.2701,0.2729,289295.0
2023-10-25 03:00:00,0.2729,0.2732,0.2701,0.2706,133752.2
2023-10-25 03:30:00,0.2705,0.2719,0.2705,0.2706,26888.4
2023-10-25 04:00:00,0.271,0.272,0.2705,0.272,76312.2
2023-10-25 04:30:00,0.272,0.2737,0.2713,0.2735,167769.1
2023-10-25 05:00:00,0.2737,0.2746,0.2721,0.2726,108099.3
2023-10-25 05:30:00,0.2726,0.2726,0.2704,0.2716,127588.4
2023-10-25 06:00:00,0.2715,0.2739,0.2714,0.2738,40120.6
2023-10-25 06:30:00,0.2738,0.2744,0.2729,0.2732,67533.2
2023-10-25 07:00:00,0.2735,0.2736,0.2677,0.2678,228815.3
2023-10-25 07:30:00,0.268,0.2692,0.2643,0.2669,230110.7
2023-10-25 08:00:00,0.2668,0.2679,0.2647,0.2677,235598.2
2023-10-25 08:30:00,0.2678,0.27,0.2678,0.2696,98706.4
2023-10-25 09:00:00,0.2695,0.2717,0.2688,0.2715,45346.6
2023-10-25 09:30:00,0.2712,0.2715,0.2681,0.2681,102684.3
2023-10-25 10:00:00,0.2683,0.2683,0.2649,0.2675,231517.3
2023-10-25 10:30:00,0.2677,0.2685,0.2673,0.2684,254597.3
2023-10-25 11:00:00,0.2684,0.2695,0.2675,0.2677,233350.2
2023-10-25 11:30:00,0.2678,0.2678,0.2663,0.2663,119665.1
2023-10-25 12:00:00,0.2664,0.2691,0.2663,0.2681,111582.2
2023-10-25 12:30:00,0.2683,0.2689,0.2669,0.2677,50204.6
2023-10-25 13:00:00,0.2674,0.2702,0.2674,0.2686,206470.9
2023-10-25 13:30:00,0.2685,0.2688,0.2661,0.2669,191456.5
2023-10-25 14:00:00,0.2676,0.27,0.2668,0.269,218098.0
2023-10-25 14:30:00,0.2691,0.2709,0.2687,0.2701,158802.7
2023-10-25 15:00:00,0.2702,0.2723,0.2678,0.2707,476030.2
2023-10-25 15:30:00,0.271,0.2731,0.2709,0.2719,161388.5
2023-10-25 16:00:00,0.2715,0.2727,0.2668,0.2672,400628.3
2023-10-25 16:30:00,0.2672,0.2688,0.2653,0.2656,670039.4
2023-10-25 17:00:00,0.2655,0.2678,0.2643,0.2678,95546.8
2023-10-25 17:30:00,0.2677,0.2682,0.2647,0.2658,504373.6
2023-10-25 18:00:00,0.2657,0.2674,0.2657,0.2664,126797.0
2023-10-25 18:30:00,0.2664,0.2672,0.2656,0.2671,56515.4
2023-10-25 19:00:00,0.267,0.267,0.2653,0.2662,57020.3
2023-10-25 19:30:00,0.2662,0.2672,0.2662,0.267,48727.9
2023-10-25 20:00:00,0.2669,0.2683,0.2669,0.2677,98105.8
2023-10-25 20:30:00,0.2676,0.2682,0.2654,0.2655,53780.9
2023-10-25 21:00:00,0.2655,0.2657,0.263,0.2646,155016.5
2023-10-25 21:30:00,0.2646,0.2646,0.2624,0.2634,38740.7
2023-10-25 22:00:00,0.2638,0.2652,0.2635,0.2643,57948.9
2023-10-25 22:30:00,0.2644,0.2656,0.2643,0.2654,39306.3
2023-10-25 23:00:00,0.2652,0.2654,0.2627,0.2643,138642.2
2023-10-25 23:30:00,0.2644,0.2653,0.2639,0.2653,52383.2
2023-10-26 00:00:00,0.2653,0.267,0.2636,0.2669,199242.7
2023-10-26 00:30:00,0.267,0.267,0.2638,0.2661,73963.8
2023-10-26 01:00:00,0.2662,0.2668,0.2651,0.266,65890.0
2023-10-26 01:30:00,0.266,0.2667,0.2639,0.2653,49291.6
2023-10-26 02:00:00,0.2654,0.2655,0.2627,0.2632,366697.5
2023-10-26 02:30:00,0.2631,0.2652,0.2631,0.2644,40295.4
2023-10-26 03:00:00,0.2645,0.2668,0.2644,0.2667,79688.8
2023-10-26 03:30:00,0.2666,0.2677,0.264,0.2675,552249.5
2023-10-26 04:00:00,0.2673,0.268,0.2664,0.2666,100281.2
2023-10-26 04:30:00,0.2661,0.2671,0.2656,0.2671,133458.0
2023-10-26 05:00:00,0.2669,0.2677,0.2665,0.2671,98454.0
2023-10-26 05:30:00,0.2668,0.2673,0.2636,0.2642,480807.5
2023-10-26 06:00:00,0.2639,0.264,0.2603,0.263,713548.1
2023-10-26 06:30:00,0.263,0.2655,0.2629,0.2648,100804.6
2023-10-26 07:00:00,0.2649,0.2685,0.2641,0.2684,345461.0
2023-10-26 07:30:00,0.2684,0.2704,0.267,0.2703,489462.3
2023-10-26 08:00:00,0.2704,0.2721,0.2679,0.2679,242836.2
2023-10-26 08:30:00,0.2681,0.2713,0.2675,0.271,119704.5
2023-10-26 09:00:00,0.2706,0.272,0.2675,0.2677,166755.7
2023-10-26 09:30:00,0.2679,0.2691,0.2676,0.2681,111329.0
2023-10-26 10:00:00,0.2681,0.2682,0.2657,0.2665,161728.3
2023-10-26 10:30:00,0.2665,0.2669,0.2632,0.2654,195777.8
2023-10-26 11:00:00,0.2655,0.2662,0.2643,0.2645,117803.4
2023-10-26 11:30:00,0.2645,0.2651,0.26,0.2616,327551.9
2023-10-26 12:00:00,0.2614,0.2631,0.2604,0.2624,154203.2
2023-10-26 12:30:00,0.2624,0.2636,0.2619,0.263,60015.8
2023-10-26 13:00:00,0.263,0.2634,0.2611,0.2611,91675.4
2023-10-26 13:30:00,0.2612,0.2622,0.2564,0.257,644903.7
2023-10-26 14:00:00,0.257,0.2582,0.2517,0.2533,677796.6
2023-10-26 14:30:00,0.2538,0.2542,0.2382,0.2515,1640982.1
2023-10-26 15:00:00,0.2517,0.2527,0.2469,0.2474,476292.5
2023-10-26 15:30:00,0.2477,0.2498,0.2466,0.2486,431500.2
2023-10-26 16:00:00,0.2485,0.2485,0.2461,0.2473,297081.1
2023-10-26 16:30:00,0.2471,0.2475,0.2453,0.2456,201079.4
2023-10-26 17:00:00,0.2456,0.2481,0.2453,0.2476,104595.0
2023-10-26 17:30:00,0.2476,0.2476,0.2461,0.2474,380830.3
2023-10-26 18:00:00,0.2475,0.2481,0.2469,0.2472,155383.6
2023-10-26 18:30:00,0.2473,0.2479,0.2467,0.2467,46871.3
2023-10-26 19:00:00,0.2467,0.248,0.2463,0.2474,111687.6
2023-10-26 19:30:00,0.2474,0.2491,0.2467,0.2489,165113.5
2023-10-26 20:00:00,0.2487,0.2501,0.2486,0.25,74497.4
2023-10-26 20:30:00,0.25,0.2512,0.2495,0.2511,176900.2
2023-10-26 21:00:00,0.2511,0.2513,0.25,0.2503,71416.0
2023-10-26 21:30:00,0.2503,0.2512,0.2496,0.2509,84487.0
2023-10-26 22:00:00,0.2508,0.2517,0.2507,0.2511,84533.3
2023-10-26 22:30:00,0.2511,0.2518,0.2508,0.2518,31359.6
2023-10-26 23:00:00,0.2518,0.2518,0.2502,0.2507,73145.6
2023-10-26 23:30:00,0.2506,0.2506,0.2484,0.2487,288149.6
2023-10-27 00:00:00,0.2487,0.2496,0.2482,0.2493,113258.2
2023-10-27 00:30:00,0.249,0.2498,0.2471,0.248,161504.5
2023-10-27 01:00:00,0.2479,0.2481,0.2461,0.2467,312772.7
2023-10-27 01:30:00,0.2464,0.2467,0.2436,0.2436,226795.1
2023-10-27 02:00:00,0.2437,0.2468,0.2428,0.246,210787.9
2023-10-27 02:30:00,0.246,0.2472,0.2455,0.2466,24798.2
2023-10-27 03:00:00,0.2464,0.2475,0.2457,0.2458,99723.9
2023-10-27 03:30:00,0.2458,0.2466,0.2452,0.2456,183553.3
2023-10-27 04:00:00,0.2453,0.2465,0.2446,0.2449,95561.4
2023-10-27 04:30:00,0.2449,0.2461,0.2436,0.2456,414954.2
2023-10-27 05:00:00,0.2456,0.2461,0.2435,0.2445,123023.7
2023-10-27 05:30:00,0.2446,0.2466,0.2445,0.2462,62689.7
2023-10-27 06:00:00,0.2463,0.2476,0.2457,0.2461,56705.5
2023-10-27 06:30:00,0.2461,0.2475,0.2457,0.2472,58120.8
2023-10-27 07:00:00,0.2474,0.2474,0.2451,0.2451,60735.5
2023-10-27 07:30:00,0.2451,0.2453,0.2437,0.2439,213110.5
2023-10-27 08:00:00,0.244,0.2452,0.2437,0.2449,66655.9
2023-10-27 08:30:00,0.2449,0.2469,0.2447,0.2462,157101.9
2023-10-27 09:00:00,0.2464,0.247,0.2462,0.2468,39421.1
2023-10-27 09:30:00,0.2468,0.2479,0.2464,0.2474,82917.5
2023-10-27 10:00:00,0.2474,0.2474,0.2456,0.2465,102921.3
2023-10-27 10:30:00,0.2466,0.2472,0.2461,0.2463,60673.6
2023-10-27 11:00:00,0.2463,0.2466,0.2446,0.2449,65037.8
2023-10-27 11:30:00,0.2448,0.2464,0.2444,0.2463,53853.4
2023-10-27 12:00:00,0.2463,0.247,0.2449,0.2449,273907.0
2023-10-27 12:30:00,0.2449,0.2474,0.2449,0.2467,173904.8
2023-10-27 13:00:00,0.2466,0.2476,0.2464,0.2474,90867.3
2023-10-27 13:30:00,0.2474,0.2479,0.2468,0.2472,85392.8
2023-10-27 14:00:00,0.247,0.247,0.2442,0.2445,308483.9
2023-10-27 14:30:00,0.2441,0.2445,0.2419,0.2432,187984.6
2023-10-27 15:00:00,0.2434,0.244,0.2422,0.244,87907.0
2023-10-27 15:30:00,0.2437,0.2452,0.2437,0.2447,101168.3
2023-10-27 16:00:00,0.2446,0.2453,0.2433,0.2441,39163.1
2023-10-27 16:30:00,0.2441,0.2441,0.2408,0.2418,251588.6
2023-10-27 17:00:00,0.2418,0.2437,0.2383,0.2436,295193.3
2023-10-27 17:30:00,0.2431,0.2433,0.2419,0.2423,62936.8
2023-10-27 18:00:00,0.2422,0.2426,0.2396,0.2398,95579.6
2023-10-27 18:30:00,0.2398,0.2422,0.2394,0.2406,69423.8
2023-10-27 19:00:00,0.2406,0.242,0.2406,0.242,9036.4
2023-10-27 19:30:00,0.2417,0.2428,0.2416,0.2427,44857.0
2023-10-27 20:00:00,0.2428,0.2428,0.2419,0.2426,37919.9
2023-10-27 20:30:00,0.2427,0.243,0.242,0.2426,49382.1
2023-10-27 21:00:00,0.2425,0.2427,0.2414,0.2415,73703.3
2023-10-27 21:30:00,0.2416,0.2428,0.2416,0.2427,16329.8
2023-10-27 22:00:00,0.2429,0.243,0.2421,0.2425,40366.0
2023-10-27 22:30:00,0.2424,0.2427,0.2412,0.2413,55179.4
2023-10-27 23:00:00,0.2412,0.2426,0.241,0.2425,34567.3
2023-10-27 23:30:00,0.2424,0.2433,0.2423,0.2429,61247.7
2023-10-28 00:00:00,0.2427,0.2432,0.2423,0.2431,23881.0
2023-10-28 00:30:00,0.2432,0.2442,0.2428,0.2434,105693.8
2023-10-28 01:00:00,0.2433,0.2439,0.2429,0.2433,20409.4
2023-10-28 01:30:00,0.2436,0.2447,0.2436,0.2445,92464.6
2023-10-28 02:00:00,0.2445,0.2446,0.2435,0.2439,53337.6
2023-10-28 02:30:00,0.2438,0.2458,0.2434,0.2451,82826.5
2023-10-28 03:00:00,0.2453,0.2454,0.2444,0.2444,18477.8
2023-10-28 03:30:00,0.2445,0.2458,0.2445,0.2457,111683.0
2023-10-28 04:00:00,0.2457,0.2457,0.2444,0.2451,33718.8
2023-10-28 04:30:00,0.2451,0.2467,0.2451,0.2464,88940.5
2023-10-28 05:00:00,0.2464,0.2469,0.246,0.246,61666.6
2023-10-28 05:30:00,0.2462,0.2462,0.2445,0.245,114761.8
2023-10-28 06:00:00,0.2451,0.2458,0.2448,0.245,56515.0
2023-10-28 06:30:00,0.2452,0.2454,0.2446,0.2447,46075.6
2023-10-28 07:00:00,0.2449,0.2458,0.2449,0.2458,33400.0
2023-10-28 07:30:00,0.246,0.2468,0.2459,0.2459,77204.3
2023-10-28 08:00:00,0.246,0.2465,0.2453,0.2456,91107.4
2023-10-28 08:30:00,0.2459,0.2468,0.2458,0.2463,46874.9
2023-10-28 09:00:00,0.2461,0.2462,0.245,0.2451,58548.2
2023-10-28 09:30:00,0.2453,0.2463,0.2452,0.2452,23672.8
2023-10-28 10:00:00,0.2454,0.2457,0.2449,0.2454,74159.4
2023-10-28 10:30:00,0.2458,0.246,0.2452,0.2459,24556.4
2023-10-28 11:00:00,0.2456,0.248,0.2456,0.2474,189738.8
2023-10-28 11:30:00,0.2475,0.2477,0.2457,0.2458,85165.9
2023-10-28 12:00:00,0.2457,0.2463,0.2456,0.2462,96082.2
2023-10-28 12:30:00,0.2462,0.2462,0.2434,0.2443,282418.7
2023-10-28 13:00:00,0.2445,0.2459,0.2438,0.2457,96321.0
2023-10-28 13:30:00,0.2456,0.2463,0.2453,0.2463,63599.4
2023-10-28 14:00:00,0.2462,0.2472,0.2458,0.2466,112018.2
2023-10-28 14:30:00,0.2468,0.2473,0.2467,0.2468,80502.0
2023-10-28 15:00:00,0.2469,0.2478,0.2469,0.2477,61743.9
2023-10-28 15:30:00,0.2477,0.2483,0.2475,0.248,106863.0
2023-10-28 16:00:00,0.2479,0.2482,0.2471,0.2479,53196.5
2023-10-28 16:30:00,0.2479,0.2484,0.2475,0.2483,63906.0
2023-10-28 17:00:00,0.2482,0.2485,0.2475,0.2479,55685.8
2023-10-28 17:30:00,0.2478,0.2481,0.2472,0.2476,35133.3
2023-10-28 18:00:00,0.2474,0.2477,0.247,0.2471,32412.4
2023-10-28 18:30:00,0.247,0.2485,0.247,0.2484,41929.9
2023-10-28 19:00:00,0.2483,0.2491,0.248,0.2488,56142.0
2023-10-28 19:30:00,0.2487,0.2487,0.2469,0.247,63637.8
2023-10-28 20:00:00,0.2468,0.248,0.2468,0.2478,10976.0
2023-10-28 20:30:00,0.2477,0.2477,0.2471,0.2476,12266.0
2023-10-28 21:00:00,0.2476,0.248,0.2469,0.2478,11826.6
2023-10-28 21:30:00,0.2479,0.2486,0.2479,0.2486,11894.0
2023-10-28 22:00:00,0.2486,0.2486,0.2469,0.247,13908.7
2023-10-28 22:30:00,0.247,0.248,0.2461,0.2474,39857.2
2023-10-28 23:00:00,0.2473,0.2476,0.2459,0.2472,28677.5
2023-10-28 23:30:00,0.247,0.2471,0.2464,0.2467,5837.7
2023-10-29 00:00:00,0.2465,0.2472,0.2458,0.2471,65165.4
2023-10-29 00:30:00,0.2469,0.2477,0.2456,0.2458,43486.0
2023-10-29 01:00:00,0.2459,0.2464,0.2432,0.2445,183022.9
2023-10-29 01:30:00,0.2444,0.2454,0.2437,0.2451,23814.8
2023-10-29 02:00:00,0.2448,0.2455,0.2443,0.2448,182505.0
2023-10-29 02:30:00,0.2449,0.2454,0.2439,0.2453,65747.7
2023-10-29 03:00:00,0.2453,0.2453,0.2445,0.2452,11847.4
2023-10-29 03:30:00,0.2453,0.2454,0.2438,0.2444,43030.9
2023-10-29 04:00:00,0.2445,0.2462,0.2437,0.2453,94714.6
2023-10-29 04:30:00,0.2453,0.2456,0.245,0.2456,5275.7
2023-10-29 05:00:00,0.2452,0.2455,0.245,0.245,59498.7
2023-10-29 05:30:00,0.2454,0.246,0.2454,0.2454,23905.2
2023-10-29 06:00:00,0.2454,0.2463,0.2452,0.246,42646.9
2023-10-29 06:30:00,0.246,0.247,0.2458,0.2463,213420.9
2023-10-29 07:00:00,0.2465,0.2468,0.2461,0.2466,27424.2
2023-10-29 07:30:00,0.2466,0.2475,0.2463,0.2472,42470.6
2023-10-29 08:00:00,0.2471,0.2484,0.247,0.2476,83984.5
2023-10-29 08:30:00,0.2474,0.2484,0.2473,0.2482,65052.9
2023-10-29 09:00:00,0.2482,0.2482,0.2471,0.2478,61020.4
2023-10-29 09:30:00,0.2478,0.248,0.2471,0.2475,22945.1
2023-10-29 10:00:00,0.2474,0.2476,0.2466,0.247,71961.4
2023-10-29 10:30:00,0.247,0.2475,0.247,0.2474,16163.3
2023-10-29 11:00:00,0.2473,0.2491,0.2472,0.2488,127120.5
2023-10-29 11:30:00,0.2486,0.2486,0.2481,0.2483,32424.2
2023-10-29 12:00:00,0.2483,0.2489,0.248,0.2487,114521.5
2023-10-29 12:30:00,0.2487,0.2499,0.2487,0.2499,158290.2
2023-10-29 13:00:00,0.2498,0.2504,0.2487,0.2496,144990.2
2023-10-29 13:30:00,0.2496,0.2516,0.2491,0.2513,267531.2
2023-10-29 14:00:00,0.2514,0.2541,0.2506,0.2533,372346.8
2023-10-29 14:30:00,0.2533,0.2556,0.2533,0.2551,387753.2
2023-10-29 15:00:00,0.2551,0.2564,0.2537,0.2541,257936.2
2023-10-29 15:30:00,0.2539,0.254,0.2517,0.2527,178052.7
2023-10-29 16:00:00,0.2526,0.2537,0.2517,0.2534,98395.2
2023-10-29 16:30:00,0.2532,0.2547,0.2532,0.2543,218526.5
2023-10-29 17:00:00,0.2544,0.256,0.2542,0.2556,178145.9
2023-10-29 17:30:00,0.2556,0.2566,0.2546,0.2548,196470.5
2023-10-29 18:00:00,0.2552,0.2563,0.2551,0.256,93355.0
2023-10-29 18:30:00,0.256,0.2564,0.2542,0.2555,45604.4
2023-10-29 19:00:00,0.2555,0.2557,0.2539,0.2539,80078.1
2023-10-29 19:30:00,0.2543,0.2553,0.2543,0.2547,51970.0
2023-10-29 20:00:00,0.2549,0.2556,0.2534,0.2535,33462.5
2023-10-29 20:30:00,0.2535,0.2556,0.2535,0.2556,109940.8
2023-10-29 21:00:00,0.2557,0.2565,0.2555,0.2558,66150.3
2023-10-29 21:30:00,0.2558,0.2561,0.2544,0.2545,34657.9
2023-10-29 22:00:00,0.2547,0.2557,0.2544,0.2557,20185.1
2023-10-29 22:30:00,0.2557,0.2565,0.2554,0.2559,81576.4
2023-10-29 23:00:00,0.256,0.256,0.254,0.2543,272444.9
2023-10-29 23:30:00,0.2544,0.2544,0.2528,0.2542,104326.9
2023-10-30 00:00:00,0.2543,0.2553,0.2543,0.2552,73904.0
2023-10-30 00:30:00,0.2552,0.2552,0.2531,0.2551,70016.4
2023-10-30 01:00:00,0.2552,0.2578,0.255,0.2577,342142.0
2023-10-30 01:30:00,0.2577,0.2596,0.2568,0.2596,250373.8
2023-10-30 02:00:00,0.2593,0.2599,0.2565,0.2569,277471.4
2023-10-30 02:30:00,0.2567,0.2581,0.2558,0.2566,221612.6
2023-10-30 03:00:00,0.2567,0.2574,0.2559,0.2563,23448.7
2023-10-30 03:30:00,0.2562,0.2579,0.2554,0.257,116949.2
2023-10-30 04:00:00,0.2566,0.2599,0.2563,0.2597,126671.5
2023-10-30 04:30:00,0.2597,0.2638,0.2595,0.2624,871409.3
2023-10-30 05:00:00,0.2622,0.2652,0.2611,0.2622,500973.1
2023-10-30 05:30:00,0.2622,0.263,0.2606,0.2607,79204.1
2023-10-30 06:00:00,0.2605,0.2618,0.2577,0.2587,240684.6
2023-10-30 06:30:00,0.259,0.2607,0.2578,0.2602,199426.7
2023-10-30 07:00:00,0.2603,0.2619,0.2585,0.2591,94299.0
2023-10-30 07:30:00,0.2594,0.2599,0.2589,0.2593,55502.8
2023-10-30 08:00:00,0.2593,0.2612,0.258,0.2607,87626.3
2023-10-30 08:30:00,0.2608,0.2644,0.2606,0.2626,289308.0
2023-10-30 09:00:00,0.2626,0.2635,0.2624,0.2624,193606.0
2023-10-30 09:30:00,0.2624,0.2627,0.2612,0.2618,183648.4
2023-10-30 10:00:00,0.2622,0.2626,0.261,0.2619,50802.2
2023-10-30 10:30:00,0.2622,0.2631,0.2621,0.2623,136865.7
2023-10-30 11:00:00,0.2624,0.2628,0.2613,0.2619,212709.7
2023-10-30 11:30:00,0.2617,0.2622,0.2611,0.2615,193613.5
2023-10-30 12:00:00,0.2614,0.2638,0.2614,0.2636,262296.4
2023-10-30 12:30:00,0.2639,0.2641,0.2609,0.2612,91519.1
2023-10-30 13:00:00,0.2609,0.2625,0.2603,0.2616,69081.4
2023-10-30 13:30:00,0.2616,0.2621,0.2604,0.2609,311493.3
2023-10-30 14:00:00,0.2609,0.2615,0.2588,0.2596,385503.7
2023-10-30 14:30:00,0.2597,0.2599,0.258,0.259,71591.9
2023-10-30 15:00:00,0.259,0.2594,0.2575,0.2578,54000.5
2023-10-30 15:30:00,0.2578,0.2597,0.2577,0.2596,66094.0
2023-10-30 16:00:00,0.2594,0.26,0.2581,0.2581,39162.5
2023-10-30 16:30:00,0.2587,0.2592,0.2569,0.2589,64131.8
2023-10-30 17:00:00,0.2589,0.259,0.253,0.2556,392487.4
2023-10-30 17:30:00,0.2554,0.257,0.2554,0.2568,70004.7
2023-10-30 18:00:00,0.2567,0.2571,0.2558,0.2558,24152.0
2023-10-30 18:30:00,0.2559,0.257,0.2559,0.2563,18053.4
2023-10-30 19:00:00,0.2565,0.2577,0.2564,0.2576,55525.8
2023-10-30 19:30:00,0.2576,0.2582,0.2574,0.2579,40859.3
2023-10-30 20:00:00,0.2582,0.2584,0.2572,0.258,64668.6
2023-10-30 20:30:00,0.2577,0.259,0.2577,0.2589,30509.2
2023-10-30 21:00:00,0.2589,0.2593,0.2578,0.2591,13429.3
2023-10-30 21:30:00,0.2595,0.2605,0.2595,0.2605,39102.7
2023-10-30 22:00:00,0.2605,0.2606,0.2596,0.2598,44277.5
2023-10-30 22:30:00,0.26,0.2605,0.26,0.2601,4748.3
2023-10-30 23:00:00,0.2603,0.2607,0.26,0.2603,98343.6
2023-10-30 23:30:00,0.2603,0.2608,0.2602,0.2608,24981.7
2023-10-31 00:00:00,0.2608,0.2625,0.2595,0.2623,123682.1
2023-10-31 00:30:00,0.2625,0.2638,0.2613,0.2626,151065.5
2023-10-31 01:00:00,0.2628,0.2631,0.2613,0.2622,76551.2
2023-10-31 01:30:00,0.262,0.264,0.262,0.2634,171133.3
2023-10-31 02:00:00,0.2635,0.2639,0.2614,0.2622,183971.4
2023-10-31 02:30:00,0.2615,0.2617,0.2589,0.2603,137473.3
2023-10-31 03:00:00,0.2602,0.261,0.2591,0.2596,36126.5
2023-10-31 03:30:00,0.2599,0.2602,0.2572,0.2572,93994.0
2023-10-31 04:00:00,0.2582,0.2594,0.2572,0.2594,136710.8
2023-10-31 04:30:00,0.2596,0.2614,0.259,0.2597,105640.6
2023-10-31 05:00:00,0.2597,0.2604,0.2578,0.2601,127226.4
2023-10-31 05:30:00,0.2601,0.2611,0.2595,0.261,74573.3
2023-10-31 06:00:00,0.261,0.2619,0.2594,0.2604,691742.4
2023-10-31 06:30:00,0.2605,0.2606,0.2584,0.2588,82574.8
2023-10-31 07:00:00,0.2584,0.2592,0.257,0.2572,55080.2
2023-10-31 07:30:00,0.2569,0.2574,0.2541,0.2556,432846.2
2023-10-31 08:00:00,0.2556,0.2558,0.2518,0.2558,453803.5
2023-10-31 08:30:00,0.2557,0.2584,0.2557,0.2584,122561.1
2023-10-31 09:00:00,0.2583,0.2586,0.2569,0.257,89173.6
2023-10-31 09:30:00,0.257,0.2583,0.257,0.2581,59077.7
2023-10-31 10:00:00,0.2582,0.2594,0.2576,0.2587,36389.3
2023-10-31 10:30:00,0.2587,0.2598,0.2587,0.2588,44544.1
2023-10-31 11:00:00,0.2589,0.2601,0.2583,0.2595,80872.6
2023-10-31 11:30:00,0.2595,0.2614,0.2595,0.2599,124800.5
2023-10-31 12:00:00,0.26,0.2604,0.2577,0.2588,248462.8
2023-10-31 12:30:00,0.2587,0.2598,0.255,0.256,240570.9
2023-10-31 13:00:00,0.2559,0.2559,0.2522,0.2533,429012.4
2023-10-31 13:30:00,0.2533,0.2533,0.2464,0.2508,641253.8
2023-10-31 14:00:00,0.2506,0.2525,0.2487,0.2505,103472.7
2023-10-31 14:30:00,0.2506,0.2513,0.2488,0.2492,117700.1
2023-10-31 15:00:00,0.2492,0.2498,0.2397,0.244,619082.5
2023-10-31 15:30:00,0.2439,0.2457,0.2418,0.2434,208165.3
2023-10-31 16:00:00,0.2433,0.2455,0.2414,0.2451,158808.6
2023-10-31 16:30:00,0.2453,0.2472,0.2443,0.2459,232625.9
2023-10-31 17:00:00,0.2459,0.2464,0.2451,0.246,37970.1
2023-10-31 17:30:00,0.2462,0.2463,0.245,0.2451,62174.2
2023-10-31 18:00:00,0.2451,0.2454,0.2437,0.2439,58928.3
2023-10-31 18:30:00,0.2438,0.2472,0.2435,0.2462,249803.0
2023-10-31 19:00:00,0.2463,0.2476,0.2461,0.2469,199703.0
2023-10-31 19:30:00,0.2468,0.2469,0.2452,0.2457,21671.1
2023-10-31 20:00:00,0.2458,0.2475,0.2455,0.2472,35587.5
2023-10-31 20:30:00,0.2474,0.2485,0.2469,0.2472,39146.8
2023-10-31 21:00:00,0.2473,0.2477,0.2462,0.2469,44543.5
2023-10-31 21:30:00,0.2466,0.2468,0.2433,0.2445,79547.5
2023-10-31 22:00:00,0.2447,0.2466,0.2447,0.2466,45322.2
2023-10-31 22:30:00,0.2464,0.2473,0.2462,0.2468,16020.6
2023-10-31 23:00:00,0.2465,0.2468,0.2458,0.246,57930.2
2023-10-31 23:30:00,0.2461,0.2469,0.2456,0.2464,65165.5
2023-11-01 00:00:00,0.2463,0.2468,0.245,0.2458,76033.6
2023-11-01 00:30:00,0.2458,0.248,0.2458,0.2464,191911.5
2023-11-01 01:00:00,0.2465,0.2465,0.2449,0.2457,32426.9
2023-11-01 01:30:00,0.246,0.2465,0.2444,0.2446,72634.4
2023-11-01 02:00:00,0.2445,0.2448,0.2439,0.2441,149645.7
2023-11-01 02:30:00,0.2444,0.2449,0.2436,0.2436,67963.0
2023-11-01 03:00:00,0.2438,0.2443,0.2427,0.2433,106662.1
2023-11-01 03:30:00,0.2432,0.2439,0.242,0.243,43539.0
2023-11-01 04:00:00,0.243,0.2436,0.242,0.2434,29223.6
2023-11-01 04:30:00,0.2434,0.2437,0.2424,0.2429,29583.2
2023-11-01 05:00:00,0.2431,0.2431,0.24,0.2416,127180.4
2023-11-01 05:30:00,0.2416,0.2416,0.2385,0.2389,261569.6
2023-11-01 06:00:00,0.2389,0.2409,0.238,0.2403,111231.2
2023-11-01 06:30:00,0.2403,0.2411,0.24,0.2403,136796.2
2023-11-01 07:00:00,0.2405,0.2406,0.2393,0.2394,97317.4
2023-11-01 07:30:00,0.2394,0.2404,0.2385,0.2387,166998.9
2023-11-01 08:00:00,0.2387,0.24,0.2382,0.2398,74283.7
2023-11-01 08:30:00,0.2397,0.2401,0.239,0.239,33357.2
2023-11-01 09:00:00,0.2391,0.2393,0.2383,0.2393,107736.7
2023-11-01 09:30:00,0.2391,0.2401,0.2388,0.2401,70663.6
2023-11-01 10:00:00,0.24,0.2401,0.2383,0.2383,117038.9
2023-11-01 10:30:00,0.2385,0.2385,0.2354,0.2362,354689.7
2023-11-01 11:00:00,0.236,0.237,0.2355,0.2368,89833.1
2023-11-01 11:30:00,0.2368,0.2387,0.2367,0.2383,66789.7
2023-11-01 12:00:00,0.2382,0.2382,0.2345,0.2353,187961.5
2023-11-01 12:30:00,0.2354,0.2407,0.235,0.24,174170.5
2023-11-01 13:00:00,0.2399,0.2437,0.239,0.24,386072.5
2023-11-01 13:30:00,0.2403,0.2405,0.237,0.2386,123500.9
2023-11-01 14:00:00,0.2388,0.2394,0.2378,0.239,48701.8
2023-11-01 14:30:00,0.2388,0.24,0.2343,0.2355,313241.2
2023-11-01 15:00:00,0.2354,0.2371,0.2354,0.236,61063.9
2023-11-01 15:30:00,0.236,0.2372,0.2354,0.2366,61736.8
2023-11-01 16:00:00,0.2368,0.238,0.2365,0.2379,56841.8
2023-11-01 16:30:00,0.2378,0.2387,0.2372,0.2374,22765.1
2023-11-01 17:00:00,0.2377,0.2381,0.2369,0.2374,18145.8
2023-11-01 17:30:00,0.2372,0.2399,0.2366,0.2397,55334.5
2023-11-01 18:00:00,0.2397,0.2434,0.2387,0.2432,134845.7
2023-11-01 18:30:00,0.2431,0.2451,0.2418,0.2439,265035.2
2023-11-01 19:00:00,0.2441,0.2459,0.2435,0.2459,98376.0
2023-11-01 19:30:00,0.2458,0.2467,0.2431,0.2447,253663.5
2023-11-01 20:00:00,0.2449,0.2476,0.2449,0.2466,216853.1
2023-11-01 20:30:00,0.2467,0.249,0.2462,0.2489,162270.6
2023-11-01 21:00:00,0.2489,0.2506,0.2472,0.249,229391.3
2023-11-01 21:30:00,0.2489,0.2499,0.2487,0.2498,40557.5
2023-11-01 22:00:00,0.2498,0.2507,0.2489,0.2493,91229.3
2023-11-01 22:30:00,0.2494,0.2497,0.2468,0.2476,56395.9
2023-11-01 23:00:00,0.2476,0.248,0.2465,0.2475,33263.6
2023-11-01 23:30:00,0.2475,0.2483,0.247,0.2483,22430.3
2023-11-02 00:00:00,0.2483,0.2494,0.2477,0.2493,100798.6
2023-11-02 00:30:00,0.2493,0.2496,0.2469,0.2492,52979.7
2023-11-02 01:00:00,0.2491,0.2523,0.2491,0.2523,97845.8
2023-11-02 01:30:00,0.2523,0.2535,0.2517,0.253,255242.4
2023-11-02 02:00:00,0.2532,0.2534,0.2515,0.2519,72074.6
2023-11-02 02:30:00,0.2522,0.2549,0.252,0.2548,96305.8
2023-11-02 03:00:00,0.2549,0.2575,0.2536,0.2562,280722.5
2023-11-02 03:30:00,0.2566,0.2571,0.2554,0.2558,46549.4
2023-11-02 04:00:00,0.2561,0.2569,0.2551,0.2551,123016.5
2023-11-02 04:30:00,0.255,0.2559,0.2531,0.2538,137308.4
2023-11-02 05:00:00,0.2535,0.2537,0.2482,0.2491,265540.9
2023-11-02 05:30:00,0.2492,0.2501,0.2483,0.2484,136781.8
2023-11-02 06:00:00,0.2488,0.251,0.2477,0.251,170306.0
2023-11-02 06:30:00,0.2508,0.2513,0.249,0.2506,100824.0
2023-11-02 07:00:00,0.2506,0.2513,0.25,0.2506,31321.1
2023-11-02 07:30:00,0.2506,0.2518,0.2502,0.2505,179082.4
2023-11-02 08:00:00,0.2508,0.2515,0.2483,0.2491,77279.8
2023-11-02 08:30:00,0.2497,0.2517,0.2497,0.2516,88690.3
2023-11-02 09:00:00,0.2517,0.2522,0.2512,0.2522,56930.4
2023-11-02 09:30:00,0.2522,0.2529,0.2515,0.2525,122934.5
2023-11-02 10:00:00,0.2524,0.2532,0.2517,0.2526,54650.0
2023-11-02 10:30:00,0.2526,0.2527,0.2508,0.2511,37370.3
2023-11-02 11:00:00,0.2512,0.2519,0.2502,0.2505,138304.8
2023-11-02 11:30:00,0.2509,0.2519,0.2505,0.2513,107645.5
2023-11-02 12:00:00,0.2513,0.2518,0.2504,0.2504,62166.4
2023-11-02 12:30:00,0.2507,0.2519,0.2505,0.2509,38884.8
2023-11-02 13:00:00,0.2508,0.2513,0.2452,0.247,324895.6
2023-11-02 13:30:00,0.2471,0.2483,0.2441,0.2459,159201.1
2023-11-02 14:00:00,0.2463,0.2496,0.2445,0.2468,815195.2
2023-11-02 14:30:00,0.2468,0.2483,0.2428,0.2433,895340.8
2023-11-02 15:00:00,0.2435,0.2435,0.2392,0.2406,263542.9
2023-11-02 15:30:00,0.2404,0.2425,0.2393,0.2402,162872.0
2023-11-02 16:00:00,0.2399,0.2421,0.2381,0.239,200473.3
2023-11-02 16:30:00,0.239,0.2412,0.2367,0.241,257832.5
2023-11-02 17:00:00,0.241,0.2425,0.2405,0.2422,150337.4
2023-11-02 17:30:00,0.2423,0.2449,0.2423,0.2446,224424.2
2023-11-02 18:00:00,0.2447,0.245,0.2431,0.2443,60018.5
2023-11-02 18:30:00,0.2442,0.2451,0.2439,0.2439,54001.9
2023-11-02 19:00:00,0.2437,0.2448,0.2434,0.2446,91316.3
2023-11-02 19:30:00,0.2442,0.2455,0.2436,0.2454,104884.0
2023-11-02 20:00:00,0.2454,0.2456,0.2435,0.2439,43954.9
2023-11-02 20:30:00,0.2434,0.2443,0.243,0.2441,34449.1
2023-11-02 21:00:00,0.244,0.244,0.242,0.2425,46053.6
2023-11-02 21:30:00,0.2427,0.2435,0.2421,0.2435,16833.7
2023-11-02 22:00:00,0.2437,0.2441,0.2421,0.2427,35405.0
2023-11-02 22:30:00,0.2427,0.2429,0.2416,0.2417,20465.4
2023-11-02 23:00:00,0.2421,0.2427,0.2413,0.2427,4179.1
2023-11-02 23:30:00,0.2427,0.2431,0.2415,0.2424,81465.7
2023-11-03 00:00:00,0.2423,0.2423,0.2389,0.2395,208723.2
2023-11-03 00:30:00,0.2396,0.2404,0.2363,0.2374,234403.1
2023-11-03 01:00:00,0.2375,0.2377,0.2328,0.236,267868.5
2023-11-03 01:30:00,0.2364,0.2377,0.235,0.2369,45832.4
2023-11-03 02:00:00,0.2362,0.2383,0.2361,0.2382,27437.2
2023-11-03 02:30:00,0.2382,0.239,0.2376,0.2389,30189.0
2023-11-03 03:00:00,0.2388,0.2388,0.2376,0.2381,19297.3
2023-11-03 03:30:00,0.238,0.2389,0.238,0.2387,23698.9
2023-11-03 04:00:00,0.2383,0.2385,0.2371,0.2378,12323.5
2023-11-03 04:30:00,0.2378,0.2378,0.2357,0.2365,99615.0
2023-11-03 05:00:00,0.2365,0.2378,0.2357,0.2378,64565.5
2023-11-03 05:30:00,0.2377,0.2396,0.2375,0.2393,126953.7
2023-11-03 06:00:00,0.2398,0.2411,0.2396,0.2409,63083.4
2023-11-03 06:30:00,0.2407,0.2407,0.239,0.2396,16744.0
2023-11-03 07:00:00,0.2393,0.2396,0.2382,0.2396,53735.2
2023-11-03 07:30:00,0.2397,0.2403,0.2389,0.239,49039.4
2023-11-03 08:00:00,0.2386,0.2398,0.2371,0.2391,141976.5
2023-11-03 08:30:00,0.2391,0.2392,0.2362,0.2384,60071.5
2023-11-03 09:00:00,0.2382,0.2384,0.2371,0.2376,23145.9
2023-11-03 09:30:00,0.2377,0.2378,0.2362,0.2363,73626.2
2023-11-03 10:00:00,0.2364,0.2376,0.235,0.2362,233163.2
2023-11-03 10:30:00,0.2362,0.2415,0.2359,0.2411,1439861.0
2023-11-03 11:00:00,0.2411,0.2433,0.24,0.242,1014913.5
2023-11-03 11:30:00,0.2418,0.2441,0.2414,0.2426,355278.3
2023-11-03 12:00:00,0.2424,0.2424,0.2408,0.2417,174210.3
2023-11-03 12:30:00,0.2423,0.2439,0.2423,0.2435,114930.7
2023-11-03 13:00:00,0.2435,0.244,0.2418,0.2419,115021.8
2023-11-03 13:30:00,0.2418,0.2437,0.2418,0.2437,107470.4
2023-11-03 14:00:00,0.2436,0.245,0.2426,0.245,110137.2
2023-11-03 14:30:00,0.2449,0.2459,0.2441,0.245,130904.6
2023-11-03 15:00:00,0.2451,0.2458,0.2437,0.2457,42303.8
2023-11-03 15:30:00,0.2457,0.2474,0.2449,0.2471,160171.4
2023-11-03 16:00:00,0.2471,0.2482,0.2459,0.2473,169528.4
2023-11-03 16:30:00,0.2473,0.2475,0.2462,0.247,39138.0
2023-11-03 17:00:00,0.247,0.2473,0.2457,0.2463,53439.7
2023-11-03 17:30:00,0.2463,0.2467,0.2443,0.2462,124278.1
2023-11-03 18:00:00,0.2459,0.2486,0.2459,0.2485,75898.7
2023-11-03 18:30:00,0.2485,0.2488,0.2476,0.248,68415.4
2023-11-03 19:00:00,0.2478,0.249,0.2477,0.249,48194.2
2023-11-03 19:30:00,0.2488,0.2496,0.2485,0.2496,28635.6
2023-11-03 20:00:00,0.2495,0.251,0.2495,0.2503,310426.0
2023-11-03 20:30:00,0.2503,0.2518,0.2496,0.2508,98963.0
2023-11-03 21:00:00,0.2508,0.252,0.2508,0.252,71594.2
2023-11-03 21:30:00,0.252,0.2524,0.2513,0.2515,41573.2
2023-11-03 22:00:00,0.2516,0.2525,0.2515,0.2517,173226.5
2023-11-03 22:30:00,0.2518,0.2526,0.2515,0.2523,58505.7
2023-11-03 23:00:00,0.2527,0.2534,0.2518,0.2532,54200.1
2023-11-03 23:30:00,0.2535,0.2559,0.2533,0.2551,156613.8
2023-11-04 00:00:00,0.2552,0.2577,0.2544,0.2572,159312.5
2023-11-04 00:30:00,0.2573,0.2573,0.2546,0.2562,95064.8
2023-11-04 01:00:00,0.2563,0.257,0.2548,0.2558,27934.7
2023-11-04 01:30:00,0.2556,0.2572,0.2545,0.2572,43943.6
2023-11-04 02:00:00,0.2573,0.258,0.2566,0.2566,63991.0
2023-11-04 02:30:00,0.2563,0.2576,0.2562,0.2572,38306.4
2023-11-04 03:00:00,0.257,0.2571,0.2557,0.2558,64349.1
2023-11-04 03:30:00,0.2558,0.2573,0.2556,0.2573,26187.3
2023-11-04 04:00:00,0.2572,0.2577,0.2564,0.2566,22052.1
2023-11-04 04:30:00,0.2565,0.2565,0.2548,0.2553,33237.0
2023-11-04 05:00:00,0.2553,0.2553,0.2535,0.2539,79438.8
2023-11-04 05:30:00,0.2538,0.2552,0.2535,0.2552,64537.2
2023-11-04 06:00:00,0.2551,0.2569,0.2549,0.256,163792.6
2023-11-04 06:30:00,0.256,0.2624,0.2555,0.2604,310163.0
2023-11-04 07:00:00,0.2607,0.2633,0.2607,0.2622,219536.8
2023-11-04 07:30:00,0.2624,0.2626,0.2591,0.2594,168504.6
2023-11-04 08:00:00,0.2596,0.2598,0.2572,0.2583,240483.2
2023-11-04 08:30:00,0.258,0.259,0.2578,0.259,122697.0
2023-11-04 09:00:00,0.2591,0.2605,0.2589,0.2594,97871.7
2023-11-04 09:30:00,0.2596,0.2607,0.2593,0.2593,83751.1
2023-11-04 10:00:00,0.2593,0.2596,0.2578,0.259,107271.0
2023-11-04 10:30:00,0.2592,0.2598,0.2587,0.2592,100582.4
2023-11-04 11:00:00,0.2592,0.2601,0.2579,0.2582,60536.3
2023-11-04 11:30:00,0.2582,0.2597,0.2579,0.2579,173513.1
2023-11-04 12:00:00,0.258,0.2595,0.2578,0.2593,54139.5
2023-11-04 12:30:00,0.2592,0.2598,0.2591,0.2595,75096.0
2023-11-04 13:00:00,0.2596,0.2596,0.2585,0.2589,210038.7
2023-11-04 13:30:00,0.2587,0.2589,0.2581,0.2587,214151.0
2023-11-04 14:00:00,0.2587,0.259,0.255,0.2565,138157.3
2023-11-04 14:30:00,0.2567,0.2578,0.2555,0.2557,206186.6
2023-11-04 15:00:00,0.2558,0.2559,0.2542,0.2549,173005.0
2023-11-04 15:30:00,0.2549,0.2565,0.2549,0.2562,41496.2
2023-11-04 16:00:00,0.2557,0.2568,0.2554,0.2563,78544.5
2023-11-04 16:30:00,0.2566,0.2571,0.2556,0.2557,21006.4
2023-11-04 17:00:00,0.2557,0.2567,0.2555,0.2563,18233.6
2023-11-04 17:30:00,0.256,0.256,0.2548,0.255,292171.1
2023-11-04 18:00:00,0.2549,0.255,0.2526,0.2532,262143.9
2023-11-04 18:30:00,0.2532,0.2543,0.2523,0.2537,245923.5
2023-11-04 19:00:00,0.2539,0.2542,0.2523,0.2527,408612.2
2023-11-04 19:30:00,0.2527,0.2537,0.2527,0.2532,80523.6
2023-11-04 20:00:00,0.2529,0.254,0.2527,0.2535,17348.2
2023-11-04 20:30:00,0.2536,0.2542,0.2536,0.2541,30167.9
2023-11-04 21:00:00,0.2538,0.2563,0.2538,0.2559,48360.4
2023-11-04 21:30:00,0.2559,0.2559,0.2552,0.2557,9379.1
2023-11-04 22:00:00,0.2557,0.2565,0.2555,0.2565,29618.5
2023-11-04 22:30:00,0.2565,0.2571,0.2556,0.2569,27554.5
2023-11-04 23:00:00,0.2571,0.2584,0.2563,0.2563,228948.6
2023-11-04 23:30:00,0.2565,0.2572,0.2549,0.2566,146458.9
2023-11-05 00:00:00,0.2568,0.2573,0.2546,0.2559,80944.8
2023-11-05 00:30:00,0.2561,0.2577,0.2561,0.2577,43410.1
2023-11-05 01:00:00,0.2577,0.2591,0.2572,0.2575,41747.2
2023-11-05 01:30:00,0.2576,0.2585,0.2574,0.2583,24940.8
2023-11-05 02:00:00,0.2586,0.2586,0.2561,0.257,190330.0
2023-11-05 02:30:00,0.2569,0.2577,0.2563,0.2572,72840.8
2023-11-05 03:00:00,0.2576,0.2579,0.2571,0.2576,29483.5
2023-11-05 03:30:00,0.2577,0.2581,0.2558,0.2574,325872.8
2023-11-05 04:00:00,0.2576,0.2586,0.2568,0.2581,75561.9
2023-11-05 04:30:00,0.2579,0.2583,0.2569,0.2582,23544.8
2023-11-05 05:00:00,0.2578,0.2593,0.2575,0.2587,30919.6
2023-11-05 05:30:00,0.2588,0.2621,0.2586,0.2611,591227.2
2023-11-05 06:00:00,0.2612,0.2614,0.2591,0.2594,113270.5
2023-11-05 06:30:00,0.2596,0.26,0.2587,0.2593,279776.1
2023-11-05 07:00:00,0.2595,0.2613,0.2593,0.2612,71947.7
2023-11-05 07:30:00,0.2613,0.2614,0.2592,0.2598,494813.7
2023-11-05 08:00:00,0.2596,0.26,0.2584,0.2595,255583.5
2023-11-05 08:30:00,0.2596,0.2609,0.2576,0.2576,324201.3
2023-11-05 09:00:00,0.2577,0.2612,0.2577,0.2607,428879.5
2023-11-05 09:30:00,0.2611,0.264,0.2609,0.2625,1337816.8
2023-11-05 10:00:00,0.2627,0.2661,0.2618,0.2646,1032618.1
2023-11-05 10:30:00,0.2647,0.2647,0.2631,0.2634,114715.3
2023-11-05 11:00:00,0.2633,0.2636,0.2614,0.2623,67244.6
2023-11-05 11:30:00,0.2623,0.2641,0.2623,0.2628,119421.8
2023-11-05 12:00:00,0.2626,0.2632,0.2604,0.262,172896.7
2023-11-05 12:30:00,0.262,0.2629,0.2616,0.2625,83647.4
2023-11-05 13:00:00,0.2624,0.2647,0.2608,0.2609,250977.7
2023-11-05 13:30:00,0.2607,0.2622,0.2543,0.2559,264952.2
2023-11-05 14:00:00,0.2559,0.2592,0.2557,0.259,122919.3
2023-11-05 14:30:00,0.2585,0.2602,0.2573,0.2594,163984.5
2023-11-05 15:00:00,0.2594,0.2623,0.2585,0.2619,357526.6
2023-11-05 15:30:00,0.2619,0.2625,0.2601,0.2621,76374.1
2023-11-05 16:00:00,0.262,0.2636,0.2619,0.2632,252059.6
2023-11-05 16:30:00,0.2631,0.2645,0.2629,0.2633,221625.3
2023-11-05 17:00:00,0.2634,0.2665,0.2632,0.2654,665121.7
2023-11-05 17:30:00,0.2647,0.2653,0.2635,0.2646,91335.2
2023-11-05 18:00:00,0.2644,0.2644,0.2629,0.2632,81797.4
2023-11-05 18:30:00,0.2632,0.2634,0.262,0.2622,290425.4
2023-11-05 19:00:00,0.2624,0.2628,0.2616,0.2619,74170.5
2023-11-05 19:30:00,0.2618,0.2627,0.2611,0.2611,77585.8
2023-11-05 20:00:00,0.2611,0.2633,0.261,0.2628,79882.4
2023-11-05 20:30:00,0.263,0.2631,0.2608,0.2615,52469.4
2023-11-05 21:00:00,0.2615,0.2617,0.26,0.2603,76297.2
2023-11-05 21:30:00,0.2603,0.2613,0.2579,0.2593,165066.2
2023-11-05 22:00:00,0.2589,0.2613,0.2588,0.2613,86787.5
2023-11-05 22:30:00,0.2611,0.2622,0.2608,0.2622,15759.4
2023-11-05 23:00:00,0.2626,0.2656,0.2626,0.2642,156557.8
2023-11-05 23:30:00,0.2644,0.265,0.2634,0.2635,23406.5
2023-11-06 00:00:00,0.2638,0.2639,0.2616,0.263,86471.2
2023-11-06 00:30:00,0.2633,0.2643,0.2628,0.2643,37086.1
2023-11-06 01:00:00,0.2644,0.2682,0.2643,0.2678,383825.8
2023-11-06 01:30:00,0.2676,0.2678,0.2637,0.2644,100066.5
2023-11-06 02:00:00,0.2643,0.2679,0.2643,0.2663,96731.8
2023-11-06 02:30:00,0.2661,0.2671,0.2653,0.2668,30297.4
2023-11-06 03:00:00,0.267,0.267,0.2654,0.2664,111855.6
2023-11-06 03:30:00,0.2664,0.2678,0.2659,0.2668,67587.0
2023-11-06 04:00:00,0.267,0.2677,0.2642,0.2647,95538.8
2023-11-06 04:30:00,0.2646,0.2652,0.2636,0.2652,94808.1
2023-11-06 05:00:00,0.2654,0.2656,0.26,0.2606,132729.4
2023-11-06 05:30:00,0.2604,0.2641,0.2602,0.2629,178284.1
2023-11-06 06:00:00,0.2631,0.2636,0.2617,0.2624,40032.1
2023-11-06 06:30:00,0.2625,0.2634,0.2622,0.2632,16212.0
2023-11-06 07:00:00,0.263,0.2634,0.2611,0.2614,90282.8
2023-11-06 07:30:00,0.2614,0.2628,0.2613,0.2628,34122.4
2023-11-06 08:00:00,0.2628,0.2631,0.2608,0.262,83061.3
2023-11-06 08:30:00,0.2622,0.2644,0.2619,0.2644,67697.8
2023-11-06 09:00:00,0.2643,0.2657,0.2633,0.2654,312821.0
2023-11-06 09:30:00,0.2655,0.2666,0.2653,0.2659,78593.8
2023-11-06 10:00:00,0.2658,0.2681,0.2658,0.2681,135025.5
2023-11-06 10:30:00,0.2682,0.2692,0.2665,0.2691,101787.6
2023-11-06 11:00:00,0.2692,0.2698,0.2678,0.2695,96816.1
2023-11-06 11:30:00,0.2695,0.2745,0.2694,0.2706,1537435.1
2023-11-06 12:00:00,0.2706,0.2707,0.2684,0.2695,189971.0
2023-11-06 12:30:00,0.2695,0.2738,0.2689,0.2733,455548.5
2023-11-06 13:00:00,0.2733,0.2735,0.2702,0.2712,258368.0
2023-11-06 13:30:00,0.2712,0.2729,0.2702,0.2726,84344.5
2023-11-06 14:00:00,0.2725,0.2736,0.2722,0.273,81450.9
2023-11-06 14:30:00,0.2731,0.2737,0.2718,0.2723,40942.1
2023-11-06 15:00:00,0.2726,0.2731,0.2714,0.2717,105590.3
2023-11-06 15:30:00,0.2717,0.2717,0.27,0.2713,94164.5
2023-11-06 16:00:00,0.2711,0.2716,0.2688,0.2696,181893.5
2023-11-06 16:30:00,0.2698,0.2713,0.2697,0.2709,93554.0
2023-11-06 17:00:00,0.271,0.2721,0.2697,0.2706,187172.1
2023-11-06 17:30:00,0.2706,0.2711,0.2697,0.2703,119267.4
2023-11-06 18:00:00,0.2704,0.2706,0.269,0.2694,91977.2
2023-11-06 18:30:00,0.2696,0.2717,0.2692,0.2711,32451.0
2023-11-06 19:00:00,0.2712,0.2724,0.2708,0.2723,24281.2
2023-11-06 19:30:00,0.2723,0.2739,0.2723,0.2735,85610.2
2023-11-06 20:00:00,0.2738,0.2738,0.2719,0.2719,42282.7
2023-11-06 20:30:00,0.2719,0.2742,0.2719,0.2742,46764.5
2023-11-06 21:00:00,0.274,0.2743,0.2707,0.2718,116856.6
2023-11-06 21:30:00,0.2718,0.2724,0.2718,0.2722,33909.2
2023-11-06 22:00:00,0.2724,0.2739,0.2722,0.2734,19151.3
2023-11-06 22:30:00,0.2734,0.2745,0.2732,0.2744,73030.0
2023-11-06 23:00:00,0.2743,0.2745,0.2726,0.2726,84401.0
2023-11-06 23:30:00,0.273,0.2738,0.2724,0.2738,58896.0
2023-11-07 00:00:00,0.2736,0.2738,0.2713,0.2719,55554.1
2023-11-07 00:30:00,0.2719,0.2719,0.2672,0.2706,181911.4
2023-11-07 01:00:00,0.2705,0.2755,0.2704,0.2749,242961.0
2023-11-07 01:30:00,0.2748,0.2784,0.2745,0.2765,485235.6
2023-11-07 02:00:00,0.2764,0.2794,0.2737,0.2747,235592.4
2023-11-07 02:30:00,0.2745,0.2746,0.2704,0.2704,146772.8
2023-11-07 03:00:00,0.2704,0.2739,0.2696,0.2739,70969.0
2023-11-07 03:30:00,0.2734,0.2734,0.2725,0.2734,47772.5
2023-11-07 04:00:00,0.2732,0.2732,0.2708,0.271,39538.3
2023-11-07 04:30:00,0.2709,0.2719,0.2693,0.2715,70953.6
2023-11-07 05:00:00,0.2716,0.2718,0.2704,0.2707,51640.8
2023-11-07 05:30:00,0.2707,0.273,0.2705,0.273,29596.7
2023-11-07 06:00:00,0.273,0.2741,0.2721,0.273,91504.8
2023-11-07 06:30:00,0.273,0.2761,0.2727,0.2761,155071.8
2023-11-07 07:00:00,0.2761,0.2762,0.2729,0.2732,193335.0
2023-11-07 07:30:00,0.2736,0.274,0.272,0.2736,71340.7
2023-11-07 08:00:00,0.2736,0.2765,0.2725,0.2757,275230.9
2023-11-07 08:30:00,0.2758,0.2771,0.2741,0.2743,310579.7
2023-11-07 09:00:00,0.2742,0.2747,0.2702,0.2713,238458.4
2023-11-07 09:30:00,0.2711,0.2711,0.2669,0.2678,464423.1
2023-11-07 10:00:00,0.2677,0.2689,0.2663,0.2689,179115.9
2023-11-07 10:30:00,0.2685,0.2693,0.265,0.266,140901.3
2023-11-07 11:00:00,0.2656,0.2679,0.265,0.2675,342139.5
2023-11-07 11:30:00,0.2676,0.2677,0.266,0.266,23399.4
2023-11-07 12:00:00,0.2665,0.2672,0.264,0.2665,128707.6
2023-11-07 12:30:00,0.2667,0.2691,0.2664,0.2688,70374.6
2023-11-07 13:00:00,0.2688,0.2688,0.2671,0.2673,54255.5
2023-11-07 13:30:00,0.2668,0.2673,0.2652,0.2672,81853.4
2023-11-07 14:00:00,0.2673,0.2694,0.267,0.2689,94038.7
2023-11-07 14:30:00,0.2687,0.2687,0.2665,0.2675,94756.8
2023-11-07 15:00:00,0.2676,0.2676,0.2606,0.262,201542.4
2023-11-07 15:30:00,0.2622,0.2622,0.2577,0.26,398415.6
2023-11-07 16:00:00,0.26,0.261,0.2594,0.2601,121829.7
2023-11-07 16:30:00,0.2601,0.2601,0.2562,0.2563,192130.3
2023-11-07 17:00:00,0.2562,0.2577,0.2541,0.2574,373724.5
2023-11-07 17:30:00,0.2575,0.2604,0.2568,0.2604,97415.6
2023-11-07 18:00:00,0.2604,0.2644,0.2604,0.2637,115406.5
2023-11-07 18:30:00,0.2638,0.2655,0.2633,0.2652,111754.5
2023-11-07 19:00:00,0.2654,0.2668,0.2643,0.2648,43805.4
2023-11-07 19:30:00,0.2648,0.2663,0.2646,0.2663,24455.8
2023-11-07 20:00:00,0.2667,0.2672,0.2657,0.266,34351.0
2023-11-07 20:30:00,0.2665,0.2698,0.2663,0.2695,109244.8
2023-11-07 21:00:00,0.2695,0.2696,0.2675,0.2691,111481.7
2023-11-07 21:30:00,0.2689,0.2702,0.2686,0.2697,95173.0
2023-11-07 22:00:00,0.2696,0.2696,0.2663,0.2673,65171.9
2023-11-07 22:30:00,0.2672,0.2674,0.2647,0.2656,83248.5
2023-11-07 23:00:00,0.2657,0.2683,0.2647,0.2653,196171.9
2023-11-07 23:30:00,0.2653,0.2658,0.2642,0.2647,173827.9
2023-11-08 00:00:00,0.2649,0.2652,0.2632,0.2639,74290.3
2023-11-08 00:30:00,0.2637,0.2638,0.2615,0.2635,124467.4
2023-11-08 01:00:00,0.2639,0.2651,0.2633,0.2651,51946.8
2023-11-08 01:30:00,0.2649,0.2654,0.2645,0.2647,16160.1
2023-11-08 02:00:00,0.2648,0.2656,0.2643,0.2652,99468.1
2023-11-08 02:30:00,0.2653,0.2653,0.2642,0.2643,27985.2
2023-11-08 03:00:00,0.2644,0.2648,0.2632,0.2641,63850.9
2023-11-08 03:30:00,0.2641,0.2645,0.2629,0.2636,42010.5
2023-11-08 04:00:00,0.2636,0.2643,0.2616,0.2623,345685.7
2023-11-08 04:30:00,0.2625,0.2634,0.2606,0.2625,531797.1
2023-11-08 05:00:00,0.2627,0.2627,0.2616,0.2625,73945.5
2023-11-08 05:30:00,0.2626,0.2626,0.2613,0.2621,67714.7
2023-11-08 06:00:00,0.262,0.2622,0.2599,0.2621,80125.5
2023-11-08 06:30:00,0.2622,0.265,0.2622,0.2649,98492.5
2023-11-08 07:00:00,0.2651,0.2695,0.2641,0.2694,329603.2
2023-11-08 07:30:00,0.2694,0.2719,0.269,0.2697,236444.4
2023-11-08 08:00:00,0.2697,0.27,0.2675,0.2688,150319.3
2023-11-08 08:30:00,0.2688,0.2704,0.2688,0.2696,79508.0
2023-11-08 09:00:00,0.2696,0.2704,0.268,0.269,49280.5
2023-11-08 09:30:00,0.269,0.271,0.2686,0.2704,149565.4
2023-11-08 10:00:00,0.2701,0.272,0.27,0.2718,57031.7
2023-11-08 10:30:00,0.2717,0.272,0.2706,0.2708,69108.5
2023-11-08 11:00:00,0.2708,0.2716,0.2682,0.2686,428117.9
2023-11-08 11:30:00,0.2685,0.2703,0.2683,0.27,160228.9
2023-11-08 12:00:00,0.2699,0.2699,0.268,0.2686,90739.7
2023-11-08 12:30:00,0.2683,0.2696,0.2677,0.2686,67447.2
2023-11-08 13:00:00,0.2684,0.2693,0.2664,0.2669,105160.6
2023-11-08 13:30:00,0.267,0.2691,0.2666,0.269,97436.2
2023-11-08 14:00:00,0.2691,0.2695,0.2677,0.2694,41744.2
2023-11-08 14:30:00,0.2694,0.2701,0.2676,0.2679,90550.5
2023-11-08 15:00:00,0.2679,0.2684,0.265,0.2665,191464.2
2023-11-08 15:30:00,0.2667,0.2694,0.2667,0.2694,41402.1
2023-11-08 16:00:00,0.2694,0.2716,0.2693,0.271,264169.5
2023-11-08 16:30:00,0.2712,0.2727,0.2707,0.2719,99882.0
2023-11-08 17:00:00,0.2723,0.273,0.2709,0.2723,81837.4
2023-11-08 17:30:00,0.2722,0.2758,0.2721,0.2748,148384.3
2023-11-08 18:00:00,0.2748,0.2755,0.2733,0.2738,79611.8
2023-11-08 18:30:00,0.2737,0.2739,0.2733,0.2736,21386.3
2023-11-08 19:00:00,0.2736,0.2748,0.2726,0.2726,64377.0
2023-11-08 19:30:00,0.2728,0.2744,0.2728,0.2733,41307.1
2023-11-08 20:00:00,0.2733,0.2739,0.2726,0.2732,44370.1
2023-11-08 20:30:00,0.2732,0.2749,0.2727,0.2749,49306.3
2023-11-08 21:00:00,0.2748,0.276,0.2715,0.272,91955.3
2023-11-08 21:30:00,0.2721,0.273,0.2715,0.2726,50505.0
2023-11-08 22:00:00,0.2726,0.274,0.272,0.2737,72344.0
2023-11-08 22:30:00,0.2734,0.2755,0.2732,0.275,63597.9
2023-11-08 23:00:00,0.275,0.2752,0.2735,0.2749,33988.7
2023-11-08 23:30:00,0.275,0.2758,0.2723,0.2729,115150.6
2023-11-09 00:00:00,0.273,0.2733,0.2712,0.2726,81289.6
2023-11-09 00:30:00,0.2727,0.2795,0.2726,0.2793,285017.2
2023-11-09 01:00:00,0.2795,0.2795,0.2765,0.2776,131102.8
2023-11-09 01:30:00,0.2777,0.2783,0.2755,0.2767,97726.3
2023-11-09 02:00:00,0.2771,0.279,0.2759,0.2781,130692.7
2023-11-09 02:30:00,0.2785,0.2798,0.2774,0.2795,145127.6
2023-11-09 03:00:00,0.2792,0.2793,0.2765,0.2789,102951.2
2023-11-09 03:30:00,0.2787,0.2807,0.2787,0.2807,86327.4
2023-11-09 04:00:00,0.2807,0.2816,0.28,0.2812,65885.2
2023-11-09 04:30:00,0.2812,0.2822,0.28,0.2806,225558.9
2023-11-09 05:00:00,0.2803,0.2803,0.277,0.2778,130384.7
2023-11-09 05:30:00,0.2777,0.2785,0.2774,0.278,164636.4
2023-11-09 06:00:00,0.278,0.2791,0.2775,0.2786,104171.1
2023-11-09 06:30:00,0.2785,0.2801,0.2782,0.2801,75289.1
2023-11-09 07:00:00,0.28,0.28,0.2779,0.2784,114627.1
2023-11-09 07:30:00,0.2785,0.2785,0.2734,0.2754,225994.5
2023-11-09 08:00:00,0.2756,0.2783,0.2756,0.277,183575.3
2023-11-09 08:30:00,0.277,0.2802,0.277,0.2792,453051.0
2023-11-09 09:00:00,0.2791,0.2817,0.2791,0.2813,204555.6
2023-11-09 09:30:00,0.2814,0.2824,0.2809,0.2822,116585.6
2023-11-09 10:00:00,0.2823,0.2864,0.2815,0.2856,773040.7
2023-11-09 10:30:00,0.2857,0.2861,0.2834,0.284,125021.6
2023-11-09 11:00:00,0.2838,0.2842,0.2805,0.2812,523296.9
2023-11-09 11:30:00,0.2813,0.2847,0.2803,0.2847,357353.5
2023-11-09 12:00:00,0.2847,0.2869,0.2842,0.2864,185510.3
2023-11-09 12:30:00,0.2863,0.2867,0.2851,0.2859,385552.0
2023-11-09 13:00:00,0.2859,0.2896,0.2847,0.2873,317507.0
2023-11-09 13:30:00,0.2876,0.2911,0.2848,0.2899,763842.5
2023-11-09 14:00:00,0.2899,0.298,0.2887,0.2951,899502.2
2023-11-09 14:30:00,0.295,0.3029,0.2943,0.2985,918207.0
2023-11-09 15:00:00,0.2985,0.3006,0.2892,0.2905,956836.6
2023-11-09 15:30:00,0.2902,0.2932,0.2885,0.2886,338080.2
2023-11-09 16:00:00,0.2888,0.2916,0.2445,0.2698,2107510.2
2023-11-09 16:30:00,0.2691,0.2698,0.2599,0.266,1156834.4
2023-11-09 17:00:00,0.2663,0.2692,0.2599,0.2627,921427.8
2023-11-09 17:30:00,0.2627,0.2657,0.2596,0.2611,2104987.5
2023-11-09 18:00:00,0.2614,0.2617,0.2568,0.2574,732686.1
2023-11-09 18:30:00,0.2576,0.2611,0.2572,0.2581,348516.1
2023-11-09 19:00:00,0.2584,0.2606,0.2567,0.2602,886102.3
2023-11-09 19:30:00,0.2602,0.2615,0.2583,0.261,148514.7
2023-11-09 20:00:00,0.2609,0.2609,0.2565,0.2578,108983.3
2023-11-09 20:30:00,0.2578,0.2614,0.2563,0.2606,143721.2
2023-11-09 21:00:00,0.2606,0.2638,0.2598,0.2628,74185.9
2023-11-09 21:30:00,0.2629,0.2637,0.2619,0.2634,148028.6
2023-11-09 22:00:00,0.2637,0.267,0.2636,0.2656,166151.8
2023-11-09 22:30:00,0.2656,0.2689,0.2654,0.2687,112133.6
2023-11-09 23:00:00,0.2687,0.2702,0.2675,0.2699,90810.4
2023-11-09 23:30:00,0.2699,0.2712,0.2699,0.2704,124641.8
2023-11-10 00:00:00,0.2702,0.2728,0.2693,0.2718,309555.8
2023-11-10 00:30:00,0.2717,0.272,0.2679,0.2679,189085.5
2023-11-10 01:00:00,0.268,0.2703,0.2669,0.2699,54953.7
2023-11-10 01:30:00,0.27,0.2747,0.27,0.2747,66801.7
2023-11-10 02:00:00,0.2747,0.275,0.2725,0.2739,79234.3
2023-11-10 02:30:00,0.274,0.2762,0.2737,0.2758,32121.7
2023-11-10 03:00:00,0.276,0.2763,0.2734,0.2734,81343.2
2023-11-10 03:30:00,0.2729,0.2731,0.2707,0.2708,202956.2
2023-11-10 04:00:00,0.2707,0.2724,0.2704,0.2718,72437.0
2023-11-10 04:30:00,0.2719,0.2732,0.2708,0.2724,139393.3
2023-11-10 05:00:00,0.2729,0.2732,0.271,0.2721,71611.6
2023-11-10 05:30:00,0.272,0.2741,0.2713,0.2741,45536.2
2023-11-10 06:00:00,0.2741,0.2753,0.2714,0.2724,175362.0
2023-11-10 06:30:00,0.2728,0.2756,0.2717,0.2739,179129.6
2023-11-10 07:00:00,0.2739,0.2757,0.2716,0.2718,151782.4
2023-11-10 07:30:00,0.2722,0.2742,0.2714,0.2729,172052.0
2023-11-10 08:00:00,0.2733,0.2741,0.2652,0.268,704834.9
2023-11-10 08:30:00,0.2683,0.2704,0.2678,0.2701,234383.4
2023-11-10 09:00:00,0.2703,0.271,0.2691,0.271,178239.2
2023-11-10 09:30:00,0.2712,0.2732,0.2709,0.2732,36479.9
2023-11-10 10:00:00,0.2734,0.2734,0.2719,0.2729,73266.5
2023-11-10 10:30:00,0.2728,0.2739,0.2717,0.2729,186116.0
2023-11-10 11:00:00,0.2732,0.2738,0.2696,0.2706,432251.8
2023-11-10 11:30:00,0.2708,0.2731,0.2701,0.2727,132141.2
2023-11-10 12:00:00,0.273,0.273,0.2682,0.2707,410325.7
2023-11-10 12:30:00,0.2707,0.2717,0.27,0.2715,102536.8
2023-11-10 13:00:00,0.2713,0.2715,0.2687,0.2703,131694.2
2023-11-10 13:30:00,0.2701,0.2701,0.2642,0.2647,345340.5
2023-11-10 14:00:00,0.2648,0.2664,0.2605,0.2626,442760.6
2023-11-10 14:30:00,0.2625,0.2652,0.2618,0.2631,230030.7
2023-11-10 15:00:00,0.2628,0.2655,0.2625,0.2649,97114.0
2023-11-10 15:30:00,0.265,0.267,0.2646,0.2656,126373.3
2023-11-10 16:00:00,0.2657,0.2687,0.2653,0.2687,202578.3
2023-11-10 16:30:00,0.2688,0.2693,0.2669,0.2676,300280.0
2023-11-10 17:00:00,0.2676,0.2688,0.2672,0.2682,121810.1
2023-11-10 17:30:00,0.2682,0.27,0.2674,0.2699,109668.0
2023-11-10 18:00:00,0.2699,0.271,0.2697,0.2707,149398.5
2023-11-10 18:30:00,0.2709,0.2715,0.27,0.2715,64299.9
2023-11-10 19:00:00,0.2714,0.2742,0.2711,0.2738,316519.4
2023-11-10 19:30:00,0.2736,0.2741,0.2729,0.2737,87620.6
2023-11-10 20:00:00,0.2738,0.2749,0.2726,0.2749,159866.6
2023-11-10 20:30:00,0.2748,0.2757,0.2737,0.2755,131266.5
2023-11-10 21:00:00,0.2755,0.2766,0.2748,0.2762,121499.5
2023-11-10 21:30:00,0.2765,0.2794,0.2764,0.2792,139100.4
2023-11-10 22:00:00,0.2792,0.2802,0.2774,0.2782,167261.7
2023-11-10 22:30:00,0.2782,0.2787,0.2754,0.278,189996.8
2023-11-10 23:00:00,0.2781,0.279,0.2765,0.2776,70368.9
2023-11-10 23:30:00,0.2776,0.2787,0.2764,0.2771,74600.6
2023-11-11 00:00:00,0.2778,0.281,0.2774,0.2808,166564.6
2023-11-11 00:30:00,0.2809,0.2809,0.2766,0.2785,134575.2
2023-11-11 01:00:00,0.2785,0.2819,0.2781,0.2811,436537.5
2023-11-11 01:30:00,0.281,0.2848,0.2786,0.2811,439497.6
2023-11-11 02:00:00,0.2812,0.2831,0.2768,0.2798,224222.0
2023-11-11 02:30:00,0.2793,0.2835,0.279,0.2827,116321.4
2023-11-11 03:00:00,0.2826,0.2826,0.2796,0.2798,109019.0
2023-11-11 03:30:00,0.2799,0.2804,0.2762,0.2764,134170.5
2023-11-11 04:00:00,0.2762,0.2771,0.2675,0.2689,674533.0
2023-11-11 04:30:00,0.2688,0.272,0.2681,0.2711,297606.2
2023-11-11 05:00:00,0.2714,0.2731,0.2702,0.273,206068.1
2023-11-11 05:30:00,0.273,0.2742,0.2725,0.2741,43373.8
2023-11-11 06:00:00,0.2742,0.2743,0.2703,0.2723,257179.3
2023-11-11 06:30:00,0.2723,0.2751,0.272,0.2737,51400.4
2023-11-11 07:00:00,0.2737,0.2743,0.273,0.2738,70699.2
2023-11-11 07:30:00,0.2738,0.2743,0.2688,0.2701,257251.8
2023-11-11 08:00:00,0.2705,0.2714,0.2662,0.2689,470088.5
2023-11-11 08:30:00,0.2689,0.2692,0.2676,0.2692,101799.8
2023-11-11 09:00:00,0.2692,0.2725,0.269,0.2724,75152.8
2023-11-11 09:30:00,0.2725,0.273,0.2716,0.2728,55014.6
2023-11-11 10:00:00,0.2729,0.2732,0.2722,0.2725,113006.3
2023-11-11 10:30:00,0.2725,0.275,0.2718,0.2748,143778.1
2023-11-11 11:00:00,0.2748,0.2764,0.2742,0.2747,231430.6
2023-11-11 11:30:00,0.2749,0.2752,0.2726,0.273,101441.1
2023-11-11 12:00:00,0.2729,0.2743,0.2711,0.2739,168491.5
2023-11-11 12:30:00,0.2738,0.2754,0.2727,0.2753,109882.0
2023-11-11 13:00:00,0.2752,0.2754,0.2741,0.2742,63349.5
2023-11-11 13:30:00,0.2743,0.2766,0.2743,0.2762,67185.9
2023-11-11 14:00:00,0.2758,0.2779,0.2758,0.2774,215315.7
2023-11-11 14:30:00,0.2775,0.2775,0.2754,0.277,237082.6
2023-11-11 15:00:00,0.2771,0.2777,0.2759,0.2762,121181.8
2023-11-11 15:30:00,0.2763,0.2763,0.2737,0.275,136044.0
2023-11-11 16:00:00,0.2751,0.2779,0.275,0.2778,112450.2
2023-11-11 16:30:00,0.2777,0.2807,0.2775,0.2789,296662.7
2023-11-11 17:00:00,0.2789,0.2792,0.2744,0.2762,272772.6
2023-11-11 17:30:00,0.2763,0.2788,0.2752,0.2772,250582.3
2023-11-11 18:00:00,0.2772,0.2784,0.2765,0.2767,88525.8
2023-11-11 18:30:00,0.2767,0.2784,0.2767,0.2781,29504.0
2023-11-11 19:00:00,0.2781,0.2801,0.2779,0.2801,99269.1
2023-11-11 19:30:00,0.2802,0.2811,0.2801,0.2803,85426.3
2023-11-11 20:00:00,0.2802,0.2802,0.2777,0.2784,114209.7
2023-11-11 20:30:00,0.2783,0.2789,0.2765,0.2773,95547.4
2023-11-11 21:00:00,0.2772,0.2787,0.2759,0.2779,43169.7
2023-11-11 21:30:00,0.2775,0.2788,0.2761,0.2776,47621.3
2023-11-11 22:00:00,0.2774,0.2776,0.2733,0.2764,161644.5
2023-11-11 22:30:00,0.2763,0.2784,0.2762,0.2773,60320.8
2023-11-11 23:00:00,0.2775,0.2785,0.2763,0.2766,72476.0
2023-11-11 23:30:00,0.2769,0.2784,0.2735,0.2781,137446.1
2023-11-12 00:00:00,0.2777,0.2781,0.2712,0.272,202658.3
2023-11-12 00:30:00,0.2717,0.2719,0.2641,0.2677,636722.9
2023-11-12 01:00:00,0.2676,0.2701,0.266,0.2698,143207.2
2023-11-12 01:30:00,0.2703,0.2705,0.269,0.2698,44460.2
2023-11-12 02:00:00,0.2701,0.2707,0.2675,0.2681,79860.5
2023-11-12 02:30:00,0.2683,0.2686,0.2663,0.2678,109935.2
2023-11-12 03:00:00,0.268,0.2693,0.2672,0.2691,52412.8
2023-11-12 03:30:00,0.2692,0.2709,0.2687,0.2709,61799.1
2023-11-12 04:00:00,0.2707,0.2736,0.2706,0.2736,287107.2
2023-11-12 04:30:00,0.2734,0.2737,0.271,0.273,191735.4
2023-11-12 05:00:00,0.2726,0.2726,0.2708,0.2716,139810.0
2023-11-12 05:30:00,0.2718,0.2736,0.2711,0.2735,108963.4
2023-11-12 06:00:00,0.2735,0.274,0.2719,0.274,107426.1
2023-11-12 06:30:00,0.2739,0.2744,0.272,0.2738,187316.9
2023-11-12 07:00:00,0.2739,0.2771,0.2736,0.2771,173434.8
2023-11-12 07:30:00,0.2771,0.2787,0.2757,0.2782,209415.6
2023-11-12 08:00:00,0.2784,0.2787,0.2755,0.2786,296211.5
2023-11-12 08:30:00,0.2786,0.2812,0.2786,0.2804,226689.0
2023-11-12 09:00:00,0.2804,0.2809,0.2791,0.2799,97979.9
2023-11-12 09:30:00,0.2803,0.2807,0.2773,0.2783,90873.4
2023-11-12 10:00:00,0.2785,0.2788,0.2762,0.2781,106848.6
2023-11-12 10:30:00,0.2782,0.2819,0.2782,0.2814,123548.3
2023-11-12 11:00:00,0.2814,0.2839,0.2813,0.2836,177600.1
2023-11-12 11:30:00,0.2837,0.2837,0.2824,0.2826,41843.0
2023-11-12 12:00:00,0.2826,0.2831,0.2783,0.2796,177571.5
2023-11-12 12:30:00,0.2798,0.2806,0.2786,0.2791,127148.8
2023-11-12 13:00:00,0.2792,0.2808,0.2759,0.2803,226668.8
2023-11-12 13:30:00,0.2802,0.2808,0.2784,0.28,130308.6
2023-11-12 14:00:00,0.2801,0.2818,0.28,0.2815,141676.0
2023-11-12 14:30:00,0.2812,0.2819,0.28,0.2804,75775.0
2023-11-12 15:00:00,0.2802,0.2818,0.2779,0.2781,162001.6
2023-11-12 15:30:00,0.2779,0.2796,0.2779,0.2791,23670.2
2023-11-12 16:00:00,0.2791,0.2799,0.2768,0.2784,57994.7
2023-11-12 16:30:00,0.278,0.2786,0.2769,0.2778,99435.7
2023-11-12 17:00:00,0.2778,0.2782,0.2769,0.2772,113314.4
2023-11-12 17:30:00,0.2775,0.2792,0.2764,0.279,85207.8
2023-11-12 18:00:00,0.2792,0.2804,0.2767,0.2777,105782.5
2023-11-12 18:30:00,0.2778,0.2804,0.2778,0.2796,71102.5
2023-11-12 19:00:00,0.2802,0.2803,0.2794,0.2794,35630.0
2023-11-12 19:30:00,0.2794,0.2797,0.278,0.2794,72540.1
2023-11-12 20:00:00,0.2793,0.2814,0.2784,0.2805,81321.3
2023-11-12 20:30:00,0.2805,0.283,0.2798,0.2818,202985.8
2023-11-12 21:00:00,0.2816,0.2841,0.2814,0.2836,126429.6
2023-11-12 21:30:00,0.2836,0.2839,0.2818,0.2826,24845.1
2023-11-12 22:00:00,0.2825,0.2831,0.281,0.2818,47619.5
2023-11-12 22:30:00,0.2817,0.2827,0.2817,0.2823,20806.4
2023-11-12 23:00:00,0.2824,0.2833,0.2773,0.2797,201430.6
2023-11-12 23:30:00,0.2796,0.2804,0.2782,0.2801,22697.6
2023-11-13 00:00:00,0.2802,0.2803,0.2761,0.2781,129523.3
2023-11-13 00:30:00,0.2775,0.2841,0.2771,0.284,150658.8
2023-11-13 01:00:00,0.2839,0.2937,0.2839,0.292,521654.8
2023-11-13 01:30:00,0.292,0.292,0.2865,0.2868,119011.2
2023-11-13 02:00:00,0.2868,0.2923,0.2865,0.2917,268877.1
2023-11-13 02:30:00,0.2917,0.2929,0.2887,0.29,409465.6
2023-11-13 03:00:00,0.29,0.2905,0.2846,0.2867,230290.8
2023-11-13 03:30:00,0.2865,0.2876,0.2787,0.2807,339170.9
2023-11-13 04:00:00,0.2803,0.2834,0.2795,0.2819,158400.8
2023-11-13 04:30:00,0.282,0.2826,0.2772,0.2783,157188.1
2023-11-13 05:00:00,0.2782,0.2787,0.2752,0.2775,255522.4
2023-11-13 05:30:00,0.2776,0.2796,0.2769,0.2796,166900.0
2023-11-13 06:00:00,0.2795,0.2795,0.2758,0.276,106281.9
2023-11-13 06:30:00,0.276,0.2779,0.2747,0.2779,265658.2
2023-11-13 07:00:00,0.2779,0.2851,0.2779,0.2841,486959.4
2023-11-13 07:30:00,0.2841,0.2855,0.2834,0.2849,263338.8
2023-11-13 08:00:00,0.285,0.2869,0.2838,0.2865,210063.5
2023-11-13 08:30:00,0.2865,0.2899,0.2865,0.289,260892.5
2023-11-13 09:00:00,0.2891,0.2891,0.2863,0.2865,169358.4
2023-11-13 09:30:00,0.2864,0.2987,0.2862,0.2979,835831.4
2023-11-13 10:00:00,0.2977,0.3269,0.2948,0.326,7413463.9
2023-11-13 10:30:00,0.3256,0.326,0.3103,0.3149,3450312.5
2023-11-13 11:00:00,0.3146,0.3182,0.3011,0.3017,2623806.3
2023-11-13 11:30:00,0.3015,0.303,0.2925,0.3028,3136488.0
2023-11-13 12:00:00,0.3031,0.3048,0.2922,0.3006,1285663.8
2023-11-13 12:30:00,0.3005,0.3166,0.3005,0.3121,1937992.0
2023-11-13 13:00:00,0.3121,0.3138,0.3073,0.3096,1050357.2
2023-11-13 13:30:00,0.3095,0.3119,0.306,0.307,578126.7
2023-11-13 14:00:00,0.307,0.3082,0.3,0.3011,811743.5
2023-11-13 14:30:00,0.3013,0.3078,0.293,0.3043,1676162.5
2023-11-13 15:00:00,0.3047,0.3076,0.2987,0.302,653169.8
2023-11-13 15:30:00,0.3022,0.3128,0.3017,0.3097,691131.1
2023-11-13 16:00:00,0.3095,0.317,0.308,0.311,947279.1
2023-11-13 16:30:00,0.3113,0.3125,0.3083,0.3113,436382.9
2023-11-13 17:00:00,0.3115,0.3119,0.303,0.3077,570360.9
2023-11-13 17:30:00,0.3074,0.309,0.3047,0.3053,320080.6
2023-11-13 18:00:00,0.3053,0.3087,0.3034,0.3072,261814.9
2023-11-13 18:30:00,0.3073,0.3106,0.3073,0.3096,176951.8
2023-11-13 19:00:00,0.3095,0.3104,0.3069,0.3079,90016.0
2023-11-13 19:30:00,0.3082,0.3093,0.3071,0.3086,84172.9
2023-11-13 20:00:00,0.3086,0.3086,0.3039,0.3067,261776.7
2023-11-13 20:30:00,0.3067,0.3085,0.3039,0.3052,306891.9
2023-11-13 21:00:00,0.3055,0.3056,0.2984,0.3007,423537.6
2023-11-13 21:30:00,0.3005,0.3028,0.2953,0.3006,735650.1
2023-11-13 22:00:00,0.2998,0.3037,0.2981,0.2984,249214.1
2023-11-13 22:30:00,0.2986,0.3024,0.2936,0.2944,792580.6
2023-11-13 23:00:00,0.2944,0.299,0.2941,0.2987,201301.4
2023-11-13 23:30:00,0.2989,0.2998,0.2945,0.2947,273781.1
2023-11-14 00:00:00,0.2947,0.297,0.2864,0.2911,1436535.7
2023-11-14 00:30:00,0.2913,0.2985,0.2906,0.2954,530474.8
2023-11-14 01:00:00,0.2959,0.3087,0.2958,0.2998,1673476.2
2023-11-14 01:30:00,0.2996,0.3019,0.2972,0.2975,217974.3
2023-11-14 02:00:00,0.2975,0.3023,0.2969,0.3,383469.3
2023-11-14 02:30:00,0.3001,0.3021,0.2985,0.3006,337498.0
2023-11-14 03:00:00,0.3008,0.3051,0.3001,0.3037,243340.2
2023-11-14 03:30:00,0.3035,0.3061,0.3024,0.3028,335050.5
2023-11-14 04:00:00,0.3027,0.304,0.2993,0.2994,295858.4
2023-11-14 04:30:00,0.2996,0.3032,0.2991,0.301,301096.0
2023-11-14 05:00:00,0.3014,0.3063,0.3013,0.3048,333826.3
2023-11-14 05:30:00,0.3046,0.3072,0.3017,0.3062,597661.1
2023-11-14 06:00:00,0.3059,0.3121,0.3048,0.3051,874505.5
2023-11-14 06:30:00,0.3051,0.3073,0.301,0.3042,462920.4
2023-11-14 07:00:00,0.3041,0.3066,0.3041,0.3057,197396.5
2023-11-14 07:30:00,0.3059,0.3079,0.3055,0.3066,181738.9
2023-11-14 08:00:00,0.3062,0.307,0.304,0.3041,431174.0
2023-11-14 08:30:00,0.3041,0.3054,0.3027,0.3044,275942.8
2023-11-14 09:00:00,0.3045,0.3048,0.2994,0.2996,548955.2
2023-11-14 09:30:00,0.2995,0.3005,0.2959,0.2959,556671.5
2023-11-14 10:00:00,0.296,0.2974,0.2932,0.2954,507889.8
2023-11-14 10:30:00,0.2954,0.2963,0.2928,0.2951,286595.9
2023-11-14 11:00:00,0.2951,0.2955,0.2904,0.2922,507130.3
2023-11-14 11:30:00,0.2925,0.3053,0.291,0.304,1255726.2
2023-11-14 12:00:00,0.304,0.3083,0.3008,0.3058,785959.2
2023-11-14 12:30:00,0.3058,0.3115,0.3056,0.3071,744524.3
2023-11-14 13:00:00,0.3072,0.3083,0.3039,0.3077,445428.8
2023-11-14 13:30:00,0.3076,0.3139,0.3072,0.3086,955973.4
2023-11-14 14:00:00,0.3084,0.32,0.3076,0.3168,1114306.9
2023-11-14 14:30:00,0.3169,0.3184,0.3123,0.3147,847769.3
2023-11-14 15:00:00,0.3146,0.3158,0.3031,0.3049,725106.7
2023-11-14 15:30:00,0.3049,0.3087,0.3018,0.3058,806420.4
2023-11-14 16:00:00,0.3065,0.3153,0.3057,0.3149,720048.6
2023-11-14 16:30:00,0.3151,0.3191,0.3142,0.3161,538970.3
2023-11-14 17:00:00,0.3163,0.3169,0.3117,0.3137,306867.9
2023-11-14 17:30:00,0.3139,0.3174,0.3119,0.3129,394696.0
2023-11-14 18:00:00,0.3133,0.3159,0.3114,0.3147,252417.0
2023-11-14 18:30:00,0.3147,0.3187,0.3017,0.3103,1119515.5
2023-11-14 19:00:00,0.31,0.326,0.3091,0.3225,1719428.0
2023-11-14 19:30:00,0.3226,0.3325,0.3209,0.3236,2047683.6
2023-11-14 20:00:00,0.3236,0.3273,0.3181,0.3193,762306.8
2023-11-14 20:30:00,0.3193,0.3211,0.3162,0.3194,507172.7
2023-11-14 21:00:00,0.3197,0.3262,0.319,0.3229,427722.7
2023-11-14 21:30:00,0.3234,0.3297,0.322,0.329,513768.3
2023-11-14 22:00:00,0.3293,0.3398,0.3282,0.3326,1611411.7
2023-11-14 22:30:00,0.3326,0.334,0.327,0.3299,544327.1
2023-11-14 23:00:00,0.3303,0.3326,0.3268,0.3326,367795.9
2023-11-14 23:30:00,0.3325,0.3381,0.3297,0.336,433589.9
2023-11-15 00:00:00,0.3359,0.3434,0.3298,0.3351,1095890.9
2023-11-15 00:30:00,0.3355,0.3383,0.3328,0.3328,509842.6
2023-11-15 01:00:00,0.3333,0.3343,0.3289,0.3297,531501.5
2023-11-15 01:30:00,0.33,0.3305,0.3232,0.3248,614392.6
2023-11-15 02:00:00,0.3249,0.3265,0.3217,0.3225,354731.3
2023-11-15 02:30:00,0.3221,0.3297,0.3217,0.3273,561768.4
2023-11-15 03:00:00,0.3273,0.3283,0.3241,0.3262,389391.4
2023-11-15 03:30:00,0.3262,0.3283,0.3188,0.3205,731214.0
2023-11-15 04:00:00,0.3207,0.3299,0.3188,0.3232,905482.1
2023-11-15 04:30:00,0.3233,0.33,0.3198,0.3292,591585.3
2023-11-15 05:00:00,0.3293,0.3302,0.3249,0.3266,173102.0
2023-11-15 05:30:00,0.3264,0.332,0.3257,0.3308,383997.9
2023-11-15 06:00:00,0.3309,0.3329,0.3282,0.33,311455.3
2023-11-15 06:30:00,0.3298,0.3476,0.3291,0.3444,1248110.1
2023-11-15 07:00:00,0.3442,0.3474,0.3378,0.3416,1492254.6
2023-11-15 07:30:00,0.3417,0.3437,0.3367,0.3376,558855.1
2023-11-15 08:00:00,0.3374,0.3399,0.33,0.334,837669.0
2023-11-15 08:30:00,0.3339,0.3356,0.331,0.3336,432925.7
2023-11-15 09:00:00,0.3337,0.3372,0.3326,0.3369,166484.4
2023-11-15 09:30:00,0.3367,0.3368,0.333,0.3336,208923.3
2023-11-15 10:00:00,0.3344,0.3394,0.3342,0.3391,338395.9
2023-11-15 10:30:00,0.3392,0.349,0.3385,0.3419,1240228.0
2023-11-15 11:00:00,0.342,0.3446,0.3406,0.342,545563.8
2023-11-15 11:30:00,0.342,0.3467,0.337,0.3388,887225.5
2023-11-15 12:00:00,0.3388,0.3406,0.3364,0.3402,405442.9
2023-11-15 12:30:00,0.3403,0.3404,0.337,0.3372,408515.5
2023-11-15 13:00:00,0.3373,0.3374,0.3214,0.3229,3268245.1
2023-11-15 13:30:00,0.323,0.324,0.3131,0.3167,2134267.6
2023-11-15 14:00:00,0.3168,0.3225,0.3119,0.317,1106750.6
2023-11-15 14:30:00,0.3172,0.3179,0.307,0.3102,1140225.2
2023-11-15 15:00:00,0.3103,0.3141,0.3072,0.3117,955134.0
2023-11-15 15:30:00,0.3115,0.3189,0.3112,0.3181,734686.9
2023-11-15 16:00:00,0.3181,0.3216,0.3163,0.3213,392178.4
2023-11-15 16:30:00,0.321,0.3235,0.318,0.3225,707210.7
2023-11-15 17:00:00,0.3223,0.3231,0.3186,0.3193,466720.8
2023-11-15 17:30:00,0.3192,0.3208,0.3174,0.3188,507258.1
2023-11-15 18:00:00,0.319,0.3237,0.3163,0.32,461490.7
2023-11-15 18:30:00,0.32,0.3211,0.3165,0.3202,138484.7
2023-11-15 19:00:00,0.32,0.3216,0.3174,0.3211,472288.9
2023-11-15 19:30:00,0.3211,0.3259,0.321,0.3259,511164.7
2023-11-15 20:00:00,0.3257,0.3258,0.322,0.3226,233633.6
2023-11-15 20:30:00,0.3226,0.3231,0.3207,0.3211,191597.8
2023-11-15 21:00:00,0.3211,0.3213,0.3174,0.3211,169581.7
2023-11-15 21:30:00,0.3208,0.3213,0.3176,0.3184,258751.2
2023-11-15 22:00:00,0.3185,0.3234,0.3171,0.322,371997.9
2023-11-15 22:30:00,0.322,0.3228,0.3202,0.3204,171443.6
2023-11-15 23:00:00,0.3205,0.3216,0.3167,0.3194,219511.8
2023-11-15 23:30:00,0.3194,0.3206,0.3189,0.3194,275319.5
2023-11-16 00:00:00,0.3192,0.3206,0.3163,0.3193,314248.3
2023-11-16 00:30:00,0.3199,0.3231,0.3196,0.3231,292756.3
2023-11-16 01:00:00,0.3231,0.3237,0.3189,0.3196,198594.6
2023-11-16 01:30:00,0.3197,0.3227,0.319,0.3222,103361.2
2023-11-16 02:00:00,0.3221,0.3244,0.321,0.3233,229547.7
2023-11-16 02:30:00,0.3234,0.3241,0.318,0.3222,303458.3
2023-11-16 03:00:00,0.3222,0.3226,0.319,0.3196,155628.2
2023-11-16 03:30:00,0.32,0.3223,0.3198,0.3222,71371.5
2023-11-16 04:00:00,0.322,0.3228,0.3187,0.3206,230710.4
2023-11-16 04:30:00,0.3205,0.3218,0.3202,0.3216,125169.8
2023-11-16 05:00:00,0.3216,0.3216,0.3166,0.3181,420086.3
2023-11-16 05:30:00,0.318,0.3197,0.3177,0.3192,210554.5
2023-11-16 06:00:00,0.3192,0.3194,0.3124,0.3151,901224.1
2023-11-16 06:30:00,0.3152,0.3183,0.3143,0.3181,241435.7
2023-11-16 07:00:00,0.318,0.3202,0.3173,0.32,393345.8
2023-11-16 07:30:00,0.3198,0.3202,0.3182,0.3191,126657.6
2023-11-16 08:00:00,0.3194,0.3201,0.3121,0.3141,678568.3
2023-11-16 08:30:00,0.3142,0.316,0.3101,0.3114,573557.4
2023-11-16 09:00:00,0.3114,0.3127,0.3086,0.311,817726.9
2023-11-16 09:30:00,0.311,0.3115,0.3075,0.3089,367431.1
2023-11-16 10:00:00,0.3088,0.31,0.3086,0.3097,305070.2
2023-11-16 10:30:00,0.3096,0.3098,0.305,0.3066,523616.3
2023-11-16 11:00:00,0.3068,0.3122,0.3067,0.311,418437.8
2023-11-16 11:30:00,0.311,0.3113,0.3069,0.3076,268106.0
2023-11-16 12:00:00,0.3076,0.3077,0.3001,0.3007,1232054.1
2023-11-16 12:30:00,0.3007,0.3043,0.3005,0.3033,259557.9
2023-11-16 13:00:00,0.3034,0.3061,0.2961,0.3047,975701.6
2023-11-16 13:30:00,0.3049,0.3104,0.3038,0.3063,620683.6
2023-11-16 14:00:00,0.3061,0.3076,0.3033,0.3046,181475.1
2023-11-16 14:30:00,0.3045,0.3068,0.3037,0.3066,146140.5
2023-11-16 15:00:00,0.3067,0.308,0.3059,0.3074,91817.2
2023-11-16 15:30:00,0.3069,0.3069,0.298,0.3017,420215.6
2023-11-16 16:00:00,0.3016,0.3032,0.3007,0.3008,167498.2
2023-11-16 16:30:00,0.3005,0.303,0.3,0.3028,347804.1
2023-11-16 17:00:00,0.3026,0.304,0.3014,0.3035,64243.3
2023-11-16 17:30:00,0.3036,0.3043,0.3006,0.3007,50392.3
2023-11-16 18:00:00,0.3008,0.3025,0.2965,0.2996,407882.8
2023-11-16 18:30:00,0.2996,0.3005,0.2972,0.298,164223.5
2023-11-16 19:00:00,0.2982,0.2984,0.2888,0.2918,827622.3
2023-11-16 19:30:00,0.2917,0.2965,0.2896,0.2965,391677.2
2023-11-16 20:00:00,0.2963,0.2976,0.2937,0.2949,206135.2
2023-11-16 20:30:00,0.2951,0.2981,0.2938,0.2939,144893.2
2023-11-16 21:00:00,0.2938,0.2948,0.2922,0.293,90951.6
2023-11-16 21:30:00,0.2931,0.2964,0.293,0.2931,38639.9
2023-11-16 22:00:00,0.2934,0.2973,0.2934,0.2972,49549.0
2023-11-16 22:30:00,0.2972,0.2983,0.296,0.2968,139283.6
2023-11-16 23:00:00,0.2968,0.2975,0.2914,0.292,325412.6
2023-11-16 23:30:00,0.2916,0.2953,0.2911,0.2942,151408.2
2023-11-17 00:00:00,0.2943,0.2969,0.2935,0.2968,196562.3
2023-11-17 00:30:00,0.2968,0.2997,0.2961,0.2997,103577.8
2023-11-17 01:00:00,0.2997,0.2999,0.2982,0.2993,166444.6
2023-11-17 01:30:00,0.2992,0.3027,0.299,0.3025,211864.1
2023-11-17 02:00:00,0.3026,0.3029,0.3006,0.3021,73817.0
2023-11-17 02:30:00,0.3022,0.3022,0.2986,0.2997,233057.3
2023-11-17 03:00:00,0.2996,0.3,0.296,0.2984,131397.1
2023-11-17 03:30:00,0.2984,0.2997,0.2977,0.2991,60926.1
2023-11-17 04:00:00,0.2993,0.3002,0.2969,0.2986,97691.2
2023-11-17 04:30:00,0.2988,0.2995,0.2978,0.2988,74051.4
2023-11-17 05:00:00,0.2989,0.3,0.2976,0.2988,98506.2
2023-11-17 05:30:00,0.2986,0.2998,0.2979,0.2998,62304.9
2023-11-17 06:00:00,0.2999,0.3001,0.2979,0.2995,62088.1
2023-11-17 06:30:00,0.2996,0.3004,0.2981,0.2983,80116.3
2023-11-17 07:00:00,0.2984,0.2985,0.2954,0.2959,79989.3
2023-11-17 07:30:00,0.2959,0.2959,0.2906,0.2915,520930.9
2023-11-17 08:00:00,0.2915,0.2944,0.2912,0.2942,141827.1
2023-11-17 08:30:00,0.2942,0.2967,0.2942,0.2962,98753.0
2023-11-17 09:00:00,0.2963,0.297,0.2949,0.2953,64536.1
2023-11-17 09:30:00,0.2953,0.2954,0.2932,0.2943,187715.1
2023-11-17 10:00:00,0.2943,0.2948,0.2875,0.2886,308453.6
2023-11-17 10:30:00,0.2886,0.2909,0.2878,0.29,313466.3
2023-11-17 11:00:00,0.29,0.2906,0.2883,0.2894,137739.9
2023-11-17 11:30:00,0.2894,0.29,0.2885,0.2887,137035.2
2023-11-17 12:00:00,0.2887,0.289,0.2842,0.2861,608933.5
2023-11-17 12:30:00,0.2862,0.2903,0.2848,0.2902,196759.2
2023-11-17 13:00:00,0.2905,0.2933,0.2903,0.2914,205810.3
2023-11-17 13:30:00,0.2914,0.2921,0.2882,0.2886,122106.2
2023-11-17 14:00:00,0.2888,0.2898,0.286,0.2874,225277.1
2023-11-17 14:30:00,0.2873,0.288,0.2797,0.2832,554839.6
2023-11-17 15:00:00,0.2832,0.2845,0.2794,0.281,248908.5
2023-11-17 15:30:00,0.2813,0.282,0.2775,0.2783,497924.3
2023-11-17 16:00:00,0.2787,0.2821,0.2773,0.2819,205832.5
2023-11-17 16:30:00,0.2814,0.2814,0.2787,0.2797,68367.5
2023-11-17 17:00:00,0.2799,0.2861,0.2798,0.2835,294254.7
2023-11-17 17:30:00,0.2831,0.2864,0.2827,0.2864,104026.0
2023-11-17 18:00:00,0.2861,0.2869,0.285,0.2863,44022.5
2023-11-17 18:30:00,0.2863,0.2869,0.2847,0.2863,55763.9
2023-11-17 19:00:00,0.2868,0.2868,0.2836,0.2838,23392.1
2023-11-17 19:30:00,0.2836,0.285,0.283,0.2834,31623.8
2023-11-17 20:00:00,0.2836,0.2863,0.2832,0.2847,27103.0
2023-11-17 20:30:00,0.2842,0.2843,0.2821,0.283,45160.5
2023-11-17 21:00:00,0.2829,0.2842,0.2822,0.2833,27770.3
2023-11-17 21:30:00,0.283,0.2844,0.2829,0.2841,20127.7
2023-11-17 22:00:00,0.2837,0.2867,0.2837,0.2865,35886.9
2023-11-17 22:30:00,0.2865,0.2882,0.2853,0.2882,132428.6
2023-11-17 23:00:00,0.2881,0.2891,0.284,0.2854,173701.1
2023-11-17 23:30:00,0.2853,0.2878,0.2853,0.2878,53448.3
2023-11-18 00:00:00,0.2879,0.2879,0.2851,0.2856,45882.1
2023-11-18 00:30:00,0.2855,0.2857,0.2839,0.2841,51218.1
2023-11-18 01:00:00,0.2841,0.2849,0.2834,0.2847,37625.7
2023-11-18 01:30:00,0.285,0.2857,0.2828,0.2829,64935.1
2023-11-18 02:00:00,0.2831,0.2855,0.2831,0.2851,84207.3
2023-11-18 02:30:00,0.2851,0.2851,0.2832,0.2833,15329.5
2023-11-18 03:00:00,0.2832,0.2834,0.2804,0.2809,128899.9
2023-11-18 03:30:00,0.2809,0.2813,0.2782,0.2787,234308.1
2023-11-18 04:00:00,0.2789,0.282,0.2787,0.282,53036.9
2023-11-18 04:30:00,0.2819,0.282,0.2801,0.2802,72551.2
2023-11-18 05:00:00,0.2803,0.2803,0.2768,0.2772,181174.8
2023-11-18 05:30:00,0.2774,0.2786,0.2757,0.2759,104212.5
2023-11-18 06:00:00,0.2759,0.2779,0.2757,0.2772,58211.0
2023-11-18 06:30:00,0.2773,0.2773,0.2716,0.2724,405943.7
2023-11-18 07:00:00,0.2724,0.275,0.2686,0.2748,360376.8
2023-11-18 07:30:00,0.2749,0.2769,0.2749,0.2768,71304.1
2023-11-18 08:00:00,0.277,0.277,0.2755,0.2756,68046.2
2023-11-18 08:30:00,0.2764,0.2782,0.2762,0.2772,114627.7
2023-11-18 09:00:00,0.2771,0.2774,0.2761,0.2774,44743.9
2023-11-18 09:30:00,0.2772,0.2779,0.2768,0.2773,38989.7
2023-11-18 10:00:00,0.2775,0.2789,0.277,0.2788,118604.2
2023-11-18 10:30:00,0.2786,0.2802,0.278,0.2801,88073.3
2023-11-18 11:00:00,0.28,0.28,0.2785,0.2785,66588.9
2023-11-18 11:30:00,0.2786,0.279,0.2768,0.277,40171.5
2023-11-18 12:00:00,0.2769,0.2794,0.2765,0.2791,57260.1
2023-11-18 12:30:00,0.2792,0.2792,0.2778,0.2778,35860.8
2023-11-18 13:00:00,0.2779,0.2788,0.2735,0.2762,191492.7
2023-11-18 13:30:00,0.2762,0.2775,0.2756,0.276,288528.8
2023-11-18 14:00:00,0.276,0.2798,0.2757,0.2797,91189.0
2023-11-18 14:30:00,0.2799,0.2802,0.2785,0.2792,78386.7
2023-11-18 15:00:00,0.2792,0.282,0.2792,0.2814,155202.3
2023-11-18 15:30:00,0.2815,0.2834,0.2807,0.2832,105088.9
2023-11-18 16:00:00,0.2832,0.2855,0.2831,0.2852,217032.9
2023-11-18 16:30:00,0.2852,0.2856,0.2837,0.2839,213537.5
2023-11-18 17:00:00,0.2836,0.2856,0.2822,0.2851,93291.8
2023-11-18 17:30:00,0.2852,0.2859,0.2846,0.2855,43799.0
2023-11-18 18:00:00,0.2856,0.286,0.2842,0.2851,56299.5
2023-11-18 18:30:00,0.2853,0.2864,0.2847,0.2863,32172.1
2023-11-18 19:00:00,0.2863,0.2873,0.2858,0.2861,86423.1
2023-11-18 19:30:00,0.2862,0.2865,0.2843,0.2844,43176.3
2023-11-18 20:00:00,0.285,0.2862,0.2831,0.2857,408824.2
2023-11-18 20:30:00,0.2858,0.2868,0.2852,0.2852,32053.4
2023-11-18 21:00:00,0.2855,0.2864,0.2853,0.2856,12756.9
2023-11-18 21:30:00,0.2855,0.2871,0.2852,0.2857,22152.3
2023-11-18 22:00:00,0.2859,0.2861,0.2844,0.285,15689.8
2023-11-18 22:30:00,0.2852,0.2874,0.2851,0.287,123058.2
2023-11-18 23:00:00,0.2867,0.2871,0.2805,0.2858,307433.3
2023-11-18 23:30:00,0.2855,0.2858,0.2852,0.2853,18576.0
2023-11-19 00:00:00,0.2855,0.2855,0.2824,0.2837,93502.6
2023-11-19 00:30:00,0.2837,0.2845,0.2805,0.2807,111950.6
2023-11-19 01:00:00,0.2809,0.282,0.2784,0.2787,178624.6
2023-11-19 01:30:00,0.2787,0.2818,0.2772,0.2813,150380.0
2023-11-19 02:00:00,0.2812,0.2824,0.2799,0.2815,54992.9
2023-11-19 02:30:00,0.2815,0.2829,0.281,0.2822,25932.3
2023-11-19 03:00:00,0.2822,0.2828,0.2805,0.2805,59918.9
2023-11-19 03:30:00,0.2803,0.2851,0.2801,0.2851,145980.2
2023-11-19 04:00:00,0.2848,0.2848,0.2829,0.2833,36615.0
2023-11-19 04:30:00,0.2832,0.2844,0.2825,0.2843,84924.3
2023-11-19 05:00:00,0.2842,0.2855,0.284,0.2853,40282.1
2023-11-19 05:30:00,0.2851,0.2851,0.284,0.2848,39307.2
2023-11-19 06:00:00,0.2848,0.2885,0.2847,0.2875,337529.0
2023-11-19 06:30:00,0.2873,0.29,0.2869,0.2889,92088.8
2023-11-19 07:00:00,0.289,0.2909,0.2886,0.2905,114745.8
2023-11-19 07:30:00,0.2903,0.2906,0.2882,0.2884,148597.5
2023-11-19 08:00:00,0.2885,0.2907,0.2884,0.2902,64644.2
2023-11-19 08:30:00,0.2901,0.2904,0.2882,0.2882,41255.6
2023-11-19 09:00:00,0.2885,0.2886,0.2872,0.2885,21602.4
2023-11-19 09:30:00,0.2883,0.2898,0.2881,0.2895,46520.9
2023-11-19 10:00:00,0.2895,0.2897,0.2876,0.2876,26232.5
2023-11-19 10:30:00,0.2874,0.2884,0.2874,0.2879,37308.1
2023-11-19 11:00:00,0.2875,0.288,0.2844,0.2846,46111.2
2023-11-19 11:30:00,0.2844,0.2871,0.284,0.2867,64101.5
2023-11-19 12:00:00,0.2868,0.2883,0.2868,0.2868,48900.5
2023-11-19 12:30:00,0.2871,0.2888,0.2859,0.2888,74953.1
2023-11-19 13:00:00,0.2888,0.2903,0.2887,0.2895,58388.4
2023-11-19 13:30:00,0.2894,0.29,0.2891,0.2897,102575.3
2023-11-19 14:00:00,0.2897,0.2899,0.2874,0.2894,174686.6
2023-11-19 14:30:00,0.2894,0.2894,0.2881,0.2886,61561.4
2023-11-19 15:00:00,0.2885,0.2904,0.2877,0.2901,78164.6
2023-11-19 15:30:00,0.2899,0.2908,0.2891,0.2908,97476.3
2023-11-19 16:00:00,0.2908,0.2917,0.2884,0.2886,104960.3
2023-11-19 16:30:00,0.2889,0.2895,0.2882,0.2894,43226.6
2023-11-19 17:00:00,0.2894,0.2899,0.2892,0.2897,26691.1
2023-11-19 17:30:00,0.29,0.2906,0.2888,0.2894,127494.2
2023-11-19 18:00:00,0.2897,0.2911,0.2897,0.2909,31806.9
2023-11-19 18:30:00,0.2908,0.2917,0.2902,0.291,47984.1
2023-11-19 19:00:00,0.2912,0.2912,0.2896,0.2908,42996.6
2023-11-19 19:30:00,0.2909,0.2925,0.2906,0.2925,38777.2
2023-11-19 20:00:00,0.2925,0.2936,0.2911,0.2912,194729.7
2023-11-19 20:30:00,0.2909,0.2921,0.2907,0.2919,21651.2
2023-11-19 21:00:00,0.2919,0.2919,0.29,0.291,63925.6
2023-11-19 21:30:00,0.2912,0.2914,0.29,0.2904,27213.1
2023-11-19 22:00:00,0.291,0.2911,0.2892,0.2895,36078.3
2023-11-19 22:30:00,0.2893,0.2896,0.2884,0.2892,46709.3
2023-11-19 23:00:00,0.2894,0.2936,0.2894,0.2926,133748.9
2023-11-19 23:30:00,0.2927,0.2939,0.292,0.292,69494.4
2023-11-20 00:00:00,0.2927,0.2932,0.291,0.292,42927.6
2023-11-20 00:30:00,0.2919,0.2951,0.2904,0.295,136564.6
2023-11-20 01:00:00,0.2945,0.2957,0.2932,0.2942,56163.2
2023-11-20 01:30:00,0.2944,0.2946,0.2924,0.2927,35288.3
2023-11-20 02:00:00,0.2928,0.2932,0.2909,0.2921,109755.0
2023-11-20 02:30:00,0.2921,0.2935,0.2919,0.2934,27866.1
2023-11-20 03:00:00,0.2935,0.2938,0.2922,0.2925,57321.6
2023-11-20 03:30:00,0.2925,0.2931,0.2909,0.2917,46239.0
2023-11-20 04:00:00,0.2918,0.2918,0.2902,0.2915,96320.6
2023-11-20 04:30:00,0.2915,0.2926,0.2915,0.2923,21304.6
2023-11-20 05:00:00,0.2925,0.2925,0.2893,0.29,45719.7
2023-11-20 05:30:00,0.29,0.2902,0.2888,0.2893,80357.3
2023-11-20 06:00:00,0.2893,0.2901,0.2888,0.2891,34016.3
2023-11-20 06:30:00,0.2895,0.2908,0.2886,0.2906,31906.7
2023-11-20 07:00:00,0.2906,0.2907,0.2892,0.29,20572.5
2023-11-20 07:30:00,0.2901,0.2918,0.2901,0.2917,46435.6
2023-11-20 08:00:00,0.2916,0.2925,0.2909,0.2919,89427.5
2023-11-20 08:30:00,0.2922,0.2922,0.2899,0.2906,52761.9
2023-11-20 09:00:00,0.2907,0.2927,0.2903,0.2927,110757.5
2023-11-20 09:30:00,0.2927,0.2948,0.2926,0.2948,194913.3
2023-11-20 10:00:00,0.2948,0.295,0.2938,0.294,55257.7
2023-11-20 10:30:00,0.2942,0.2957,0.294,0.2952,176982.9
2023-11-20 11:00:00,0.2952,0.2972,0.295,0.2958,184548.9
2023-11-20 11:30:00,0.2957,0.2958,0.2928,0.2939,110137.2
2023-11-20 12:00:00,0.294,0.2945,0.2917,0.2921,63176.1
2023-11-20 12:30:00,0.2921,0.2932,0.292,0.2922,47009.0
2023-11-20 13:00:00,0.2924,0.2942,0.2919,0.2942,63199.8
2023-11-20 13:30:00,0.2941,0.2942,0.2917,0.2918,47424.7
2023-11-20 14:00:00,0.2917,0.2924,0.2878,0.2912,271812.9
2023-11-20 14:30:00,0.2913,0.2942,0.2913,0.294,114888.0
2023-11-20 15:00:00,0.294,0.2962,0.2929,0.2954,165516.3
2023-11-20 15:30:00,0.295,0.2964,0.2943,0.2956,89108.0
2023-11-20 16:00:00,0.296,0.2967,0.2933,0.2939,167631.7
2023-11-20 16:30:00,0.2934,0.2942,0.2905,0.291,85227.6
2023-11-20 17:00:00,0.2909,0.2929,0.2904,0.2921,172649.5
2023-11-20 17:30:00,0.2921,0.2994,0.2908,0.2988,356076.1
2023-11-20 18:00:00,0.2988,0.2992,0.2965,0.2985,187277.5
2023-11-20 18:30:00,0.2982,0.2983,0.295,0.2966,64890.3
2023-11-20 19:00:00,0.2964,0.2969,0.294,0.2963,103674.9
2023-11-20 19:30:00,0.2962,0.2966,0.2945,0.2945,113411.1
2023-11-20 20:00:00,0.2946,0.2969,0.2944,0.2969,47674.6
2023-11-20 20:30:00,0.2968,0.2968,0.2941,0.2943,20156.5
2023-11-20 21:00:00,0.2943,0.2943,0.2873,0.289,337487.4
2023-11-20 21:30:00,0.2889,0.2912,0.2886,0.2912,118158.5
2023-11-20 22:00:00,0.2912,0.2941,0.2909,0.2939,28321.8
2023-11-20 22:30:00,0.294,0.294,0.291,0.293,77748.1
2023-11-20 23:00:00,0.2928,0.2942,0.2926,0.2926,18790.8
2023-11-20 23:30:00,0.2924,0.2924,0.291,0.291,10055.0
2023-11-21 00:00:00,0.2909,0.2943,0.29,0.2941,28551.7
2023-11-21 00:30:00,0.294,0.2954,0.2932,0.295,56861.7
2023-11-21 01:00:00,0.2955,0.297,0.2947,0.2952,52457.6
2023-11-21 01:30:00,0.2952,0.2989,0.2952,0.2979,109461.7
2023-11-21 02:00:00,0.2977,0.298,0.2941,0.2941,55123.2
2023-11-21 02:30:00,0.2945,0.2957,0.2902,0.2906,194463.3
2023-11-21 03:00:00,0.2908,0.2939,0.2905,0.2926,61369.5
2023-11-21 03:30:00,0.292,0.2961,0.2916,0.2959,247666.3
2023-11-21 04:00:00,0.2959,0.2966,0.2938,0.295,46888.3
2023-11-21 04:30:00,0.295,0.2959,0.2949,0.2952,43205.9
2023-11-21 05:00:00,0.295,0.2958,0.2938,0.2948,41096.5
2023-11-21 05:30:00,0.2947,0.2952,0.2936,0.2943,161341.7
2023-11-21 06:00:00,0.2942,0.2959,0.2931,0.2957,65351.9
2023-11-21 06:30:00,0.2959,0.2977,0.2955,0.2965,259987.4
2023-11-21 07:00:00,0.2966,0.2966,0.2901,0.2905,183369.6
2023-11-21 07:30:00,0.2905,0.2915,0.2894,0.2895,74504.4
2023-11-21 08:00:00,0.2896,0.291,0.2896,0.29,143262.5
2023-11-21 08:30:00,0.2899,0.2905,0.2892,0.2904,409032.6
2023-11-21 09:00:00,0.2905,0.2986,0.2904,0.2977,918831.6
2023-11-21 09:30:00,0.2976,0.2985,0.2961,0.2961,242295.5
2023-11-21 10:00:00,0.296,0.2976,0.2954,0.2975,88622.2
2023-11-21 10:30:00,0.2977,0.2981,0.2924,0.2955,528644.5
2023-11-21 11:00:00,0.2956,0.2956,0.293,0.293,99532.3
2023-11-21 11:30:00,0.2929,0.2936,0.2919,0.2919,81853.5
2023-11-21 12:00:00,0.292,0.2938,0.2906,0.2936,252016.6
2023-11-21 12:30:00,0.2938,0.2986,0.2938,0.2982,470530.6
2023-11-21 13:00:00,0.2983,0.2985,0.296,0.298,234457.1
2023-11-21 13:30:00,0.2981,0.3,0.296,0.2973,378395.9
2023-11-21 14:00:00,0.297,0.301,0.2944,0.299,598645.9
2023-11-21 14:30:00,0.2987,0.2999,0.2958,0.2988,256820.7
2023-11-21 15:00:00,0.2992,0.2996,0.2894,0.293,1087175.2
2023-11-21 15:30:00,0.2928,0.3008,0.2917,0.299,672585.4
2023-11-21 16:00:00,0.299,0.302,0.2925,0.2942,1473064.2
2023-11-21 16:30:00,0.2942,0.2989,0.2921,0.2959,477561.9
2023-11-21 17:00:00,0.2951,0.2969,0.2928,0.2945,485610.5
2023-11-21 17:30:00,0.2947,0.298,0.2828,0.2832,2012754.3
2023-11-21 18:00:00,0.2833,0.2835,0.2778,0.2809,653721.9
2023-11-21 18:30:00,0.2811,0.2824,0.2801,0.2812,137320.5
2023-11-21 19:00:00,0.2817,0.2879,0.2815,0.287,247415.7
2023-11-21 19:30:00,0.2873,0.2873,0.2849,0.2861,90558.7
2023-11-21 20:00:00,0.2855,0.2861,0.2835,0.2855,65166.7
2023-11-21 20:30:00,0.2852,0.2892,0.285,0.2873,100948.1
2023-11-21 21:00:00,0.2874,0.2893,0.2851,0.287,495795.5
2023-11-21 21:30:00,0.2871,0.2871,0.2825,0.2829,167906.5
2023-11-21 22:00:00,0.2829,0.2829,0.2718,0.2742,1388572.5
2023-11-21 22:30:00,0.2738,0.2758,0.2642,0.268,833983.5
2023-11-21 23:00:00,0.2683,0.2696,0.2662,0.2693,394689.5
2023-11-21 23:30:00,0.2694,0.2694,0.2633,0.2633,311773.8
2023-11-22 00:00:00,0.2634,0.269,0.2627,0.2686,214156.7
2023-11-22 00:30:00,0.2685,0.2687,0.2647,0.2675,303911.3
2023-11-22 01:00:00,0.2676,0.2711,0.2671,0.271,299415.9
2023-11-22 01:30:00,0.2711,0.2714,0.2692,0.2694,99070.9
2023-11-22 02:00:00,0.2694,0.2709,0.2692,0.2705,148467.6
2023-11-22 02:30:00,0.2708,0.2737,0.2708,0.2735,116364.0
2023-11-22 03:00:00,0.2736,0.2744,0.2719,0.274,118702.3
2023-11-22 03:30:00,0.2741,0.2742,0.2728,0.2741,137978.5
2023-11-22 04:00:00,0.2741,0.2741,0.2723,0.2725,29320.3
2023-11-22 04:30:00,0.2725,0.2741,0.2717,0.2736,58974.1
2023-11-22 05:00:00,0.2736,0.2753,0.2736,0.2746,128080.9
2023-11-22 05:30:00,0.2746,0.2753,0.2746,0.275,101555.0
2023-11-22 06:00:00,0.2749,0.2768,0.2749,0.2758,95657.3
2023-11-22 06:30:00,0.2755,0.2771,0.2755,0.2758,185394.0
2023-11-22 07:00:00,0.2758,0.2767,0.2744,0.276,38917.7
2023-11-22 07:30:00,0.2757,0.2759,0.2735,0.2736,93790.6
2023-11-22 08:00:00,0.2737,0.275,0.2737,0.2743,23721.6
2023-11-22 08:30:00,0.2743,0.2759,0.2742,0.2759,51743.5
2023-11-22 09:00:00,0.2758,0.2758,0.2742,0.2746,85466.3
2023-11-22 09:30:00,0.2745,0.2762,0.2744,0.2758,111639.2
2023-11-22 10:00:00,0.2757,0.2758,0.2733,0.2733,22718.8
2023-11-22 10:30:00,0.2732,0.2748,0.2725,0.2745,34885.0
2023-11-22 11:00:00,0.2744,0.2747,0.2727,0.2736,45955.5
2023-11-22 11:30:00,0.2735,0.2742,0.2711,0.2715,218553.7
2023-11-22 12:00:00,0.2714,0.2731,0.271,0.2718,53976.8
2023-11-22 12:30:00,0.2718,0.2738,0.2716,0.2736,72317.0
2023-11-22 13:00:00,0.2732,0.2746,0.2722,0.2724,76504.1
2023-11-22 13:30:00,0.2722,0.2753,0.2721,0.2748,62480.6
2023-11-22 14:00:00,0.275,0.2763,0.2745,0.2749,99350.1
2023-11-22 14:30:00,0.2748,0.2754,0.2715,0.2726,121649.0
2023-11-22 15:00:00,0.2726,0.2741,0.2711,0.2734,103176.2
2023-11-22 15:30:00,0.2736,0.2744,0.2727,0.2731,84361.8
2023-11-22 16:00:00,0.2734,0.275,0.273,0.2732,72514.7
2023-11-22 16:30:00,0.2729,0.2746,0.2723,0.2746,299566.0
2023-11-22 17:00:00,0.2746,0.2767,0.2746,0.2761,43133.5
2023-11-22 17:30:00,0.2761,0.2775,0.2755,0.2774,28977.4
2023-11-22 18:00:00,0.2775,0.2819,0.2771,0.2818,138055.7
2023-11-22 18:30:00,0.2818,0.2838,0.2818,0.283,56812.1
2023-11-22 19:00:00,0.283,0.2847,0.283,0.283,52300.0
2023-11-22 19:30:00,0.2832,0.2841,0.2821,0.2839,49122.7
2023-11-22 20:00:00,0.2843,0.2845,0.282,0.2826,216552.4
2023-11-22 20:30:00,0.2824,0.2849,0.2823,0.2844,16549.3
2023-11-22 21:00:00,0.2848,0.2856,0.2836,0.2852,48151.9
2023-11-22 21:30:00,0.2854,0.2857,0.2832,0.2835,36119.7
2023-11-22 22:00:00,0.2846,0.2857,0.2831,0.2831,13793.6
2023-11-22 22:30:00,0.2831,0.2831,0.2818,0.2818,42819.3
2023-11-22 23:00:00,0.2818,0.2823,0.2804,0.2807,24969.4
2023-11-22 23:30:00,0.2807,0.2819,0.2807,0.2811,131966.1
2023-11-23 00:00:00,0.2813,0.2825,0.2812,0.2824,23055.2
2023-11-23 00:30:00,0.282,0.2824,0.2803,0.2808,26257.5
2023-11-23 01:00:00,0.2809,0.2845,0.2809,0.284,162586.0
2023-11-23 01:30:00,0.284,0.2841,0.2821,0.2828,187239.6
2023-11-23 02:00:00,0.2831,0.2834,0.2809,0.2817,32988.1
2023-11-23 02:30:00,0.2815,0.2824,0.2802,0.2804,301423.3
2023-11-23 03:00:00,0.2805,0.2807,0.2778,0.2798,268972.6
2023-11-23 03:30:00,0.28,0.28,0.279,0.2792,13996.8
2023-11-23 04:00:00,0.2792,0.2802,0.2785,0.2802,63715.8
2023-11-23 04:30:00,0.2799,0.2809,0.2797,0.2807,16348.1
2023-11-23 05:00:00,0.2805,0.2812,0.2802,0.2808,21384.6
2023-11-23 05:30:00,0.2808,0.2809,0.2793,0.2798,12776.0
2023-11-23 06:00:00,0.2797,0.2799,0.2786,0.2789,156922.1
2023-11-23 06:30:00,0.279,0.2794,0.2783,0.2793,19739.5
2023-11-23 07:00:00,0.2794,0.2813,0.2794,0.2802,57334.8
2023-11-23 07:30:00,0.2802,0.2805,0.2799,0.2803,29044.5
2023-11-23 08:00:00,0.2802,0.2811,0.2802,0.2808,66399.0
2023-11-23 08:30:00,0.2808,0.2817,0.2804,0.2812,31192.6
2023-11-23 09:00:00,0.2813,0.2815,0.2806,0.2808,39815.1
2023-11-23 09:30:00,0.2809,0.2823,0.2807,0.282,22022.6
2023-11-23 10:00:00,0.282,0.2822,0.2806,0.2806,29249.6
2023-11-23 10:30:00,0.2808,0.2813,0.2792,0.2798,166631.0
2023-11-23 11:00:00,0.2797,0.2797,0.276,0.2777,122766.9
2023-11-23 11:30:00,0.2779,0.2784,0.2766,0.2778,63645.7
2023-11-23 12:00:00,0.2775,0.2789,0.2768,0.2782,90452.5
2023-11-23 12:30:00,0.278,0.278,0.2756,0.2758,45727.4
2023-11-23 13:00:00,0.2757,0.2769,0.2754,0.2765,41464.7
2023-11-23 13:30:00,0.2766,0.2766,0.2747,0.2753,78033.4
2023-11-23 14:00:00,0.2751,0.2763,0.2748,0.2754,53853.7
2023-11-23 14:30:00,0.2754,0.2763,0.2745,0.2751,38035.4
2023-11-23 15:00:00,0.2751,0.2758,0.2718,0.2729,105720.9
2023-11-23 15:30:00,0.2728,0.2737,0.2716,0.2718,105258.2
2023-11-23 16:00:00,0.2718,0.2752,0.2718,0.2749,84483.2
2023-11-23 16:30:00,0.2749,0.275,0.2734,0.2739,42393.0
2023-11-23 17:00:00,0.2739,0.276,0.2739,0.2759,80104.8
2023-11-23 17:30:00,0.2758,0.2758,0.2744,0.2746,49601.9
2023-11-23 18:00:00,0.2745,0.2759,0.2744,0.275,78141.2
2023-11-23 18:30:00,0.275,0.2757,0.2743,0.275,59477.8
2023-11-23 19:00:00,0.2751,0.2752,0.2738,0.2746,73326.2
2023-11-23 19:30:00,0.2745,0.2751,0.2741,0.2743,35728.4
2023-11-23 20:00:00,0.2743,0.2758,0.2742,0.2757,21159.6
2023-11-23 20:30:00,0.2755,0.2755,0.2741,0.2745,28811.0
2023-11-23 21:00:00,0.2746,0.276,0.2746,0.2753,10663.4
2023-11-23 21:30:00,0.2753,0.2757,0.2747,0.2757,24835.8
2023-11-23 22:00:00,0.2755,0.276,0.2755,0.276,22486.8
2023-11-23 22:30:00,0.2761,0.2775,0.276,0.2774,23552.5
2023-11-23 23:00:00,0.2774,0.2777,0.2766,0.2766,19218.0
2023-11-23 23:30:00,0.2766,0.2768,0.2762,0.2763,23968.0
2023-11-24 00:00:00,0.2765,0.279,0.2759,0.2785,46726.3
2023-11-24 00:30:00,0.2782,0.2788,0.2775,0.2777,50146.1
2023-11-24 01:00:00,0.2777,0.2802,0.2777,0.2794,70486.0
2023-11-24 01:30:00,0.2794,0.2794,0.2782,0.2789,18382.2
2023-11-24 02:00:00,0.2791,0.2798,0.2782,0.2798,32837.7
2023-11-24 02:30:00,0.2799,0.2806,0.2793,0.2796,21250.7
2023-11-24 03:00:00,0.2798,0.2809,0.2792,0.2809,36307.8
2023-11-24 03:30:00,0.281,0.281,0.2794,0.2799,46341.8
2023-11-24 04:00:00,0.2797,0.2815,0.2797,0.2806,41585.2
2023-11-24 04:30:00,0.2805,0.2814,0.2802,0.2813,43697.4
2023-11-24 05:00:00,0.2813,0.2813,0.279,0.2806,12964.4
2023-11-24 05:30:00,0.281,0.2824,0.2801,0.2823,34805.7
2023-11-24 06:00:00,0.2822,0.2823,0.2812,0.2815,66879.8
2023-11-24 06:30:00,0.2816,0.2828,0.2815,0.282,15361.5
2023-11-24 07:00:00,0.282,0.2825,0.2812,0.2824,32244.7
2023-11-24 07:30:00,0.2827,0.2857,0.2824,0.2853,158661.9
2023-11-24 08:00:00,0.2855,0.2859,0.2843,0.2853,76025.1
2023-11-24 08:30:00,0.2854,0.2876,0.2848,0.287,106274.2
2023-11-24 09:00:00,0.287,0.2893,0.2861,0.2892,88165.7
2023-11-24 09:30:00,0.2889,0.2905,0.2882,0.2888,86605.7
2023-11-24 10:00:00,0.2891,0.2896,0.2884,0.2891,57869.6
2023-11-24 10:30:00,0.2891,0.291,0.2867,0.2869,101126.6
2023-11-24 11:00:00,0.2874,0.2891,0.2866,0.2886,55957.8
2023-11-24 11:30:00,0.2889,0.2905,0.2872,0.288,89427.8
2023-11-24 12:00:00,0.2878,0.2911,0.2875,0.2903,112349.6
2023-11-24 12:30:00,0.2903,0.2914,0.2889,0.2889,92949.2
2023-11-24 13:00:00,0.2888,0.2894,0.2876,0.2882,90904.3
2023-11-24 13:30:00,0.2882,0.2882,0.2872,0.2875,30655.1
2023-11-24 14:00:00,0.2877,0.2886,0.2857,0.286,113805.1
2023-11-24 14:30:00,0.286,0.2876,0.2858,0.2876,38159.6
2023-11-24 15:00:00,0.2881,0.2903,0.2877,0.2903,65509.3
2023-11-24 15:30:00,0.2894,0.2913,0.2884,0.2905,117964.2
2023-11-24 16:00:00,0.2905,0.2922,0.2904,0.2915,85714.9
2023-11-24 16:30:00,0.2916,0.2916,0.2865,0.2879,231630.7
2023-11-24 17:00:00,0.2879,0.2907,0.2875,0.2902,76134.2
2023-11-24 17:30:00,0.2904,0.292,0.2898,0.2916,168943.4
2023-11-24 18:00:00,0.2915,0.2925,0.2906,0.2908,93830.9
2023-11-24 18:30:00,0.2907,0.2907,0.289,0.2898,108847.2
2023-11-24 19:00:00,0.2898,0.2898,0.2884,0.2896,53326.5
2023-11-24 19:30:00,0.2895,0.2907,0.289,0.2903,60574.3
2023-11-24 20:00:00,0.2905,0.2984,0.2902,0.2972,946012.0
2023-11-24 20:30:00,0.2971,0.3016,0.2967,0.3002,1799421.7
2023-11-24 21:00:00,0.3001,0.3017,0.2931,0.2957,1019187.9
2023-11-24 21:30:00,0.2959,0.2971,0.2942,0.2944,207989.3
2023-11-24 22:00:00,0.2944,0.295,0.2915,0.2938,184891.4
2023-11-24 22:30:00,0.2938,0.2953,0.2935,0.2935,60619.3
2023-11-24 23:00:00,0.2941,0.2942,0.2919,0.2939,177652.8
2023-11-24 23:30:00,0.294,0.2972,0.2938,0.297,144875.7
2023-11-25 00:00:00,0.297,0.2981,0.2947,0.2979,134303.5
2023-11-25 00:30:00,0.2977,0.2986,0.2965,0.2976,64092.3
2023-11-25 01:00:00,0.2978,0.2999,0.2976,0.2999,99455.0
2023-11-25 01:30:00,0.2999,0.3008,0.2982,0.3,101341.6
2023-11-25 02:00:00,0.3001,0.3014,0.2983,0.3,190134.7
2023-11-25 02:30:00,0.3004,0.3021,0.3003,0.302,47845.5
2023-11-25 03:00:00,0.302,0.3049,0.3011,0.3046,161437.1
2023-11-25 03:30:00,0.3048,0.3114,0.3038,0.3092,896581.9
2023-11-25 04:00:00,0.3092,0.3137,0.3092,0.3117,460206.0
2023-11-25 04:30:00,0.3116,0.3134,0.3066,0.3078,336747.3
2023-11-25 05:00:00,0.308,0.3097,0.305,0.3097,318193.9
2023-11-25 05:30:00,0.3096,0.3099,0.3075,0.3081,59885.7
2023-11-25 06:00:00,0.3081,0.3113,0.3081,0.3109,549734.6
2023-11-25 06:30:00,0.3108,0.3141,0.3108,0.3133,380222.5
2023-11-25 07:00:00,0.3133,0.3181,0.312,0.3167,782824.7
2023-11-25 07:30:00,0.3172,0.3185,0.3129,0.3138,484347.4
2023-11-25 08:00:00,0.3137,0.3142,0.3109,0.3111,212585.4
2023-11-25 08:30:00,0.3112,0.3123,0.3088,0.3088,268979.4
2023-11-25 09:00:00,0.3088,0.3108,0.3079,0.3079,163150.1
2023-11-25 09:30:00,0.308,0.3088,0.307,0.3087,269363.8
2023-11-25 10:00:00,0.3087,0.3087,0.3065,0.3068,215865.8
2023-11-25 10:30:00,0.3069,0.3078,0.3063,0.3074,100166.2
2023-11-25 11:00:00,0.3074,0.3086,0.3066,0.3066,168550.5
2023-11-25 11:30:00,0.3066,0.3067,0.3023,0.3059,352920.0
2023-11-25 12:00:00,0.3058,0.3083,0.3047,0.3074,90432.7
2023-11-25 12:30:00,0.3075,0.3083,0.3065,0.3077,60531.5
2023-11-25 13:00:00,0.3076,0.3076,0.3054,0.3063,181519.9
2023-11-25 13:30:00,0.3064,0.3084,0.3063,0.3078,59981.2
2023-11-25 14:00:00,0.3079,0.3083,0.3056,0.3062,47925.2
2023-11-25 14:30:00,0.3066,0.3109,0.3061,0.3107,166997.9
2023-11-25 15:00:00,0.3107,0.3132,0.3078,0.3094,305020.3
2023-11-25 15:30:00,0.3098,0.3106,0.3086,0.3096,138823.5
2023-11-25 16:00:00,0.3101,0.3144,0.3099,0.3123,127287.4
2023-11-25 16:30:00,0.3124,0.3125,0.3108,0.3122,45764.0
2023-11-25 17:00:00,0.3118,0.3146,0.3118,0.3143,80204.8
2023-11-25 17:30:00,0.3144,0.3159,0.3136,0.3145,62464.4
2023-11-25 18:00:00,0.3144,0.3165,0.3138,0.3155,118117.5
2023-11-25 18:30:00,0.3158,0.3164,0.3126,0.3128,135478.3
2023-11-25 19:00:00,0.3129,0.3147,0.3129,0.3135,106199.6
2023-11-25 19:30:00,0.3134,0.314,0.3122,0.3138,61999.1
2023-11-25 20:00:00,0.3137,0.3139,0.3127,0.3135,52478.7
2023-11-25 20:30:00,0.3135,0.3139,0.3119,0.3138,76104.7
2023-11-25 21:00:00,0.3138,0.3153,0.3137,0.3145,24538.7
2023-11-25 21:30:00,0.3149,0.3153,0.314,0.3148,53037.9
2023-11-25 22:00:00,0.3147,0.315,0.3137,0.3148,15771.1
2023-11-25 22:30:00,0.3148,0.3163,0.3139,0.3161,61882.5
2023-11-25 23:00:00,0.3161,0.3167,0.3157,0.3165,55232.5
2023-11-25 23:30:00,0.3161,0.3176,0.3157,0.3173,116252.5
2023-11-26 00:00:00,0.3172,0.3172,0.3144,0.315,126687.5
2023-11-26 00:30:00,0.3152,0.3167,0.3141,0.3163,58733.0
2023-11-26 01:00:00,0.3163,0.3166,0.3127,0.3139,101366.9
2023-11-26 01:30:00,0.3137,0.3142,0.311,0.3115,276167.9
2023-11-26 02:00:00,0.3115,0.3163,0.3115,0.3154,111900.0
2023-11-26 02:30:00,0.3155,0.3157,0.3114,0.3119,114865.7
2023-11-26 03:00:00,0.3122,0.3135,0.3121,0.3124,39195.4
2023-11-26 03:30:00,0.3129,0.313,0.3109,0.3113,65960.8
2023-11-26 04:00:00,0.3114,0.3121,0.3095,0.3101,125255.4
2023-11-26 04:30:00,0.3104,0.3132,0.3104,0.3132,38834.0
2023-11-26 05:00:00,0.3128,0.3136,0.3121,0.3135,18628.1
2023-11-26 05:30:00,0.3135,0.3151,0.3132,0.3142,45080.5
2023-11-26 06:00:00,0.3142,0.3163,0.314,0.3156,94837.8
2023-11-26 06:30:00,0.3158,0.3188,0.315,0.3151,270453.3
2023-11-26 07:00:00,0.3153,0.3153,0.3131,0.3133,130067.7
2023-11-26 07:30:00,0.3132,0.3137,0.3123,0.3125,49409.6
2023-11-26 08:00:00,0.3125,0.3132,0.3114,0.3132,95672.4
2023-11-26 08:30:00,0.3133,0.3138,0.3126,0.3127,39437.9
2023-11-26 09:00:00,0.3127,0.315,0.3123,0.3147,92227.1
2023-11-26 09:30:00,0.3147,0.3168,0.3139,0.3165,226640.6
2023-11-26 10:00:00,0.3165,0.3178,0.3159,0.3175,163796.7
2023-11-26 10:30:00,0.3175,0.3184,0.3123,0.3126,275720.3
2023-11-26 11:00:00,0.3124,0.316,0.3124,0.3145,120177.4
2023-11-26 11:30:00,0.3142,0.3168,0.3142,0.3168,216346.4
2023-11-26 12:00:00,0.3167,0.3176,0.3125,0.3148,348890.1
2023-11-26 12:30:00,0.3148,0.3211,0.3142,0.3206,245633.7
2023-11-26 13:00:00,0.3206,0.3208,0.3156,0.3172,219613.3
2023-11-26 13:30:00,0.317,0.317,0.3131,0.3153,290641.0
2023-11-26 14:00:00,0.3153,0.3153,0.3119,0.3125,234322.2
2023-11-26 14:30:00,0.3121,0.3131,0.309,0.3096,263345.2
2023-11-26 15:00:00,0.3094,0.3108,0.3076,0.3105,221038.6
2023-11-26 15:30:00,0.3103,0.311,0.3063,0.3074,128127.8
2023-11-26 16:00:00,0.3075,0.3097,0.2939,0.3002,810303.6
2023-11-26 16:30:00,0.3003,0.3034,0.2989,0.3029,308171.9
2023-11-26 17:00:00,0.3024,0.3072,0.3024,0.3072,134765.7
2023-11-26 17:30:00,0.3075,0.3089,0.3071,0.3079,122464.6
2023-11-26 18:00:00,0.308,0.311,0.3071,0.3073,82216.9
2023-11-26 18:30:00,0.3073,0.3084,0.3056,0.3068,56425.6
2023-11-26 19:00:00,0.3064,0.3082,0.3061,0.3071,25140.0
2023-11-26 19:30:00,0.3068,0.3092,0.3066,0.3088,42542.1
2023-11-26 20:00:00,0.3085,0.3087,0.3073,0.3084,30370.0
2023-11-26 20:30:00,0.3083,0.3107,0.3083,0.3094,39238.1
2023-11-26 21:00:00,0.3094,0.3095,0.3078,0.3078,13441.6
2023-11-26 21:30:00,0.3078,0.3093,0.3077,0.3092,12184.7
2023-11-26 22:00:00,0.3092,0.3108,0.3092,0.3101,70190.5
2023-11-26 22:30:00,0.3103,0.3104,0.3096,0.3099,23760.4
2023-11-26 23:00:00,0.3099,0.3099,0.3077,0.3084,65607.2
2023-11-26 23:30:00,0.3085,0.3096,0.3084,0.3092,34112.0
2023-11-27 00:00:00,0.3092,0.3129,0.3079,0.3129,81980.2
2023-11-27 00:30:00,0.313,0.3157,0.313,0.3145,152027.0
2023-11-27 01:00:00,0.3144,0.3147,0.3126,0.3126,130957.8
2023-11-27 01:30:00,0.3126,0.3127,0.3086,0.309,175627.9
2023-11-27 02:00:00,0.3092,0.3099,0.306,0.3076,140135.8
2023-11-27 02:30:00,0.3076,0.3076,0.3053,0.307,82242.1
2023-11-27 03:00:00,0.3068,0.3069,0.3022,0.3026,116497.5
2023-11-27 03:30:00,0.3023,0.3043,0.301,0.3043,101752.2
2023-11-27 04:00:00,0.3043,0.3063,0.3038,0.3048,97107.8
2023-11-27 04:30:00,0.3048,0.3063,0.3045,0.3062,97772.7
2023-11-27 05:00:00,0.3064,0.3066,0.3046,0.3046,16915.5
2023-11-27 05:30:00,0.3047,0.3047,0.3014,0.3014,125828.0
2023-11-27 06:00:00,0.3013,0.3042,0.3009,0.3033,188322.5
2023-11-27 06:30:00,0.3036,0.3039,0.2981,0.2984,199207.3
2023-11-27 07:00:00,0.2986,0.3003,0.2946,0.2957,255764.0
2023-11-27 07:30:00,0.2959,0.2978,0.294,0.2978,263331.7
2023-11-27 08:00:00,0.2977,0.2989,0.2963,0.2989,59626.8
2023-11-27 08:30:00,0.2987,0.2987,0.2947,0.2951,97839.4
2023-11-27 09:00:00,0.2954,0.2986,0.2954,0.2968,157303.6
2023-11-27 09:30:00,0.2967,0.2978,0.2964,0.2964,39656.5
2023-11-27 10:00:00,0.2963,0.2974,0.2945,0.2952,157201.8
2023-11-27 10:30:00,0.2951,0.2955,0.2906,0.2922,269136.2
2023-11-27 11:00:00,0.2925,0.2936,0.291,0.2917,109422.2
2023-11-27 11:30:00,0.2915,0.2937,0.2894,0.292,498789.3
2023-11-27 12:00:00,0.2919,0.2932,0.2916,0.292,62018.9
2023-11-27 12:30:00,0.2919,0.2955,0.2919,0.2948,456977.5
2023-11-27 13:00:00,0.2948,0.2984,0.2948,0.2978,226056.1
2023-11-27 13:30:00,0.298,0.2987,0.2946,0.2981,183033.2
2023-11-27 14:00:00,0.2977,0.2993,0.2958,0.2963,70445.5
2023-11-27 14:30:00,0.2963,0.298,0.2946,0.2956,39927.2
2023-11-27 15:00:00,0.2954,0.3,0.2953,0.2987,181853.0
2023-11-27 15:30:00,0.2988,0.2991,0.2948,0.2949,176882.9
2023-11-27 16:00:00,0.2949,0.298,0.2936,0.2972,556307.8
2023-11-27 16:30:00,0.2972,0.2997,0.2966,0.2983,217332.4
2023-11-27 17:00:00,0.2984,0.2993,0.2977,0.298,124741.4
2023-11-27 17:30:00,0.2984,0.2989,0.2957,0.2968,154561.2
2023-11-27 18:00:00,0.2966,0.2975,0.2965,0.2975,122711.9
2023-11-27 18:30:00,0.2971,0.2977,0.296,0.2963,136166.7
2023-11-27 19:00:00,0.296,0.2978,0.296,0.2973,116758.0
2023-11-27 19:30:00,0.2973,0.2978,0.293,0.2953,244765.1
2023-11-27 20:00:00,0.2953,0.2962,0.2935,0.2935,74326.1
2023-11-27 20:30:00,0.2933,0.2939,0.2931,0.2938,56705.4
2023-11-27 21:00:00,0.2936,0.2962,0.2933,0.2961,41519.5
2023-11-27 21:30:00,0.2961,0.2976,0.2958,0.2969,41200.8
2023-11-27 22:00:00,0.2969,0.2971,0.2952,0.2963,40283.1
2023-11-27 22:30:00,0.2969,0.2985,0.2967,0.2985,13443.6
2023-11-27 23:00:00,0.2983,0.2988,0.2976,0.2987,104176.9
2023-11-27 23:30:00,0.2987,0.2989,0.2979,0.298,63623.6
2023-11-28 00:00:00,0.2981,0.2993,0.2968,0.299,66653.3
2023-11-28 00:30:00,0.299,0.2993,0.2978,0.2979,98166.6
2023-11-28 01:00:00,0.2979,0.2979,0.2964,0.2965,76455.0
2023-11-28 01:30:00,0.2963,0.298,0.2961,0.297,52114.3
2023-11-28 02:00:00,0.297,0.2977,0.2954,0.2975,249174.0
2023-11-28 02:30:00,0.2974,0.2981,0.2973,0.2973,18609.3
2023-11-28 03:00:00,0.2971,0.2981,0.2966,0.2967,12142.8
2023-11-28 03:30:00,0.2972,0.2975,0.2962,0.2967,39735.8
2023-11-28 04:00:00,0.2962,0.2966,0.2944,0.2944,77656.2
2023-11-28 04:30:00,0.2944,0.2955,0.2929,0.2933,426747.3
2023-11-28 05:00:00,0.2935,0.2947,0.2917,0.2934,328362.5
2023-11-28 05:30:00,0.2933,0.2936,0.291,0.2913,538478.9
2023-11-28 06:00:00,0.2913,0.2951,0.2911,0.2944,659372.4
2023-11-28 06:30:00,0.2947,0.297,0.2946,0.2961,436573.9
2023-11-28 07:00:00,0.296,0.3044,0.2947,0.299,1509132.8
2023-11-28 07:30:00,0.2988,0.318,0.2984,0.3048,4394023.8
2023-11-28 08:00:00,0.3046,0.3149,0.304,0.3085,7711564.7
2023-11-28 08:30:00,0.3084,0.3086,0.3029,0.3031,1174771.8
2023-11-28 09:00:00,0.3031,0.3034,0.2985,0.3009,1050488.0
2023-11-28 09:30:00,0.3012,0.3034,0.2993,0.3025,247918.1
2023-11-28 10:00:00,0.3023,0.3023,0.297,0.299,402917.0
2023-11-28 10:30:00,0.2991,0.3008,0.2981,0.2995,293552.3
2023-11-28 11:00:00,0.2995,0.3002,0.2982,0.2995,193058.9
2023-11-28 11:30:00,0.2994,0.3028,0.299,0.3022,287545.6
2023-11-28 12:00:00,0.3022,0.3029,0.2995,0.2999,111432.0
2023-11-28 12:30:00,0.2999,0.2999,0.2945,0.2952,645255.6
2023-11-28 13:00:00,0.2953,0.2956,0.2925,0.2948,333726.6
2023-11-28 13:30:00,0.2953,0.2969,0.2948,0.2964,308400.7
2023-11-28 14:00:00,0.2961,0.2971,0.295,0.2953,479315.8
2023-11-28 14:30:00,0.2954,0.2983,0.2936,0.2947,829147.4
2023-11-28 15:00:00,0.2949,0.2978,0.2945,0.297,633750.1
2023-11-28 15:30:00,0.297,0.2991,0.2948,0.298,431114.1
2023-11-28 16:00:00,0.2979,0.3002,0.2965,0.2968,458236.0
2023-11-28 16:30:00,0.2972,0.3014,0.2969,0.3008,401750.2
2023-11-28 17:00:00,0.3009,0.3025,0.2991,0.3014,266393.8
2023-11-28 17:30:00,0.3014,0.3028,0.3003,0.3004,223739.3
2023-11-28 18:00:00,0.3009,0.3016,0.2996,0.3013,403200.0
2023-11-28 18:30:00,0.301,0.301,0.2949,0.2959,554923.2
2023-11-28 19:00:00,0.2962,0.298,0.296,0.2977,123144.8
2023-11-28 19:30:00,0.2974,0.2992,0.2973,0.2983,107895.6
2023-11-28 20:00:00,0.2983,0.2997,0.2981,0.2988,100786.6
2023-11-28 20:30:00,0.2983,0.301,0.2982,0.3005,123401.3
2023-11-28 21:00:00,0.3006,0.3008,0.299,0.299,49654.4
2023-11-28 21:30:00,0.299,0.2991,0.2977,0.2985,109409.7
2023-11-28 22:00:00,0.2987,0.2991,0.2977,0.2977,19434.9
2023-11-28 22:30:00,0.2977,0.2977,0.295,0.2958,31308.3
2023-11-28 23:00:00,0.2962,0.2971,0.2959,0.2967,38684.2
2023-11-28 23:30:00,0.297,0.2975,0.2957,0.2967,121844.7
2023-11-29 00:00:00,0.2968,0.2969,0.2942,0.2962,57544.0
2023-11-29 00:30:00,0.2965,0.298,0.2965,0.2976,40737.1
2023-11-29 01:00:00,0.2977,0.2992,0.2966,0.299,51634.1
2023-11-29 01:30:00,0.299,0.2992,0.2968,0.2975,104596.8
2023-11-29 02:00:00,0.2977,0.2982,0.2963,0.2978,40138.6
2023-11-29 02:30:00,0.2978,0.298,0.2966,0.2971,69097.9
2023-11-29 03:00:00,0.2974,0.2979,0.2961,0.2979,74484.6
2023-11-29 03:30:00,0.298,0.2998,0.2974,0.2997,81526.8
2023-11-29 04:00:00,0.2998,0.301,0.2985,0.3005,76740.3
2023-11-29 04:30:00,0.3005,0.3024,0.2999,0.3022,152779.2
2023-11-29 05:00:00,0.3023,0.3023,0.3,0.3019,169708.3
2023-11-29 05:30:00,0.3019,0.3027,0.3002,0.3017,122080.2
2023-11-29 06:00:00,0.3018,0.302,0.3001,0.3011,158623.4
2023-11-29 06:30:00,0.3007,0.3019,0.3005,0.3015,45597.3
2023-11-29 07:00:00,0.3016,0.3018,0.299,0.3004,237302.5
2023-11-29 07:30:00,0.3004,0.3006,0.2991,0.3,322675.3
2023-11-29 08:00:00,0.3006,0.3018,0.2992,0.3017,278630.4
2023-11-29 08:30:00,0.3017,0.3026,0.3008,0.3015,363553.8
2023-11-29 09:00:00,0.3013,0.3024,0.3005,0.3005,162904.2
2023-11-29 09:30:00,0.3005,0.3019,0.2987,0.3001,258637.1
2023-11-29 10:00:00,0.2999,0.3007,0.2962,0.2976,814807.3
2023-11-29 10:30:00,0.2975,0.2992,0.2958,0.2988,1066183.3
2023-11-29 11:00:00,0.2989,0.3005,0.2986,0.2992,153824.7
2023-11-29 11:30:00,0.2991,0.3005,0.299,0.2994,93214.0
2023-11-29 12:00:00,0.2995,0.3,0.297,0.2988,234539.2
2023-11-29 12:30:00,0.2987,0.2991,0.2979,0.2983,114966.5
2023-11-29 13:00:00,0.2983,0.2992,0.2977,0.298,102979.7
2023-11-29 13:30:00,0.298,0.2994,0.2956,0.2988,371854.3
2023-11-29 14:00:00,0.299,0.301,0.2982,0.2989,206283.5
2023-11-29 14:30:00,0.299,0.299,0.2967,0.2978,403003.2
2023-11-29 15:00:00,0.2978,0.2984,0.2949,0.2972,617749.3
2023-11-29 15:30:00,0.2972,0.2993,0.2969,0.2991,69441.8
2023-11-29 16:00:00,0.2991,0.2999,0.2965,0.2969,132843.0
2023-11-29 16:30:00,0.2966,0.2986,0.2963,0.2981,177838.1
2023-11-29 17:00:00,0.298,0.2992,0.2973,0.2992,39623.0
2023-11-29 17:30:00,0.2991,0.3005,0.2991,0.2996,99884.8
2023-11-29 18:00:00,0.2995,0.3004,0.299,0.2996,116001.8
2023-11-29 18:30:00,0.2996,0.3008,0.2988,0.3004,345252.0
2023-11-29 19:00:00,0.3004,0.3009,0.2993,0.2993,94935.5
2023-11-29 19:30:00,0.2998,0.3005,0.2989,0.3004,21710.6
2023-11-29 20:00:00,0.3005,0.3006,0.2996,0.3001,87399.2
2023-11-29 20:30:00,0.3,0.3,0.2987,0.2995,26758.7
2023-11-29 21:00:00,0.2996,0.3004,0.2991,0.3002,39105.3
2023-11-29 21:30:00,0.3,0.3,0.2986,0.2997,68565.5
2023-11-29 22:00:00,0.2996,0.3008,0.2996,0.3006,24895.9
2023-11-29 22:30:00,0.3003,0.3006,0.2995,0.3003,36905.1
2023-11-29 23:00:00,0.3004,0.3012,0.2993,0.3004,106520.6
2023-11-29 23:30:00,0.3003,0.3011,0.299,0.2998,147642.9
2023-11-30 00:00:00,0.2995,0.3013,0.2992,0.3008,146811.7
2023-11-30 00:30:00,0.3008,0.3016,0.2994,0.2994,125526.3
2023-11-30 01:00:00,0.2995,0.3002,0.2985,0.2999,62058.6
2023-11-30 01:30:00,0.3001,0.3001,0.2991,0.3001,20292.7
2023-11-30 02:00:00,0.3,0.3007,0.2994,0.3006,130083.7
2023-11-30 02:30:00,0.3007,0.3018,0.3007,0.301,86475.5
2023-11-30 03:00:00,0.3013,0.3013,0.2996,0.2998,51892.9
2023-11-30 03:30:00,0.2998,0.3023,0.2997,0.3013,281954.4
2023-11-30 04:00:00,0.3013,0.3018,0.3009,0.3015,54095.7
2023-11-30 04:30:00,0.3013,0.3013,0.2998,0.3002,73494.6
2023-11-30 05:00:00,0.3002,0.3008,0.2993,0.3003,85271.2
2023-11-30 05:30:00,0.3003,0.3004,0.2991,0.2992,89980.6
2023-11-30 06:00:00,0.2992,0.3004,0.299,0.2994,61878.7
2023-11-30 06:30:00,0.2996,0.3002,0.2987,0.2995,89314.5
2023-11-30 07:00:00,0.3001,0.3001,0.299,0.2993,41739.7
2023-11-30 07:30:00,0.2993,0.3001,0.2987,0.299,40130.6
2023-11-30 08:00:00,0.2989,0.2993,0.2969,0.2987,229253.8
2023-11-30 08:30:00,0.2984,0.2988,0.2954,0.2972,595995.3
2023-11-30 09:00:00,0.2973,0.2985,0.2964,0.2979,76750.5
2023-11-30 09:30:00,0.2978,0.2981,0.2962,0.2971,154429.4
2023-11-30 10:00:00,0.2973,0.2987,0.2968,0.2987,56071.8
2023-11-30 10:30:00,0.2988,0.2988,0.2982,0.2983,66416.7
2023-11-30 11:00:00,0.2983,0.2989,0.2978,0.2989,31249.4
2023-11-30 11:30:00,0.2989,0.3,0.2989,0.2996,98891.5
2023-11-30 12:00:00,0.2997,0.3,0.2984,0.2987,107096.3
2023-11-30 12:30:00,0.2988,0.2997,0.2984,0.2989,92595.9
2023-11-30 13:00:00,0.2989,0.2989,0.2973,0.2985,150031.6
2023-11-30 13:30:00,0.2984,0.299,0.2972,0.2981,205018.7
2023-11-30 14:00:00,0.2981,0.2984,0.2969,0.2976,205655.4
2023-11-30 14:30:00,0.2976,0.2986,0.2971,0.298,166107.8
2023-11-30 15:00:00,0.2981,0.2989,0.2977,0.298,205295.6
2023-11-30 15:30:00,0.298,0.2988,0.2975,0.2983,76784.4
2023-11-30 16:00:00,0.2984,0.2988,0.2946,0.2963,1069544.8
2023-11-30 16:30:00,0.2961,0.2962,0.2921,0.2935,528745.3
2023-11-30 17:00:00,0.2936,0.294,0.2927,0.2934,85278.9
2023-11-30 17:30:00,0.2936,0.2942,0.2932,0.294,52553.5
2023-11-30 18:00:00,0.2939,0.2944,0.2934,0.2942,78048.6
2023-11-30 18:30:00,0.2942,0.2942,0.2922,0.2922,56102.0
2023-11-30 19:00:00,0.2922,0.2937,0.2921,0.2935,13400.5
2023-11-30 19:30:00,0.2936,0.2937,0.2924,0.2924,22462.6
2023-11-30 20:00:00,0.2924,0.2927,0.2915,0.2915,45631.5
2023-11-30 20:30:00,0.2917,0.2925,0.2917,0.292,35030.6
2023-11-30 21:00:00,0.2921,0.2929,0.2916,0.2929,43616.2
2023-11-30 21:30:00,0.293,0.2932,0.2924,0.2931,33545.5
2023-11-30 22:00:00,0.293,0.2937,0.2925,0.2936,24517.5
2023-11-30 22:30:00,0.2934,0.2936,0.2923,0.2923,53990.2
2023-11-30 23:00:00,0.2921,0.2934,0.2915,0.2934,22693.2
2023-11-30 23:30:00,0.2934,0.2945,0.2931,0.2943,40161.8
2023-12-01 00:00:00,0.2943,0.2945,0.2927,0.2928,43447.4
2023-12-01 00:30:00,0.2928,0.2941,0.2923,0.2934,23290.5
2023-12-01 01:00:00,0.2934,0.2965,0.2923,0.2965,175247.9
2023-12-01 01:30:00,0.2963,0.2969,0.2954,0.2958,195356.4
2023-12-01 02:00:00,0.2958,0.2964,0.2951,0.2955,111380.4
2023-12-01 02:30:00,0.2954,0.2962,0.295,0.2951,87061.3
2023-12-01 03:00:00,0.2952,0.2959,0.295,0.2952,104678.6
2023-12-01 03:30:00,0.2953,0.296,0.2948,0.2951,44807.1
2023-12-01 04:00:00,0.2951,0.296,0.2947,0.2958,77994.2
2023-12-01 04:30:00,0.2957,0.296,0.2945,0.2945,38513.7
2023-12-01 05:00:00,0.2946,0.2949,0.294,0.2945,27924.2
2023-12-01 05:30:00,0.2945,0.2945,0.2925,0.2926,48127.5
2023-12-01 06:00:00,0.2927,0.2943,0.2923,0.2936,123222.6
2023-12-01 06:30:00,0.2937,0.2941,0.293,0.2931,75488.9
2023-12-01 07:00:00,0.2931,0.2943,0.2931,0.2942,49245.7
2023-12-01 07:30:00,0.2942,0.2942,0.2925,0.293,50135.2
2023-12-01 08:00:00,0.2929,0.2935,0.2928,0.2928,54128.5
2023-12-01 08:30:00,0.2928,0.2932,0.2926,0.2927,39616.6
2023-12-01 09:00:00,0.2928,0.2974,0.2923,0.2965,640543.6
2023-12-01 09:30:00,0.2965,0.2971,0.2944,0.297,432800.0
2023-12-01 10:00:00,0.2971,0.2971,0.2959,0.2963,283926.0
2023-12-01 10:30:00,0.2964,0.2966,0.2956,0.2961,280393.4
2023-12-01 11:00:00,0.2962,0.2967,0.2957,0.2966,174835.4
2023-12-01 11:30:00,0.2966,0.2967,0.2958,0.2966,40651.4
2023-12-01 12:00:00,0.2965,0.297,0.2956,0.2965,108399.9
2023-12-01 12:30:00,0.2965,0.2966,0.2955,0.2958,83671.4
2023-12-01 13:00:00,0.2958,0.2965,0.2954,0.2962,33627.0
2023-12-01 13:30:00,0.2958,0.2966,0.2955,0.2961,20849.1
2023-12-01 14:00:00,0.296,0.2966,0.2957,0.2964,27412.4
2023-12-01 14:30:00,0.2964,0.2967,0.2954,0.296,81704.3
2023-12-01 15:00:00,0.296,0.2967,0.2956,0.2957,85643.5
2023-12-01 15:30:00,0.2961,0.2965,0.2952,0.2961,249125.3
2023-12-01 16:00:00,0.2961,0.2979,0.2958,0.2978,95740.6
2023-12-01 16:30:00,0.2979,0.298,0.2965,0.2972,212280.5
2023-12-01 17:00:00,0.2971,0.2975,0.2964,0.2967,37557.2
2023-12-01 17:30:00,0.2967,0.2968,0.2962,0.2966,46180.4
2023-12-01 18:00:00,0.2965,0.2973,0.2963,0.2967,32089.9
2023-12-01 18:30:00,0.2966,0.297,0.2963,0.2967,17271.0
2023-12-01 19:00:00,0.2965,0.2971,0.2964,0.2968,31968.8
2023-12-01 19:30:00,0.2965,0.2977,0.2964,0.2973,52711.3
2023-12-01 20:00:00,0.2973,0.2974,0.2965,0.2965,26913.3
2023-12-01 20:30:00,0.2966,0.297,0.2964,0.2968,7625.3
2023-12-01 21:00:00,0.2967,0.2971,0.2964,0.2964,35685.4
2023-12-01 21:30:00,0.2964,0.297,0.296,0.2964,42191.6
2023-12-01 22:00:00,0.2966,0.2967,0.2963,0.2964,20957.6
2023-12-01 22:30:00,0.2962,0.2966,0.2954,0.296,45419.2
2023-12-01 23:00:00,0.2959,0.2969,0.2959,0.2969,26182.1
2023-12-01 23:30:00,0.2968,0.297,0.2964,0.2966,13708.6
2023-12-02 00:00:00,0.2969,0.2969,0.2958,0.2958,84425.9
2023-12-02 00:30:00,0.2961,0.2972,0.2959,0.2972,49635.9
2023-12-02 01:00:00,0.2972,0.2977,0.2971,0.2976,72800.9
2023-12-02 01:30:00,0.2976,0.2977,0.2963,0.2965,84034.1
2023-12-02 02:00:00,0.2969,0.2969,0.2963,0.2965,26444.0
2023-12-02 02:30:00,0.2964,0.297,0.2961,0.297,48126.8
2023-12-02 03:00:00,0.2971,0.2978,0.2967,0.2976,94917.2
2023-12-02 03:30:00,0.2977,0.2985,0.2973,0.2975,141558.4
2023-12-02 04:00:00,0.2975,0.2975,0.2968,0.2971,34911.2
2023-12-02 04:30:00,0.2972,0.2977,0.2971,0.2975,63833.9
2023-12-02 05:00:00,0.2977,0.2978,0.2974,0.2974,18709.0
2023-12-02 05:30:00,0.2973,0.2976,0.2967,0.2967,20610.6
2023-12-02 06:00:00,0.2967,0.2977,0.2967,0.2971,34334.9
2023-12-02 06:30:00,0.2969,0.2978,0.2964,0.2978,54535.0
2023-12-02 07:00:00,0.2978,0.2978,0.2969,0.2969,26873.2
2023-12-02 07:30:00,0.2971,0.2974,0.2966,0.2972,20451.0
2023-12-02 08:00:00,0.2971,0.2977,0.2971,0.2976,59320.1
2023-12-02 08:30:00,0.2976,0.2978,0.2971,0.2977,43336.2
2023-12-02 09:00:00,0.2975,0.2979,0.2973,0.2974,75207.6
2023-12-02 09:30:00,0.2974,0.2974,0.2967,0.2969,51950.2
2023-12-02 10:00:00,0.2969,0.2973,0.2966,0.2968,81386.6
2023-12-02 10:30:00,0.2967,0.2979,0.2966,0.2979,155316.3
2023-12-02 11:00:00,0.2977,0.2979,0.2972,0.2972,43410.9
2023-12-02 11:30:00,0.2972,0.2979,0.297,0.2977,35895.8
2023-12-02 12:00:00,0.2974,0.2989,0.2971,0.2987,80091.3
2023-12-02 12:30:00,0.2986,0.2986,0.298,0.2984,175678.9
2023-12-02 13:00:00,0.2984,0.2985,0.2974,0.2983,96625.1
2023-12-02 13:30:00,0.2984,0.2985,0.2975,0.2978,55696.7
2023-12-02 14:00:00,0.2981,0.2983,0.2974,0.2983,45755.0
2023-12-02 14:30:00,0.2983,0.2988,0.2957,0.2972,205566.5
2023-12-02 15:00:00,0.2974,0.2976,0.2966,0.2974,106209.5
2023-12-02 15:30:00,0.2973,0.2978,0.2967,0.2972,93493.4
2023-12-02 16:00:00,0.2974,0.2978,0.2965,0.2971,195458.3
2023-12-02 16:30:00,0.2969,0.2973,0.2964,0.2968,136755.3
2023-12-02 17:00:00,0.2966,0.2982,0.2965,0.298,95052.4
2023-12-02 17:30:00,0.2981,0.2988,0.2975,0.2975,136671.6
2023-12-02 18:00:00,0.2977,0.2989,0.2977,0.2983,148413.5
2023-12-02 18:30:00,0.2983,0.2994,0.2979,0.2982,89540.6
2023-12-02 19:00:00,0.2982,0.3014,0.2975,0.2988,596024.9
2023-12-02 19:30:00,0.2987,0.2994,0.2983,0.2986,139286.4
2023-12-02 20:00:00,0.2989,0.2994,0.2987,0.2992,92990.1
2023-12-02 20:30:00,0.2992,0.2997,0.2985,0.2991,94993.5
2023-12-02 21:00:00,0.2993,0.2994,0.2981,0.2984,104751.7
2023-12-02 21:30:00,0.2986,0.2994,0.2985,0.2992,76103.8
2023-12-02 22:00:00,0.2993,0.2993,0.2978,0.2988,142395.7
2023-12-02 22:30:00,0.2987,0.299,0.2975,0.2985,111099.9
2023-12-02 23:00:00,0.2986,0.2995,0.2986,0.2989,64561.0
2023-12-02 23:30:00,0.299,0.2994,0.2987,0.2992,55056.7
2023-12-03 00:00:00,0.2993,0.2997,0.2982,0.2997,71875.7
2023-12-03 00:30:00,0.2995,0.3003,0.2989,0.2992,263628.0
2023-12-03 01:00:00,0.2991,0.2998,0.2985,0.2985,106343.6
2023-12-03 01:30:00,0.2986,0.2992,0.296,0.2983,465097.8
2023-12-03 02:00:00,0.2984,0.2994,0.2983,0.2986,128017.1
2023-12-03 02:30:00,0.2987,0.2996,0.2985,0.2993,144798.2
2023-12-03 03:00:00,0.2994,0.2998,0.2992,0.2994,166328.5
2023-12-03 03:30:00,0.2993,0.2997,0.2984,0.2992,129730.1
2023-12-03 04:00:00,0.2992,0.2996,0.2988,0.299,62724.8
2023-12-03 04:30:00,0.2991,0.2992,0.2982,0.2987,50206.4
2023-12-03 05:00:00,0.2984,0.2995,0.2983,0.2991,157578.1
2023-12-03 05:30:00,0.299,0.2991,0.2981,0.2985,79753.6
2023-12-03 06:00:00,0.2984,0.2988,0.2977,0.2988,73435.5
2023-12-03 06:30:00,0.2987,0.299,0.298,0.299,83836.0
2023-12-03 07:00:00,0.299,0.2991,0.2965,0.2982,343847.1
2023-12-03 07:30:00,0.2983,0.2984,0.2976,0.2984,44123.6
2023-12-03 08:00:00,0.2984,0.2986,0.2967,0.2972,164982.5
2023-12-03 08:30:00,0.2972,0.2977,0.2967,0.2974,166679.1
2023-12-03 09:00:00,0.2972,0.2983,0.2972,0.2979,95391.7
2023-12-03 09:30:00,0.298,0.2981,0.2976,0.2978,43346.0
2023-12-03 10:00:00,0.2976,0.2981,0.2972,0.298,87137.5
2023-12-03 10:30:00,0.298,0.2981,0.2975,0.2975,24490.2
2023-12-03 11:00:00,0.2975,0.2979,0.295,0.296,206087.2
2023-12-03 11:30:00,0.2959,0.2969,0.2959,0.2968,140527.0
2023-12-03 12:00:00,0.2967,0.2968,0.2962,0.2966,69902.6
2023-12-03 12:30:00,0.2966,0.2967,0.2937,0.2949,467533.4
2023-12-03 13:00:00,0.2947,0.2962,0.2945,0.2957,177627.1
2023-12-03 13:30:00,0.2958,0.2963,0.2947,0.2953,150308.8
2023-12-03 14:00:00,0.2952,0.2955,0.2935,0.2949,314850.9
2023-12-03 14:30:00,0.2947,0.2954,0.2946,0.2951,32217.6
2023-12-03 15:00:00,0.295,0.2955,0.2943,0.2955,108465.8
2023-12-03 15:30:00,0.2956,0.296,0.295,0.2951,129737.1
2023-12-03 16:00:00,0.2956,0.2959,0.2949,0.2959,19448.4
2023-12-03 16:30:00,0.2954,0.2956,0.295,0.2955,39074.2
2023-12-03 17:00:00,0.2954,0.2956,0.2949,0.2951,97938.2
2023-12-03 17:30:00,0.295,0.2955,0.2947,0.2953,47276.9
2023-12-03 18:00:00,0.2953,0.296,0.2951,0.2957,87975.0
2023-12-03 18:30:00,0.2957,0.2962,0.2953,0.2955,73367.3
2023-12-03 19:00:00,0.2956,0.296,0.2945,0.2954,114055.8
2023-12-03 19:30:00,0.2954,0.2959,0.2954,0.2955,8945.9
2023-12-03 20:00:00,0.2953,0.296,0.2953,0.2956,19952.2
2023-12-03 20:30:00,0.2957,0.296,0.2952,0.2954,33334.6
2023-12-03 21:00:00,0.2954,0.2956,0.2952,0.2956,32261.3
2023-12-03 21:30:00,0.2959,0.2963,0.2957,0.2961,20437.7
2023-12-03 22:00:00,0.2961,0.2978,0.296,0.2967,377633.5
2023-12-03 22:30:00,0.2968,0.2984,0.2958,0.2967,138909.7
2023-12-03 23:00:00,0.2968,0.2971,0.2949,0.2955,246688.4
2023-12-03 23:30:00,0.2953,0.2962,0.2944,0.2955,39118.7
2023-12-04 00:00:00,0.2961,0.2964,0.295,0.296,72462.6
2023-12-04 00:30:00,0.2962,0.2969,0.2962,0.2967,111230.5
2023-12-04 01:00:00,0.2966,0.2977,0.2958,0.2972,219150.3
2023-12-04 01:30:00,0.297,0.2991,0.2966,0.2969,555390.8
2023-12-04 02:00:00,0.297,0.2976,0.2964,0.2973,67423.3
2023-12-04 02:30:00,0.2973,0.2983,0.2969,0.2973,160448.0
2023-12-04 03:00:00,0.297,0.2981,0.2967,0.2979,91262.0
2023-12-04 03:30:00,0.298,0.2983,0.2965,0.2978,164876.4
2023-12-04 04:00:00,0.2978,0.2982,0.2973,0.2978,182913.6
2023-12-04 04:30:00,0.2979,0.2992,0.2978,0.2984,391876.2
2023-12-04 05:00:00,0.2984,0.2994,0.2972,0.2975,388806.7
2023-12-04 05:30:00,0.2974,0.2985,0.292,0.2975,994235.3
2023-12-04 06:00:00,0.2975,0.2982,0.2967,0.2981,320055.0
2023-12-04 06:30:00,0.298,0.2985,0.2975,0.2975,258681.9
2023-12-04 07:00:00,0.2977,0.2987,0.2975,0.2983,237600.4
2023-12-04 07:30:00,0.2983,0.2989,0.297,0.2982,375692.7
2023-12-04 08:00:00,0.2983,0.3001,0.2982,0.3001,559838.8
2023-12-04 08:30:00,0.3001,0.3019,0.2994,0.3002,953185.3
2023-12-04 09:00:00,0.3002,0.3014,0.2991,0.3001,276294.7
2023-12-04 09:30:00,0.3001,0.3006,0.2981,0.299,321381.0
2023-12-04 10:00:00,0.2986,0.2997,0.2986,0.2996,133285.5
2023-12-04 10:30:00,0.2996,0.2999,0.2985,0.299,253907.2
2023-12-04 11:00:00,0.2991,0.3008,0.2694,0.2924,3596072.9
2023-12-04 11:30:00,0.2923,0.2975,0.2912,0.2949,1443012.0
2023-12-04 12:00:00,0.2948,0.2952,0.2932,0.2942,415159.1
2023-12-04 12:30:00,0.2942,0.2955,0.294,0.2952,116801.5
2023-12-04 13:00:00,0.2951,0.2956,0.2938,0.2944,350356.2
2023-12-04 13:30:00,0.2942,0.2953,0.2923,0.2937,283587.9
2023-12-04 14:00:00,0.2938,0.2943,0.2904,0.2927,622058.7
2023-12-04 14:30:00,0.2927,0.294,0.2909,0.2932,289626.4
2023-12-04 15:00:00,0.2932,0.2938,0.2927,0.2929,103103.6
2023-12-04 15:30:00,0.2929,0.2941,0.2923,0.2932,101884.4
2023-12-04 16:00:00,0.293,0.2942,0.2923,0.2942,53734.8
2023-12-04 16:30:00,0.294,0.2943,0.2933,0.2937,26585.5
2023-12-04 17:00:00,0.2941,0.2941,0.2933,0.2935,148079.9
2023-12-04 17:30:00,0.2935,0.2941,0.293,0.2937,62718.6
2023-12-04 18:00:00,0.294,0.2946,0.2931,0.2944,102467.8
2023-12-04 18:30:00,0.2943,0.2945,0.2938,0.2944,23185.0
2023-12-04 19:00:00,0.2943,0.2946,0.2936,0.2942,61091.2
2023-12-04 19:30:00,0.2942,0.2949,0.2935,0.2942,110912.2
2023-12-04 20:00:00,0.2945,0.2946,0.2938,0.2945,60129.4
2023-12-04 20:30:00,0.2946,0.2947,0.2935,0.2943,171006.0
2023-12-04 21:00:00,0.294,0.2949,0.2939,0.2948,46786.1
2023-12-04 21:30:00,0.2948,0.2952,0.2936,0.2946,155246.8
2023-12-04 22:00:00,0.2946,0.296,0.2938,0.2952,316845.9
2023-12-04 22:30:00,0.2953,0.2953,0.2932,0.294,169358.9
2023-12-04 23:00:00,0.2939,0.2957,0.2933,0.2949,198653.9
2023-12-04 23:30:00,0.2949,0.2962,0.2949,0.2956,381254.6
2023-12-05 00:00:00,0.2957,0.2972,0.2951,0.2965,494991.3
2023-12-05 00:30:00,0.2967,0.2988,0.296,0.2985,1305946.2
2023-12-05 01:00:00,0.2989,0.2995,0.2961,0.2968,773046.5
2023-12-05 01:30:00,0.2967,0.2974,0.2963,0.297,310012.3
2023-12-05 02:00:00,0.2971,0.2992,0.296,0.2965,545378.5
2023-12-05 02:30:00,0.2964,0.2972,0.2963,0.2968,73463.3
2023-12-05 03:00:00,0.2969,0.2989,0.2967,0.2987,273011.7
2023-12-05 03:30:00,0.2987,0.2988,0.297,0.2978,172244.4
2023-12-05 04:00:00,0.2979,0.298,0.2968,0.2979,167733.4
2023-12-05 04:30:00,0.2979,0.2987,0.2978,0.2984,190883.7
2023-12-05 05:00:00,0.2985,0.299,0.2981,0.2988,230019.7
2023-12-05 05:30:00,0.2988,0.299,0.2984,0.2987,70441.2
2023-12-05 06:00:00,0.2989,0.3018,0.2984,0.2996,808556.5
2023-12-05 06:30:00,0.2997,0.3,0.2985,0.2997,381431.3
2023-12-05 07:00:00,0.2997,0.3011,0.2973,0.2985,693458.5
2023-12-05 07:30:00,0.2986,0.2993,0.2958,0.2984,892341.8
2023-12-05 08:00:00,0.2983,0.3054,0.2982,0.2998,2184477.6
2023-12-05 08:30:00,0.2998,0.3004,0.299,0.2996,483767.1
2023-12-05 09:00:00,0.2996,0.3006,0.2992,0.3005,125597.0
2023-12-05 09:30:00,0.3006,0.3009,0.2996,0.3,228514.4
2023-12-05 10:00:00,0.2998,0.3006,0.2985,0.2994,344770.6
2023-12-05 10:30:00,0.2994,0.2995,0.2962,0.2975,391194.2
2023-12-05 11:00:00,0.2976,0.2989,0.297,0.2985,201095.3
2023-12-05 11:30:00,0.2985,0.2998,0.298,0.2992,206386.3
2023-12-05 12:00:00,0.299,0.2997,0.2979,0.2994,305124.9
2023-12-05 12:30:00,0.2994,0.3013,0.2992,0.3003,387694.0
2023-12-05 13:00:00,0.3002,0.3015,0.2987,0.3004,621639.7
2023-12-05 13:30:00,0.2999,0.301,0.2989,0.3002,418730.2
2023-12-05 14:00:00,0.3002,0.3025,0.3,0.302,781592.0
2023-12-05 14:30:00,0.302,0.3026,0.3009,0.3019,337697.6
2023-12-05 15:00:00,0.3019,0.3023,0.3001,0.3007,304289.6
2023-12-05 15:30:00,0.3009,0.3023,0.3006,0.3021,353420.2
2023-12-05 16:00:00,0.302,0.3027,0.3007,0.3019,286752.9
2023-12-05 16:30:00,0.302,0.3038,0.3016,0.3038,481263.7
2023-12-05 17:00:00,0.3038,0.3059,0.3027,0.3036,890092.9
2023-12-05 17:30:00,0.3038,0.3042,0.301,0.303,688098.2
2023-12-05 18:00:00,0.303,0.3047,0.3012,0.3018,452505.1
2023-12-05 18:30:00,0.302,0.3025,0.3009,0.3015,359720.0
2023-12-05 19:00:00,0.3019,0.3032,0.3016,0.3022,149897.5
2023-12-05 19:30:00,0.3022,0.3033,0.3021,0.3026,91196.1
2023-12-05 20:00:00,0.3023,0.3028,0.3008,0.3014,283162.0
2023-12-05 20:30:00,0.3014,0.3025,0.3013,0.3017,127445.0
2023-12-05 21:00:00,0.3021,0.3023,0.3009,0.3015,113237.5
2023-12-05 21:30:00,0.3012,0.3017,0.301,0.3012,129435.9
2023-12-05 22:00:00,0.301,0.3019,0.3008,0.3012,145023.5
2023-12-05 22:30:00,0.3009,0.3012,0.3007,0.3011,105570.4
2023-12-05 23:00:00,0.3014,0.3028,0.3013,0.3023,265538.2
2023-12-05 23:30:00,0.3021,0.3027,0.3015,0.3024,129592.1
2023-12-06 00:00:00,0.3026,0.3054,0.3024,0.3031,826216.5
2023-12-06 00:30:00,0.3031,0.3036,0.3019,0.3029,221865.2
2023-12-06 01:00:00,0.3029,0.3056,0.3028,0.3034,662078.8
2023-12-06 01:30:00,0.3033,0.3038,0.3023,0.3033,313827.5
2023-12-06 02:00:00,0.3032,0.3041,0.3025,0.3027,308732.6
2023-12-06 02:30:00,0.3025,0.3033,0.3,0.3029,537400.2
2023-12-06 03:00:00,0.3029,0.3031,0.3018,0.302,183037.5
2023-12-06 03:30:00,0.302,0.3022,0.3012,0.3021,283786.4
2023-12-06 04:00:00,0.302,0.3026,0.302,0.3026,127357.9
2023-12-06 04:30:00,0.3026,0.3028,0.3015,0.3026,106466.6
2023-12-06 05:00:00,0.3028,0.3036,0.2994,0.3009,354898.1
2023-12-06 05:30:00,0.3009,0.3011,0.2953,0.2998,962354.9
2023-12-06 06:00:00,0.2998,0.3002,0.2976,0.2996,483433.1
2023-12-06 06:30:00,0.2995,0.3,0.2985,0.2995,125198.1
2023-12-06 07:00:00,0.2995,0.3,0.2985,0.2998,93980.9
2023-12-06 07:30:00,0.2999,0.3004,0.2978,0.3,358961.2
2023-12-06 08:00:00,0.2997,0.3007,0.2993,0.3006,152842.7
2023-12-06 08:30:00,0.3006,0.3019,0.2997,0.3014,302225.8
2023-12-06 09:00:00,0.3016,0.3018,0.3002,0.3004,175637.7
2023-12-06 09:30:00,0.3002,0.3011,0.2998,0.3,178017.5
2023-12-06 10:00:00,0.3002,0.301,0.2973,0.2999,482696.3
2023-12-06 10:30:00,0.3,0.3001,0.2988,0.2996,235135.6
2023-12-06 11:00:00,0.2995,0.2997,0.2956,0.2961,864815.5
2023-12-06 11:30:00,0.296,0.297,0.2902,0.2964,1352536.6
2023-12-06 12:00:00,0.2966,0.2972,0.2957,0.2962,145116.0
2023-12-06 12:30:00,0.2962,0.2974,0.2961,0.2971,100580.7
2023-12-06 13:00:00,0.2974,0.2985,0.2964,0.2971,280170.0
2023-12-06 13:30:00,0.2968,0.2977,0.296,0.2969,167303.9
2023-12-06 14:00:00,0.2969,0.2974,0.2966,0.2973,166428.4
2023-12-06 14:30:00,0.2972,0.2976,0.2955,0.296,421214.8
2023-12-06 15:00:00,0.2959,0.2971,0.2956,0.2962,168122.4
2023-12-06 15:30:00,0.2964,0.2978,0.296,0.2976,315577.7
2023-12-06 16:00:00,0.2977,0.2983,0.2966,0.2981,262881.8
2023-12-06 16:30:00,0.2981,0.2984,0.2971,0.2978,162158.1
2023-12-06 17:00:00,0.2979,0.2992,0.2977,0.299,251335.0
2023-12-06 17:30:00,0.299,0.2993,0.2979,0.2984,188295.6
2023-12-06 18:00:00,0.2984,0.299,0.2978,0.2988,119092.3
2023-12-06 18:30:00,0.2988,0.2993,0.2986,0.2993,39012.1
2023-12-06 19:00:00,0.2993,0.2995,0.2987,0.2993,55883.3
2023-12-06 19:30:00,0.2993,0.2998,0.299,0.2995,103770.3
2023-12-06 20:00:00,0.2996,0.3001,0.2986,0.2986,142310.3
2023-12-06 20:30:00,0.2986,0.2993,0.2978,0.298,103826.6
2023-12-06 21:00:00,0.2981,0.3027,0.2981,0.3006,682541.6
2023-12-06 21:30:00,0.3007,0.3008,0.2989,0.3,288194.9
2023-12-06 22:00:00,0.3003,0.3008,0.2999,0.2999,155131.8
2023-12-06 22:30:00,0.3,0.3,0.2959,0.2988,368397.4
2023-12-06 23:00:00,0.2988,0.2993,0.2978,0.2985,107518.8
2023-12-06 23:30:00,0.2984,0.2991,0.2979,0.2983,116882.1
2023-12-07 00:00:00,0.2988,0.2995,0.2982,0.2993,100706.8
2023-12-07 00:30:00,0.2994,0.2998,0.2979,0.2987,197035.7
2023-12-07 01:00:00,0.2987,0.299,0.2981,0.2989,122045.3
2023-12-07 01:30:00,0.2987,0.2994,0.2979,0.2991,139430.3
2023-12-07 02:00:00,0.2994,0.2997,0.2987,0.2991,20267.0
2023-12-07 02:30:00,0.2993,0.2995,0.2975,0.2985,93749.3
2023-12-07 03:00:00,0.2985,0.2987,0.2968,0.2974,114604.4
2023-12-07 03:30:00,0.2974,0.2985,0.2974,0.2983,47319.6
2023-12-07 04:00:00,0.2984,0.2993,0.2984,0.2993,39160.3
2023-12-07 04:30:00,0.2992,0.2999,0.2991,0.2997,40435.3
2023-12-07 05:00:00,0.3,0.3007,0.2997,0.3007,87667.3
2023-12-07 05:30:00,0.3006,0.3009,0.2996,0.2996,154504.2
2023-12-07 06:00:00,0.3002,0.3008,0.2996,0.3004,121712.7
2023-12-07 06:30:00,0.3006,0.3025,0.3005,0.3023,635583.6
2023-12-07 07:00:00,0.3024,0.3031,0.3008,0.301,386903.1
2023-12-07 07:30:00,0.3009,0.3019,0.3005,0.301,144960.2
2023-12-07 08:00:00,0.301,0.3018,0.3001,0.3003,191920.9
2023-12-07 08:30:00,0.3001,0.3017,0.3,0.3005,190048.0
2023-12-07 09:00:00,0.3005,0.3007,0.2938,0.298,1137725.3
2023-12-07 09:30:00,0.2976,0.2989,0.2967,0.2986,138446.2
2023-12-07 10:00:00,0.2986,0.299,0.2975,0.2984,195055.8
2023-12-07 10:30:00,0.2984,0.2992,0.298,0.2985,147982.4
2023-12-07 11:00:00,0.2986,0.2995,0.2982,0.2992,52775.2
2023-12-07 11:30:00,0.2993,0.2994,0.2983,0.299,38920.4
2023-12-07 12:00:00,0.2989,0.2997,0.2983,0.2994,150815.1
2023-12-07 12:30:00,0.2996,0.3003,0.2993,0.3,209219.9
2023-12-07 13:00:00,0.3001,0.3012,0.2994,0.3004,266504.3
2023-12-07 13:30:00,0.3004,0.3006,0.2998,0.3004,31330.7
2023-12-07 14:00:00,0.3004,0.3011,0.3001,0.3006,115573.6
2023-12-07 14:30:00,0.3006,0.3014,0.3006,0.301,152631.8
2023-12-07 15:00:00,0.3009,0.3023,0.3008,0.3022,276499.5
2023-12-07 15:30:00,0.3023,0.303,0.3016,0.3022,452523.0
2023-12-07 16:00:00,0.302,0.3039,0.3015,0.3034,502097.2
2023-12-07 16:30:00,0.3034,0.3043,0.3031,0.3042,256441.0
2023-12-07 17:00:00,0.3042,0.311,0.3035,0.3062,2100264.1
2023-12-07 17:30:00,0.3063,0.308,0.3052,0.3079,982406.8
2023-12-07 18:00:00,0.3079,0.308,0.306,0.307,311533.9
2023-12-07 18:30:00,0.3069,0.307,0.3058,0.3069,288081.8
2023-12-07 19:00:00,0.307,0.307,0.3041,0.3056,380556.3
2023-12-07 19:30:00,0.3056,0.3061,0.3054,0.3058,276458.6
2023-12-07 20:00:00,0.3059,0.307,0.3059,0.3069,177364.8
2023-12-07 20:30:00,0.3069,0.307,0.3053,0.3068,167868.6
2023-12-07 21:00:00,0.3068,0.3083,0.3063,0.3074,382827.4
2023-12-07 21:30:00,0.3076,0.3083,0.3068,0.3077,154838.5
2023-12-07 22:00:00,0.3075,0.3079,0.3066,0.3067,172359.7
2023-12-07 22:30:00,0.3066,0.3068,0.3059,0.3059,260841.3
2023-12-07 23:00:00,0.3059,0.3066,0.3053,0.3062,146260.3
2023-12-07 23:30:00,0.3061,0.3075,0.306,0.3071,201590.2
2023-12-08 00:00:00,0.3071,0.308,0.3068,0.3075,241706.4
2023-12-08 00:30:00,0.3075,0.3075,0.3061,0.3073,166974.0
2023-12-08 01:00:00,0.3073,0.3079,0.3064,0.3079,231876.1
2023-12-08 01:30:00,0.3078,0.3084,0.3075,0.3079,147664.8
2023-12-08 02:00:00,0.308,0.308,0.307,0.3071,76169.3
2023-12-08 02:30:00,0.3071,0.3078,0.3067,0.3076,69414.7
2023-12-08 03:00:00,0.3074,0.308,0.3068,0.3079,127120.5
2023-12-08 03:30:00,0.308,0.3089,0.3076,0.3083,234001.9
2023-12-08 04:00:00,0.3085,0.3089,0.308,0.3085,143230.7
2023-12-08 04:30:00,0.3085,0.31,0.3076,0.3077,318456.0
2023-12-08 05:00:00,0.3076,0.3082,0.3069,0.3081,101252.0
2023-12-08 05:30:00,0.308,0.3082,0.3071,0.308,86602.1
2023-12-08 06:00:00,0.3081,0.3088,0.3076,0.3088,221056.5
2023-12-08 06:30:00,0.3088,0.3088,0.3074,0.3084,180573.3
2023-12-08 07:00:00,0.3084,0.3084,0.3068,0.3068,130568.3
2023-12-08 07:30:00,0.3069,0.3076,0.3061,0.3068,184551.1
2023-12-08 08:00:00,0.3066,0.307,0.3058,0.3067,206034.7
2023-12-08 08:30:00,0.3067,0.3074,0.3062,0.3064,104693.9
2023-12-08 09:00:00,0.3063,0.3075,0.3062,0.3073,172910.0
2023-12-08 09:30:00,0.3072,0.3073,0.3056,0.3059,202604.5
2023-12-08 10:00:00,0.306,0.3071,0.3058,0.307,132060.3
2023-12-08 10:30:00,0.3071,0.3074,0.3059,0.3073,173678.7
2023-12-08 11:00:00,0.3074,0.3076,0.307,0.3073,127861.8
2023-12-08 11:30:00,0.3076,0.3081,0.307,0.3074,128453.7
2023-12-08 12:00:00,0.3074,0.3076,0.3066,0.3075,167921.5
2023-12-08 12:30:00,0.3073,0.3078,0.307,0.3073,125140.3
2023-12-08 13:00:00,0.3073,0.3077,0.3066,0.3074,123126.9
2023-12-08 13:30:00,0.3073,0.3073,0.3059,0.3062,329027.5
2023-12-08 14:00:00,0.3061,0.3068,0.3054,0.3065,121596.1
2023-12-08 14:30:00,0.3063,0.3069,0.306,0.3067,124320.9
2023-12-08 15:00:00,0.3067,0.3072,0.3058,0.3061,181223.7
2023-12-08 15:30:00,0.306,0.3072,0.3057,0.3069,344596.2
2023-12-08 16:00:00,0.307,0.3077,0.3069,0.3076,276652.1
2023-12-08 16:30:00,0.3076,0.3081,0.3069,0.3073,312318.6
2023-12-08 17:00:00,0.3074,0.3074,0.306,0.3063,322305.9
2023-12-08 17:30:00,0.3065,0.3077,0.3061,0.3073,101766.0
2023-12-08 18:00:00,0.3073,0.308,0.3072,0.3077,150223.5
2023-12-08 18:30:00,0.3078,0.3084,0.3074,0.3081,293044.0
2023-12-08 19:00:00,0.308,0.3085,0.3079,0.3083,159165.6
2023-12-08 19:30:00,0.3083,0.3088,0.3082,0.3087,250452.2
2023-12-08 20:00:00,0.3087,0.3092,0.3086,0.309,157946.0
2023-12-08 20:30:00,0.3091,0.3095,0.3086,0.3092,175023.3
2023-12-08 21:00:00,0.3094,0.3095,0.3091,0.3095,104559.6
2023-12-08 21:30:00,0.3094,0.3095,0.3079,0.309,85344.6
2023-12-08 22:00:00,0.3087,0.3092,0.3084,0.309,124408.2
2023-12-08 22:30:00,0.3087,0.309,0.308,0.308,104231.9
2023-12-08 23:00:00,0.3085,0.3094,0.3073,0.3092,80833.8
2023-12-08 23:30:00,0.3091,0.3096,0.3088,0.3095,59337.4
2023-12-09 00:00:00,0.3093,0.3106,0.3092,0.3105,206949.8
2023-12-09 00:30:00,0.3102,0.3109,0.3101,0.3108,200227.9
2023-12-09 01:00:00,0.3107,0.3107,0.3088,0.3098,279356.7
2023-12-09 01:30:00,0.3098,0.3106,0.3096,0.3103,118170.8
2023-12-09 02:00:00,0.3103,0.3105,0.3095,0.3096,96269.7
2023-12-09 02:30:00,0.3097,0.3097,0.3089,0.309,114762.8
2023-12-09 03:00:00,0.3089,0.3103,0.3089,0.31,189254.6
2023-12-09 03:30:00,0.3103,0.3107,0.3101,0.3105,137880.3
2023-12-09 04:00:00,0.3107,0.3108,0.3091,0.3104,142100.9
2023-12-09 04:30:00,0.3104,0.3106,0.3096,0.3103,97453.0
2023-12-09 05:00:00,0.3103,0.3106,0.3092,0.3093,50541.1
2023-12-09 05:30:00,0.3094,0.31,0.3079,0.31,235357.0
2023-12-09 06:00:00,0.31,0.3103,0.3093,0.3103,228826.9
2023-12-09 06:30:00,0.3101,0.3112,0.31,0.3109,501331.2
2023-12-09 07:00:00,0.311,0.3113,0.3097,0.3106,143620.1
2023-12-09 07:30:00,0.3107,0.3117,0.3107,0.3111,401830.7
2023-12-09 08:00:00,0.3112,0.3121,0.311,0.3121,354528.3
2023-12-09 08:30:00,0.312,0.3121,0.3015,0.3077,1771567.7
2023-12-09 09:00:00,0.3077,0.3094,0.307,0.3089,243651.2
2023-12-09 09:30:00,0.3086,0.3089,0.3073,0.3077,281728.0
2023-12-09 10:00:00,0.3078,0.3094,0.3074,0.3079,231306.6
2023-12-09 10:30:00,0.3079,0.309,0.3078,0.3086,93989.1
2023-12-09 11:00:00,0.3087,0.3089,0.3076,0.3078,130761.5
2023-12-09 11:30:00,0.3079,0.3086,0.3076,0.3083,113348.8
2023-12-09 12:00:00,0.3084,0.3091,0.3077,0.3083,315204.7
2023-12-09 12:30:00,0.3082,0.3095,0.3077,0.3094,293044.9
2023-12-09 13:00:00,0.3093,0.3097,0.309,0.3095,190924.4
2023-12-09 13:30:00,0.3094,0.3104,0.3091,0.3099,485582.4
2023-12-09 14:00:00,0.3099,0.3111,0.3099,0.3103,523093.6
2023-12-09 14:30:00,0.3103,0.3104,0.3063,0.3085,889259.0
2023-12-09 15:00:00,0.3084,0.3089,0.3071,0.3078,547746.2
2023-12-09 15:30:00,0.3078,0.3088,0.3078,0.3084,180173.3
2023-12-09 16:00:00,0.3087,0.3092,0.3075,0.3084,323130.2
2023-12-09 16:30:00,0.3083,0.3089,0.3078,0.3086,171359.5
2023-12-09 17:00:00,0.3084,0.3088,0.3065,0.3076,386132.9
2023-12-09 17:30:00,0.3075,0.3084,0.3073,0.3074,52640.4
2023-12-09 18:00:00,0.3074,0.3089,0.3073,0.3085,172318.4
2023-12-09 18:30:00,0.3085,0.3089,0.3084,0.3089,144185.6
2023-12-09 19:00:00,0.3088,0.309,0.308,0.3087,66135.3
2023-12-09 19:30:00,0.3086,0.3088,0.3077,0.3079,52242.5
2023-12-09 20:00:00,0.3079,0.3081,0.3073,0.3074,193226.7
2023-12-09 20:30:00,0.3075,0.3083,0.3071,0.3081,193831.9
2023-12-09 21:00:00,0.3081,0.3081,0.307,0.3076,83992.2
2023-12-09 21:30:00,0.3078,0.3084,0.3077,0.3078,123347.2
2023-12-09 22:00:00,0.3078,0.3083,0.3075,0.308,49319.7
2023-12-09 22:30:00,0.308,0.3081,0.3066,0.3074,143702.0
2023-12-09 23:00:00,0.3071,0.3078,0.3054,0.3059,410818.3
2023-12-09 23:30:00,0.3062,0.3067,0.304,0.3057,288007.0
2023-12-10 00:00:00,0.3057,0.306,0.3049,0.306,119889.5
2023-12-10 00:30:00,0.3059,0.3065,0.3056,0.3064,48238.9
2023-12-10 01:00:00,0.3066,0.3068,0.3056,0.3067,93930.6
2023-12-10 01:30:00,0.3067,0.3069,0.3062,0.3069,80692.2
2023-12-10 02:00:00,0.3069,0.3069,0.3055,0.306,131625.0
2023-12-10 02:30:00,0.306,0.3068,0.306,0.3062,141849.4
2023-12-10 03:00:00,0.3061,0.3066,0.3057,0.306,146979.0
2023-12-10 03:30:00,0.306,0.3068,0.3059,0.3068,41802.4
2023-12-10 04:00:00,0.3068,0.3068,0.3054,0.3065,153875.4
2023-12-10 04:30:00,0.3064,0.3068,0.3063,0.3066,12647.3
2023-12-10 05:00:00,0.3068,0.3069,0.3063,0.3067,25585.0
2023-12-10 05:30:00,0.3069,0.307,0.3066,0.3069,67088.8
2023-12-10 06:00:00,0.3069,0.307,0.306,0.3061,17451.8
2023-12-10 06:30:00,0.3061,0.3061,0.3056,0.3058,47009.1
2023-12-10 07:00:00,0.3056,0.3059,0.3047,0.3049,357782.1
2023-12-10 07:30:00,0.3051,0.3059,0.3044,0.3056,170832.3
2023-12-10 08:00:00,0.3055,0.3058,0.3044,0.3045,148318.2
2023-12-10 08:30:00,0.3045,0.3048,0.3034,0.3039,335832.3
2023-12-10 09:00:00,0.3039,0.3045,0.3034,0.3034,296032.7
2023-12-10 09:30:00,0.3034,0.3037,0.301,0.3013,946967.9
2023-12-10 10:00:00,0.3012,0.3019,0.3007,0.3012,371985.0
2023-12-10 10:30:00,0.3014,0.3019,0.3009,0.3019,96842.7
2023-12-10 11:00:00,0.3019,0.3022,0.3016,0.3019,52276.6
2023-12-10 11:30:00,0.302,0.3022,0.3014,0.3015,75504.6
2023-12-10 12:00:00,0.3014,0.3024,0.3014,0.3023,42342.1
2023-12-10 12:30:00,0.3022,0.3031,0.3018,0.3029,194711.3
2023-12-10 13:00:00,0.3029,0.3029,0.3021,0.3021,116526.9
2023-12-10 13:30:00,0.3022,0.3031,0.3015,0.3026,203567.4
2023-12-10 14:00:00,0.3025,0.3031,0.3021,0.3024,90727.1
2023-12-10 14:30:00,0.3026,0.303,0.3018,0.3026,72497.1
2023-12-10 15:00:00,0.3026,0.3031,0.3026,0.3031,138868.0
2023-12-10 15:30:00,0.3031,0.3035,0.3028,0.3032,112924.4
2023-12-10 16:00:00,0.3033,0.3037,0.3029,0.3032,121486.4
2023-12-10 16:30:00,0.3031,0.3035,0.3024,0.3033,158195.2
2023-12-10 17:00:00,0.3033,0.3033,0.3024,0.3026,96668.3
2023-12-10 17:30:00,0.3024,0.3041,0.3023,0.3032,200424.3
2023-12-10 18:00:00,0.3033,0.304,0.3033,0.3038,132648.5
2023-12-10 18:30:00,0.3039,0.3041,0.3037,0.304,136087.3
2023-12-10 19:00:00,0.304,0.3042,0.3037,0.304,55571.0
2023-12-10 19:30:00,0.3039,0.3045,0.3039,0.3042,165943.1
2023-12-10 20:00:00,0.3043,0.3046,0.3041,0.3045,201547.4
2023-12-10 20:30:00,0.3045,0.3053,0.304,0.304,512682.1
2023-12-10 21:00:00,0.304,0.3049,0.3039,0.3044,128945.4
2023-12-10 21:30:00,0.3044,0.3048,0.304,0.3041,46505.2
2023-12-10 22:00:00,0.304,0.3057,0.3038,0.3053,308722.4
2023-12-10 22:30:00,0.3053,0.3062,0.3051,0.3058,230928.6
2023-12-10 23:00:00,0.3057,0.3061,0.3044,0.3051,185712.1
2023-12-10 23:30:00,0.3051,0.3056,0.305,0.3054,83909.1
2023-12-11 00:00:00,0.3056,0.3059,0.305,0.3058,84511.6
2023-12-11 00:30:00,0.3058,0.3061,0.3046,0.3051,181014.8
2023-12-11 01:00:00,0.3052,0.3052,0.303,0.3045,396146.9
2023-12-11 01:30:00,0.3045,0.3051,0.304,0.3048,57958.2
2023-12-11 02:00:00,0.3049,0.3049,0.2564,0.2959,5042959.6
2023-12-11 02:30:00,0.2956,0.2983,0.2945,0.296,1846710.4
2023-12-11 03:00:00,0.2959,0.2991,0.2952,0.2958,416994.0
2023-12-11 03:30:00,0.2955,0.2959,0.295,0.295,428962.5
2023-12-11 04:00:00,0.2949,0.2953,0.2938,0.2943,590378.4
2023-12-11 04:30:00,0.2944,0.2948,0.2933,0.2944,470083.2
2023-12-11 05:00:00,0.2945,0.2949,0.293,0.2935,329013.5
2023-12-11 05:30:00,0.2937,0.2945,0.2931,0.2943,154535.3
2023-12-11 06:00:00,0.2941,0.2941,0.292,0.2929,109465.4
2023-12-11 06:30:00,0.293,0.2939,0.2914,0.2935,342439.6
2023-12-11 07:00:00,0.2935,0.2943,0.2923,0.2931,189785.8
2023-12-11 07:30:00,0.2933,0.2936,0.2926,0.2928,141660.9
2023-12-11 08:00:00,0.2929,0.2934,0.2922,0.293,117591.1
2023-12-11 08:30:00,0.2935,0.294,0.2929,0.2938,94915.5
2023-12-11 09:00:00,0.294,0.2944,0.2938,0.2941,47331.9
2023-12-11 09:30:00,0.2943,0.2945,0.2929,0.2935,290530.6
2023-12-11 10:00:00,0.2934,0.2939,0.2931,0.2934,53880.1
2023-12-11 10:30:00,0.2932,0.2938,0.2931,0.2933,48966.9
2023-12-11 11:00:00,0.2932,0.2942,0.2932,0.2933,82712.1
2023-12-11 11:30:00,0.2935,0.2943,0.2931,0.2942,46015.7
2023-12-11 12:00:00,0.2942,0.2952,0.2942,0.2948,68621.6
2023-12-11 12:30:00,0.2949,0.2952,0.2937,0.2938,76120.2
2023-12-11 13:00:00,0.294,0.2943,0.2935,0.2935,63495.7
2023-12-11 13:30:00,0.2936,0.2944,0.2923,0.2933,276176.9
2023-12-11 14:00:00,0.2935,0.294,0.2922,0.2931,201244.0
2023-12-11 14:30:00,0.2929,0.2937,0.2924,0.2927,213822.0
2023-12-11 15:00:00,0.2927,0.2935,0.2925,0.2929,41037.4
2023-12-11 15:30:00,0.2929,0.2935,0.2916,0.293,236557.9
2023-12-11 16:00:00,0.293,0.2932,0.292,0.293,173590.8
2023-12-11 16:30:00,0.2928,0.2933,0.2921,0.293,103696.0
2023-12-11 17:00:00,0.2932,0.2932,0.292,0.2928,94255.2
2023-12-11 17:30:00,0.2928,0.2928,0.2918,0.2919,172582.0
2023-12-11 18:00:00,0.2919,0.2932,0.2895,0.2903,1195076.3
2023-12-11 18:30:00,0.2901,0.2914,0.2888,0.2907,335080.0
2023-12-11 19:00:00,0.2907,0.2912,0.2897,0.2901,185734.3
2023-12-11 19:30:00,0.2901,0.2914,0.2897,0.2911,146567.7
2023-12-11 20:00:00,0.2912,0.2916,0.2909,0.2913,74027.1
2023-12-11 20:30:00,0.2913,0.2915,0.2905,0.2914,38500.4
2023-12-11 21:00:00,0.2914,0.2918,0.2907,0.2916,96130.8
2023-12-11 21:30:00,0.2914,0.2919,0.2912,0.2918,132871.7
2023-12-11 22:00:00,0.2918,0.2922,0.2916,0.292,65592.3
2023-12-11 22:30:00,0.292,0.2922,0.2918,0.2919,55172.0
2023-12-11 23:00:00,0.2919,0.2919,0.2912,0.2917,18403.7
2023-12-11 23:30:00,0.2917,0.292,0.2911,0.2912,131147.4
2023-12-12 00:00:00,0.2912,0.2924,0.2911,0.2921,129690.9
2023-12-12 00:30:00,0.2922,0.293,0.2918,0.2928,329586.1
2023-12-12 01:00:00,0.2923,0.2934,0.2923,0.293,169785.2
2023-12-12 01:30:00,0.2931,0.2933,0.2928,0.293,75302.5
2023-12-12 02:00:00,0.2933,0.2939,0.2931,0.2937,274728.4
2023-12-12 02:30:00,0.2937,0.2944,0.2936,0.2944,129578.4
2023-12-12 03:00:00,0.2942,0.2944,0.2936,0.2936,199333.1
2023-12-12 03:30:00,0.2936,0.2936,0.2925,0.2928,74202.4
2023-12-12 04:00:00,0.2929,0.2934,0.2922,0.2927,94950.1
2023-12-12 04:30:00,0.2927,0.2928,0.2914,0.292,376623.6
2023-12-12 05:00:00,0.2918,0.2931,0.2917,0.2931,67976.3
2023-12-12 05:30:00,0.2931,0.2931,0.2927,0.2927,11689.7
2023-12-12 06:00:00,0.2924,0.2924,0.2912,0.2916,105533.2
2023-12-12 06:30:00,0.2915,0.2927,0.2915,0.2925,105225.9
2023-12-12 07:00:00,0.2927,0.2931,0.2918,0.2924,176813.3
2023-12-12 07:30:00,0.2925,0.2933,0.2924,0.2932,107483.2
2023-12-12 08:00:00,0.2931,0.2931,0.2922,0.2924,72330.6
2023-12-12 08:30:00,0.2924,0.2934,0.2923,0.2932,116671.8
2023-12-12 09:00:00,0.2931,0.2932,0.2923,0.2931,50496.2
2023-12-12 09:30:00,0.2931,0.2931,0.2923,0.2926,82838.5
2023-12-12 10:00:00,0.2927,0.293,0.2926,0.2928,15974.6
2023-12-12 10:30:00,0.2928,0.2934,0.2922,0.2929,71522.6
2023-12-12 11:00:00,0.2931,0.2933,0.2926,0.2929,38766.4
2023-12-12 11:30:00,0.2928,0.2928,0.292,0.2922,97728.2
2023-12-12 12:00:00,0.2921,0.2928,0.2918,0.2926,94686.7
2023-12-12 12:30:00,0.2926,0.2934,0.2925,0.293,101336.9
2023-12-12 13:00:00,0.293,0.2934,0.2922,0.2927,63933.3
2023-12-12 13:30:00,0.2926,0.2936,0.2923,0.293,192204.9
2023-12-12 14:00:00,0.2931,0.2936,0.2926,0.2929,91586.2
2023-12-12 14:30:00,0.293,0.2933,0.2921,0.2925,151724.8
2023-12-12 15:00:00,0.2926,0.2928,0.2904,0.2912,478510.9
2023-12-12 15:30:00,0.2912,0.2921,0.291,0.2914,140178.7
2023-12-12 16:00:00,0.2916,0.292,0.2908,0.2915,209938.6
2023-12-12 16:30:00,0.2917,0.292,0.2909,0.2919,37744.5
2023-12-12 17:00:00,0.2915,0.2918,0.2901,0.2902,250243.5
2023-12-12 17:30:00,0.2902,0.2909,0.2901,0.2906,177280.5
2023-12-12 18:00:00,0.2904,0.2924,0.2904,0.2923,197986.0
2023-12-12 18:30:00,0.2922,0.2922,0.2914,0.2916,21572.5
2023-12-12 19:00:00,0.2917,0.2919,0.2907,0.2909,54087.6
2023-12-12 19:30:00,0.2909,0.2917,0.2906,0.2911,162330.3
2023-12-12 20:00:00,0.2911,0.2916,0.2905,0.2909,69044.2
2023-12-12 20:30:00,0.2909,0.2915,0.2904,0.2914,25509.7
2023-12-12 21:00:00,0.2913,0.2917,0.2911,0.2914,49675.9
2023-12-12 21:30:00,0.2912,0.2914,0.2905,0.2906,69466.5
2023-12-12 22:00:00,0.2906,0.2913,0.2905,0.2911,40083.6
2023-12-12 22:30:00,0.2912,0.2917,0.291,0.291,52548.3
2023-12-12 23:00:00,0.2912,0.2928,0.2912,0.2926,146277.9
2023-12-12 23:30:00,0.2925,0.2929,0.2921,0.2925,42578.7
2023-12-13 00:00:00,0.2929,0.2933,0.2923,0.2928,86902.3
2023-12-13 00:30:00,0.2929,0.2931,0.2924,0.2925,33702.5
2023-12-13 01:00:00,0.2926,0.2927,0.2904,0.2911,149917.0
2023-12-13 01:30:00,0.2911,0.292,0.2885,0.2903,552556.8
2023-12-13 02:00:00,0.29,0.2907,0.2888,0.2897,423978.8
2023-12-13 02:30:00,0.2897,0.2901,0.2891,0.29,63453.7
2023-12-13 03:00:00,0.29,0.2905,0.2891,0.2897,45985.5
2023-12-13 03:30:00,0.2898,0.2901,0.2891,0.2894,35818.6
2023-12-13 04:00:00,0.2892,0.2897,0.2884,0.2893,303718.3
2023-12-13 04:30:00,0.2893,0.2898,0.2893,0.2898,20532.7
2023-12-13 05:00:00,0.2896,0.2896,0.2884,0.2889,94717.7
2023-12-13 05:30:00,0.2888,0.2897,0.2885,0.2893,44131.0
2023-12-13 06:00:00,0.2893,0.2895,0.2886,0.2889,19757.3
2023-12-13 06:30:00,0.2888,0.289,0.286,0.2879,610279.6
2023-12-13 07:00:00,0.2877,0.2889,0.2867,0.2885,302774.0
2023-12-13 07:30:00,0.2886,0.2887,0.2876,0.288,70857.8
2023-12-13 08:00:00,0.2877,0.2887,0.2877,0.2884,88111.7
2023-12-13 08:30:00,0.2884,0.2887,0.2878,0.2882,89005.2
2023-12-13 09:00:00,0.2883,0.2884,0.2877,0.288,52987.1
2023-12-13 09:30:00,0.2884,0.2887,0.2877,0.2884,33546.1
2023-12-13 10:00:00,0.2884,0.2888,0.2876,0.2878,76680.9
2023-12-13 10:30:00,0.2879,0.2882,0.2874,0.288,104662.9
2023-12-13 11:00:00,0.2883,0.2886,0.2876,0.2878,35262.2
2023-12-13 11:30:00,0.2879,0.288,0.2873,0.2877,168151.3
2023-12-13 12:00:00,0.2877,0.2885,0.2877,0.2885,53403.7
2023-12-13 12:30:00,0.2885,0.2892,0.2884,0.2889,96267.2
2023-12-13 13:00:00,0.289,0.2908,0.2888,0.2902,287709.2
2023-12-13 13:30:00,0.2903,0.2907,0.29,0.2905,126771.7
2023-12-13 14:00:00,0.2905,0.2906,0.2896,0.2902,121320.8
2023-12-13 14:30:00,0.2902,0.2908,0.29,0.2902,69330.5
2023-12-13 15:00:00,0.2903,0.2917,0.2903,0.2912,352505.4
2023-12-13 15:30:00,0.2912,0.2916,0.2911,0.2913,89546.9
2023-12-13 16:00:00,0.2913,0.2919,0.2903,0.2908,200283.5
2023-12-13 16:30:00,0.2905,0.2908,0.2897,0.29,144425.6
2023-12-13 17:00:00,0.2899,0.2907,0.2897,0.2905,65432.3
2023-12-13 17:30:00,0.2904,0.2905,0.2896,0.2904,62801.6
2023-12-13 18:00:00,0.2904,0.2909,0.2898,0.2899,102176.9
2023-12-13 18:30:00,0.2898,0.2907,0.2897,0.2903,61917.1
2023-12-13 19:00:00,0.2904,0.2915,0.2901,0.291,327269.4
2023-12-13 19:30:00,0.2911,0.2919,0.2907,0.2915,306816.9
2023-12-13 20:00:00,0.2916,0.2932,0.2908,0.2921,381875.1
2023-12-13 20:30:00,0.2923,0.2928,0.292,0.2925,250308.5
2023-12-13 21:00:00,0.2926,0.2929,0.2914,0.2924,131732.4
2023-12-13 21:30:00,0.2922,0.2925,0.2913,0.2917,101173.2
2023-12-13 22:00:00,0.2918,0.2931,0.2916,0.2925,215043.4
2023-12-13 22:30:00,0.2926,0.2926,0.2913,0.2919,59893.2
2023-12-13 23:00:00,0.2921,0.2926,0.2917,0.292,66384.9
2023-12-13 23:30:00,0.2919,0.2923,0.2912,0.292,65570.0
2023-12-14 00:00:00,0.2923,0.2924,0.2913,0.2916,127177.2
2023-12-14 00:30:00,0.2919,0.2925,0.2915,0.2925,87019.2
2023-12-14 01:00:00,0.2925,0.2931,0.2916,0.2923,215322.9
2023-12-14 01:30:00,0.2926,0.2927,0.2919,0.2926,54953.2
2023-12-14 02:00:00,0.2927,0.2927,0.2917,0.2918,27458.7
2023-12-14 02:30:00,0.2919,0.2926,0.2919,0.2923,17944.3
2023-12-14 03:00:00,0.2926,0.2927,0.2916,0.292,37529.1
2023-12-14 03:30:00,0.2921,0.2925,0.2918,0.2924,12755.3
2023-12-14 04:00:00,0.2923,0.2926,0.2922,0.2923,32172.0
2023-12-14 04:30:00,0.2924,0.2924,0.2915,0.2918,25968.7
2023-12-14 05:00:00,0.2916,0.2927,0.2916,0.2926,82355.7
2023-12-14 05:30:00,0.2926,0.2928,0.2919,0.2922,29097.2
2023-12-14 06:00:00,0.2923,0.2932,0.292,0.2931,171082.0
2023-12-14 06:30:00,0.2931,0.2934,0.2923,0.2928,225673.0
2023-12-14 07:00:00,0.2928,0.2929,0.2919,0.2922,106791.0
2023-12-14 07:30:00,0.2922,0.2936,0.2922,0.2936,120658.4
2023-12-14 08:00:00,0.2935,0.2948,0.293,0.2944,250405.5
2023-12-14 08:30:00,0.2946,0.295,0.293,0.2933,140966.6
2023-12-14 09:00:00,0.2933,0.2942,0.2931,0.294,60182.1
2023-12-14 09:30:00,0.294,0.2949,0.2938,0.2947,134662.7
2023-12-14 10:00:00,0.2947,0.2954,0.2945,0.2949,203994.9
2023-12-14 10:30:00,0.2951,0.2956,0.2949,0.2955,215299.8
2023-12-14 11:00:00,0.2955,0.2958,0.2951,0.2953,214950.1
2023-12-14 11:30:00,0.2953,0.2961,0.2951,0.2958,197792.8
2023-12-14 12:00:00,0.2958,0.296,0.2937,0.295,504085.3
2023-12-14 12:30:00,0.2951,0.2955,0.2949,0.2951,119971.7
2023-12-14 13:00:00,0.2952,0.2952,0.29,0.2918,691384.5
2023-12-14 13:30:00,0.2915,0.2955,0.285,0.2938,1324015.5
2023-12-14 14:00:00,0.2938,0.2939,0.2926,0.2938,127427.6
2023-12-14 14:30:00,0.2936,0.2942,0.2928,0.2932,66907.9
2023-12-14 15:00:00,0.2932,0.2939,0.2928,0.2933,86956.8
2023-12-14 15:30:00,0.2933,0.2939,0.293,0.2938,41251.8
2023-12-14 16:00:00,0.2937,0.2943,0.2935,0.2935,87466.5
2023-12-14 16:30:00,0.2938,0.2944,0.2932,0.2939,224954.8
2023-12-14 17:00:00,0.2941,0.2953,0.2941,0.2952,303701.4
2023-12-14 17:30:00,0.2952,0.2961,0.295,0.2953,507147.0
2023-12-14 18:00:00,0.2953,0.2957,0.2947,0.2947,87952.5
2023-12-14 18:30:00,0.2947,0.2955,0.2945,0.2947,98164.6
2023-12-14 19:00:00,0.2947,0.2954,0.2945,0.2952,122920.6
2023-12-14 19:30:00,0.2953,0.2953,0.2944,0.2945,108039.5
2023-12-14 20:00:00,0.2945,0.2952,0.2941,0.2947,97169.9
2023-12-14 20:30:00,0.2947,0.295,0.2946,0.295,41281.6
2023-12-14 21:00:00,0.2951,0.2955,0.2949,0.2954,97957.0
2023-12-14 21:30:00,0.2954,0.2956,0.2945,0.2953,71417.7
2023-12-14 22:00:00,0.2953,0.2957,0.2951,0.2951,57291.7
2023-12-14 22:30:00,0.2949,0.2956,0.2948,0.2954,48048.7
2023-12-14 23:00:00,0.2953,0.2957,0.2943,0.2944,113580.1
2023-12-14 23:30:00,0.2944,0.2948,0.294,0.2944,100331.3
2023-12-15 00:00:00,0.2945,0.2952,0.2933,0.2945,278763.9
2023-12-15 00:30:00,0.2946,0.2946,0.2936,0.2939,98404.8
2023-12-15 01:00:00,0.2937,0.2944,0.2936,0.2944,73495.9
2023-12-15 01:30:00,0.2944,0.2944,0.2934,0.2934,98029.6
2023-12-15 02:00:00,0.2937,0.2941,0.2934,0.2934,70733.0
2023-12-15 02:30:00,0.2935,0.2938,0.2932,0.2935,42754.6
2023-12-15 03:00:00,0.2933,0.2946,0.2924,0.2943,236591.5
2023-12-15 03:30:00,0.2941,0.2941,0.2936,0.2938,17004.3
2023-12-15 04:00:00,0.2939,0.294,0.2931,0.2931,72989.9
2023-12-15 04:30:00,0.2931,0.2934,0.2929,0.2933,68983.0
2023-12-15 05:00:00,0.2933,0.2933,0.2928,0.293,52546.0
2023-12-15 05:30:00,0.2929,0.2931,0.2914,0.2922,323160.4
2023-12-15 06:00:00,0.2922,0.293,0.2919,0.2928,137612.3
2023-12-15 06:30:00,0.2929,0.2929,0.2922,0.2923,33421.6
2023-12-15 07:00:00,0.2923,0.2928,0.2923,0.2927,19773.6
2023-12-15 07:30:00,0.2926,0.2927,0.2917,0.2921,160979.0
2023-12-15 08:00:00,0.292,0.2925,0.2917,0.2923,65492.1
2023-12-15 08:30:00,0.2923,0.293,0.2922,0.2929,75241.4
2023-12-15 09:00:00,0.2928,0.2932,0.2924,0.2926,98836.3
2023-12-15 09:30:00,0.2922,0.2937,0.2922,0.2934,221220.8
2023-12-15 10:00:00,0.2934,0.2934,0.2927,0.2933,23893.8
2023-12-15 10:30:00,0.2936,0.2938,0.2931,0.2935,45606.4
2023-12-15 11:00:00,0.2935,0.2935,0.2916,0.2923,423843.2
2023-12-15 11:30:00,0.2923,0.2929,0.2923,0.2926,54182.6
2023-12-15 12:00:00,0.2927,0.2938,0.2921,0.2931,508466.6
2023-12-15 12:30:00,0.2932,0.2933,0.2925,0.2928,45896.3
2023-12-15 13:00:00,0.2926,0.2928,0.2913,0.2922,197552.5
2023-12-15 13:30:00,0.2921,0.2928,0.2916,0.2924,119254.3
2023-12-15 14:00:00,0.2923,0.2927,0.2917,0.2922,21001.8
2023-12-15 14:30:00,0.2922,0.2929,0.2917,0.2926,101700.3
2023-12-15 15:00:00,0.2927,0.293,0.2915,0.2921,185520.0
2023-12-15 15:30:00,0.2921,0.2923,0.2914,0.2921,80655.4
2023-12-15 16:00:00,0.2923,0.2929,0.2918,0.2925,43998.0
2023-12-15 16:30:00,0.2925,0.2929,0.2914,0.292,148059.0
2023-12-15 17:00:00,0.292,0.2929,0.2919,0.2923,40573.3
2023-12-15 17:30:00,0.2921,0.2929,0.2917,0.2917,46468.8
2023-12-15 18:00:00,0.2918,0.2929,0.2918,0.2927,53282.1
2023-12-15 18:30:00,0.2926,0.2929,0.2926,0.2928,9331.3
2023-12-15 19:00:00,0.2927,0.2928,0.2924,0.2924,17899.8
2023-12-15 19:30:00,0.2927,0.293,0.291,0.292,143527.5
2023-12-15 20:00:00,0.292,0.2927,0.2917,0.2926,37943.1
2023-12-15 20:30:00,0.2925,0.2925,0.292,0.2923,9946.8
2023-12-15 21:00:00,0.2923,0.2923,0.2917,0.2919,31353.2
2023-12-15 21:30:00,0.2919,0.2921,0.2915,0.2917,71391.1
2023-12-15 22:00:00,0.2916,0.2917,0.291,0.291,140911.4
2023-12-15 22:30:00,0.291,0.2916,0.2898,0.2908,219103.3
2023-12-15 23:00:00,0.2908,0.2911,0.2893,0.2903,285014.7
2023-12-15 23:30:00,0.2904,0.2904,0.2896,0.2899,131338.6
2023-12-16 00:00:00,0.2898,0.2906,0.2896,0.2898,121167.9
2023-12-16 00:30:00,0.2897,0.2904,0.2891,0.29,225223.8
2023-12-16 01:00:00,0.2899,0.2908,0.2899,0.2907,56191.1
2023-12-16 01:30:00,0.2907,0.2914,0.2907,0.291,59178.4
2023-12-16 02:00:00,0.2911,0.292,0.2911,0.2916,149989.9
2023-12-16 02:30:00,0.2918,0.2919,0.2916,0.2918,64312.7
2023-12-16 03:00:00,0.2919,0.2922,0.2916,0.292,81911.1
2023-12-16 03:30:00,0.2921,0.2923,0.2918,0.2922,43124.0
2023-12-16 04:00:00,0.2923,0.2923,0.2918,0.2922,12173.2
2023-12-16 04:30:00,0.2921,0.2923,0.2919,0.2922,12288.1
2023-12-16 05:00:00,0.2923,0.2926,0.292,0.2925,75174.3
2023-12-16 05:30:00,0.2926,0.293,0.2923,0.2929,180676.1
2023-12-16 06:00:00,0.2929,0.2931,0.2928,0.293,110782.0
2023-12-16 06:30:00,0.293,0.2931,0.2926,0.2926,26667.9
2023-12-16 07:00:00,0.2927,0.2929,0.2919,0.2921,42055.0
2023-12-16 07:30:00,0.2922,0.2925,0.292,0.2925,24192.2
2023-12-16 08:00:00,0.2923,0.2929,0.2923,0.2929,72198.8
2023-12-16 08:30:00,0.2929,0.2929,0.2924,0.2928,43315.5
2023-12-16 09:00:00,0.2929,0.2938,0.2928,0.2935,246851.7
2023-12-16 09:30:00,0.2935,0.2938,0.2932,0.2935,177094.2
2023-12-16 10:00:00,0.2936,0.2938,0.2934,0.2938,53138.9
2023-12-16 10:30:00,0.2938,0.2944,0.2937,0.2941,239427.7
2023-12-16 11:00:00,0.2941,0.2945,0.2939,0.2944,215793.9
2023-12-16 11:30:00,0.2944,0.2947,0.2942,0.2947,210456.5
2023-12-16 12:00:00,0.2947,0.2948,0.2943,0.2946,101447.6
2023-12-16 12:30:00,0.2946,0.2952,0.2944,0.295,158580.4
2023-12-16 13:00:00,0.295,0.2953,0.2938,0.2938,169142.0
2023-12-16 13:30:00,0.2939,0.2945,0.2934,0.2943,103689.1
2023-12-16 14:00:00,0.2943,0.2944,0.2927,0.2935,238588.8
2023-12-16 14:30:00,0.2935,0.2943,0.2934,0.2942,39905.5
2023-12-16 15:00:00,0.2944,0.2944,0.2937,0.294,44301.3
2023-12-16 15:30:00,0.2939,0.2946,0.2939,0.2945,69876.7
2023-12-16 16:00:00,0.2945,0.2957,0.2935,0.2952,477471.5
2023-12-16 16:30:00,0.2953,0.2963,0.2948,0.2955,507185.9
2023-12-16 17:00:00,0.2955,0.2955,0.2941,0.2946,376017.6
2023-12-16 17:30:00,0.2946,0.2953,0.294,0.2949,164667.3
2023-12-16 18:00:00,0.2949,0.2949,0.2935,0.2939,177203.0
2023-12-16 18:30:00,0.2939,0.2951,0.2939,0.2945,148441.6
2023-12-16 19:00:00,0.2945,0.2947,0.2935,0.2941,99082.5
2023-12-16 19:30:00,0.2942,0.2943,0.293,0.2941,191972.0
2023-12-16 20:00:00,0.2939,0.2945,0.2939,0.2943,21945.0
2023-12-16 20:30:00,0.2942,0.2945,0.2935,0.294,47051.8
2023-12-16 21:00:00,0.2939,0.294,0.2935,0.2935,37493.4
2023-12-16 21:30:00,0.2936,0.2938,0.2926,0.2935,155411.6
2023-12-16 22:00:00,0.2934,0.2939,0.2928,0.2935,75195.4
2023-12-16 22:30:00,0.2936,0.2941,0.2933,0.2941,21937.4
2023-12-16 23:00:00,0.294,0.294,0.2931,0.2936,25436.4
2023-12-16 23:30:00,0.2936,0.2937,0.2932,0.2937,10721.4
2023-12-17 00:00:00,0.2938,0.2945,0.2938,0.2945,21152.0
2023-12-17 00:30:00,0.2944,0.2948,0.2943,0.2943,12447.1
2023-12-17 01:00:00,0.2944,0.2953,0.294,0.295,54680.8
2023-12-17 01:30:00,0.2947,0.2947,0.2935,0.2944,72565.8
2023-12-17 02:00:00,0.2945,0.2952,0.2943,0.2943,50955.9
2023-12-17 02:30:00,0.2939,0.2941,0.2936,0.2936,50367.2
2023-12-17 03:00:00,0.2937,0.2939,0.2932,0.2937,68407.4
2023-12-17 03:30:00,0.2937,0.2938,0.2934,0.2935,8385.3
2023-12-17 04:00:00,0.2937,0.2944,0.2936,0.2942,66013.8
2023-12-17 04:30:00,0.2943,0.2944,0.2937,0.2937,36767.7
2023-12-17 05:00:00,0.2937,0.2941,0.2936,0.2936,2765.6
2023-12-17 05:30:00,0.2935,0.2938,0.2928,0.2933,163843.2
2023-12-17 06:00:00,0.2933,0.2939,0.293,0.293,26045.4
2023-12-17 06:30:00,0.293,0.2933,0.2922,0.2933,262502.1
2023-12-17 07:00:00,0.2932,0.2933,0.2922,0.2923,36394.6
2023-12-17 07:30:00,0.2924,0.2926,0.2919,0.2921,217218.1
2023-12-17 08:00:00,0.2921,0.2928,0.2918,0.2924,140115.8
2023-12-17 08:30:00,0.2926,0.2927,0.2923,0.2927,28685.9
2023-12-17 09:00:00,0.2927,0.2933,0.2927,0.2933,51953.1
2023-12-17 09:30:00,0.2931,0.2937,0.2929,0.2936,79329.2
2023-12-17 10:00:00,0.2935,0.2937,0.2931,0.2937,57769.6
2023-12-17 10:30:00,0.2937,0.2942,0.2932,0.2939,89588.6
2023-12-17 11:00:00,0.294,0.2947,0.2938,0.2939,212440.3
2023-12-17 11:30:00,0.2939,0.2944,0.2935,0.2943,80480.4
2023-12-17 12:00:00,0.2942,0.2943,0.2926,0.2939,231741.4
2023-12-17 12:30:00,0.294,0.2941,0.2934,0.2937,95155.4
2023-12-17 13:00:00,0.2939,0.294,0.2925,0.2931,136269.0
2023-12-17 13:30:00,0.2931,0.2931,0.2923,0.2927,153358.1
2023-12-17 14:00:00,0.2927,0.2933,0.2922,0.2925,141355.8
2023-12-17 14:30:00,0.2925,0.2933,0.2921,0.2926,73551.9
2023-12-17 15:00:00,0.2925,0.2937,0.2923,0.2934,168871.5
2023-12-17 15:30:00,0.2934,0.2944,0.2934,0.2943,202092.4
2023-12-17 16:00:00,0.2944,0.2949,0.2935,0.2949,184148.5
2023-12-17 16:30:00,0.2951,0.2955,0.2944,0.2951,158879.8
2023-12-17 17:00:00,0.2951,0.2955,0.2943,0.295,134667.4
2023-12-17 17:30:00,0.295,0.295,0.2937,0.2937,32510.2
2023-12-17 18:00:00,0.2937,0.2944,0.2931,0.294,142030.9
2023-12-17 18:30:00,0.294,0.2946,0.2937,0.2941,31932.2
2023-12-17 19:00:00,0.294,0.2943,0.2933,0.2936,50365.1
2023-12-17 19:30:00,0.2936,0.2936,0.2932,0.2935,25353.4
2023-12-17 20:00:00,0.2935,0.2936,0.2933,0.2935,7314.9
2023-12-17 20:30:00,0.2935,0.294,0.2934,0.294,24377.2
2023-12-17 21:00:00,0.2938,0.2938,0.2931,0.2931,59257.1
2023-12-17 21:30:00,0.2931,0.2932,0.2929,0.293,41255.3
2023-12-17 22:00:00,0.293,0.2934,0.2927,0.2928,61228.6
2023-12-17 22:30:00,0.2928,0.2936,0.2922,0.2928,157127.3
2023-12-17 23:00:00,0.2925,0.293,0.292,0.2921,134517.2
2023-12-17 23:30:00,0.2922,0.2926,0.2915,0.2921,117062.9
2023-12-18 00:00:00,0.2919,0.2926,0.2917,0.2923,60945.4
2023-12-18 00:30:00,0.2924,0.2927,0.2919,0.2922,16909.5
2023-12-18 01:00:00,0.2922,0.2928,0.2917,0.292,89917.6
2023-12-18 01:30:00,0.2922,0.2929,0.2907,0.2912,397661.1
2023-12-18 02:00:00,0.2912,0.2916,0.2908,0.2909,130968.7
2023-12-18 02:30:00,0.2909,0.2913,0.2902,0.2903,289289.4
2023-12-18 03:00:00,0.2902,0.2906,0.29,0.2901,182642.5
2023-12-18 03:30:00,0.2901,0.2903,0.2897,0.2897,142304.0
2023-12-18 04:00:00,0.2897,0.29,0.2892,0.2896,176937.1
2023-12-18 04:30:00,0.2896,0.2899,0.2894,0.2897,63062.8
2023-12-18 05:00:00,0.2897,0.2898,0.2893,0.2896,118388.3
2023-12-18 05:30:00,0.2896,0.2897,0.2885,0.2885,481418.6
2023-12-18 06:00:00,0.2886,0.2892,0.2883,0.2892,253858.0
2023-12-18 06:30:00,0.2892,0.2898,0.2891,0.2898,30809.5
2023-12-18 07:00:00,0.2898,0.2898,0.2886,0.2887,62204.8
2023-12-18 07:30:00,0.2887,0.2895,0.2884,0.2885,133674.5
2023-12-18 08:00:00,0.2885,0.2891,0.2878,0.2884,265102.5
2023-12-18 08:30:00,0.2884,0.2889,0.2881,0.2885,19650.0
2023-12-18 09:00:00,0.2885,0.2889,0.2865,0.2871,1006536.0
2023-12-18 09:30:00,0.2871,0.2878,0.2866,0.2872,235119.0
2023-12-18 10:00:00,0.2872,0.2872,0.285,0.2859,757842.1
2023-12-18 10:30:00,0.286,0.2879,0.2844,0.2853,824216.9
2023-12-18 11:00:00,0.2852,0.2865,0.2849,0.2863,276970.5
2023-12-18 11:30:00,0.2862,0.2862,0.2854,0.2859,78190.6
2023-12-18 12:00:00,0.2859,0.2864,0.2852,0.2856,89095.5
2023-12-18 12:30:00,0.2856,0.2861,0.2854,0.2854,9472.4
2023-12-18 13:00:00,0.2855,0.2881,0.2854,0.2875,323755.0
2023-12-18 13:30:00,0.2875,0.2888,0.2875,0.2885,303499.0
2023-12-18 14:00:00,0.2885,0.289,0.2883,0.2889,231665.0
2023-12-18 14:30:00,0.2889,0.2897,0.2886,0.2895,354186.9
2023-12-18 15:00:00,0.2896,0.2897,0.2885,0.2885,129864.2
2023-12-18 15:30:00,0.2886,0.2893,0.2885,0.2886,29030.7
2023-12-18 16:00:00,0.2886,0.2891,0.2878,0.2889,110049.6
2023-12-18 16:30:00,0.2889,0.2892,0.2886,0.289,49747.3
2023-12-18 17:00:00,0.2892,0.29,0.2891,0.2897,86561.7
2023-12-18 17:30:00,0.2897,0.2899,0.2886,0.2887,111259.0
2023-12-18 18:00:00,0.2886,0.2899,0.2883,0.2884,136090.0
2023-12-18 18:30:00,0.2884,0.2891,0.2884,0.2891,9618.5
2023-12-18 19:00:00,0.2892,0.2899,0.2892,0.2893,125301.8
2023-12-18 19:30:00,0.2893,0.2894,0.2885,0.2888,26359.5
2023-12-18 20:00:00,0.2892,0.2896,0.2883,0.2885,199316.6
2023-12-18 20:30:00,0.2885,0.2906,0.2882,0.29,316451.6
2023-12-18 21:00:00,0.29,0.2912,0.2897,0.2904,292993.6
2023-12-18 21:30:00,0.2906,0.2911,0.2901,0.2907,219609.9
2023-12-18 22:00:00,0.2908,0.2909,0.2897,0.2899,83396.4
2023-12-18 22:30:00,0.2901,0.2901,0.2891,0.2896,119349.8
2023-12-18 23:00:00,0.2895,0.2899,0.2891,0.2893,117134.4
2023-12-18 23:30:00,0.2893,0.2899,0.2892,0.2899,44777.6
2023-12-19 00:00:00,0.2898,0.2904,0.2893,0.2897,97533.6
2023-12-19 00:30:00,0.2896,0.2908,0.2894,0.2901,165493.8
2023-12-19 01:00:00,0.2902,0.2908,0.2894,0.2905,114202.4
2023-12-19 01:30:00,0.2905,0.2917,0.29,0.2915,303518.2
2023-12-19 02:00:00,0.2915,0.2918,0.2904,0.2914,231495.0
2023-12-19 02:30:00,0.2913,0.2925,0.2913,0.2923,402360.1
2023-12-19 03:00:00,0.2922,0.293,0.292,0.293,286795.9
2023-12-19 03:30:00,0.2929,0.2936,0.2926,0.2928,400944.5
2023-12-19 04:00:00,0.2929,0.2935,0.2929,0.293,52080.7
2023-12-19 04:30:00,0.293,0.2931,0.2917,0.2921,190340.6
2023-12-19 05:00:00,0.2921,0.2926,0.2919,0.2926,84618.2
2023-12-19 05:30:00,0.2926,0.2928,0.2918,0.2923,132778.3
2023-12-19 06:00:00,0.2924,0.2927,0.2916,0.2926,97915.1
2023-12-19 06:30:00,0.2926,0.2931,0.2925,0.2925,127667.6
2023-12-19 07:00:00,0.2924,0.2927,0.2921,0.2923,39075.3
2023-12-19 07:30:00,0.2923,0.2933,0.2919,0.2929,99439.6
2023-12-19 08:00:00,0.293,0.2931,0.292,0.293,236723.2
2023-12-19 08:30:00,0.293,0.293,0.292,0.2922,62774.6
2023-12-19 09:00:00,0.292,0.2925,0.2916,0.2918,119697.7
2023-12-19 09:30:00,0.2919,0.2923,0.2913,0.292,280990.8
2023-12-19 10:00:00,0.2919,0.292,0.2914,0.2919,35331.4
2023-12-19 10:30:00,0.292,0.2969,0.2919,0.2959,2131943.1
2023-12-19 11:00:00,0.2958,0.2978,0.2939,0.2958,1873846.9
2023-12-19 11:30:00,0.2956,0.2958,0.2947,0.295,237709.5
2023-12-19 12:00:00,0.295,0.2961,0.295,0.2961,98907.8
2023-12-19 12:30:00,0.2961,0.2962,0.2946,0.2946,62031.3
2023-12-19 13:00:00,0.2946,0.295,0.2943,0.2946,31589.0
2023-12-19 13:30:00,0.2945,0.295,0.2942,0.2945,72084.3
2023-12-19 14:00:00,0.2945,0.2947,0.2931,0.2938,242174.5
2023-12-19 14:30:00,0.2939,0.2941,0.2912,0.2921,362004.7
2023-12-19 15:00:00,0.2921,0.2942,0.2919,0.2941,216279.3
2023-12-19 15:30:00,0.294,0.2944,0.2931,0.2935,182390.5
2023-12-19 16:00:00,0.2933,0.2941,0.2933,0.294,11812.9
2023-12-19 16:30:00,0.2938,0.2943,0.293,0.2943,164016.7
2023-12-19 17:00:00,0.2943,0.2943,0.2919,0.2926,170725.1
2023-12-19 17:30:00,0.2926,0.293,0.292,0.2921,101769.1
2023-12-19 18:00:00,0.292,0.2929,0.2919,0.2929,63036.1
2023-12-19 18:30:00,0.293,0.2935,0.2928,0.2935,42301.8
2023-12-19 19:00:00,0.2935,0.2939,0.2933,0.2937,38524.1
2023-12-19 19:30:00,0.2937,0.294,0.2932,0.294,62545.1
2023-12-19 20:00:00,0.294,0.2944,0.2938,0.2939,51727.6
2023-12-19 20:30:00,0.2937,0.2937,0.2925,0.2928,36230.1
2023-12-19 21:00:00,0.2928,0.2936,0.2928,0.2934,17214.9
2023-12-19 21:30:00,0.2936,0.2936,0.2934,0.2934,8374.7
2023-12-19 22:00:00,0.2934,0.2935,0.2924,0.2928,76136.1
2023-12-19 22:30:00,0.2928,0.2933,0.2923,0.2928,75158.3
2023-12-19 23:00:00,0.2927,0.2933,0.2924,0.2927,25633.6
2023-12-19 23:30:00,0.293,0.2934,0.293,0.2933,30790.7
2023-12-20 00:00:00,0.2934,0.2937,0.293,0.2936,57759.2
2023-12-20 00:30:00,0.2934,0.2938,0.2934,0.2938,37004.1
2023-12-20 01:00:00,0.2939,0.294,0.293,0.2932,15402.6
2023-12-20 01:30:00,0.2932,0.2935,0.2926,0.2935,92277.7
2023-12-20 02:00:00,0.2933,0.2939,0.2924,0.2933,186081.8
2023-12-20 02:30:00,0.2935,0.2938,0.2935,0.2935,45809.0
2023-12-20 03:00:00,0.2938,0.2942,0.2935,0.2935,56959.0
2023-12-20 03:30:00,0.2934,0.2934,0.2931,0.2933,2725.8
2023-12-20 04:00:00,0.2933,0.2943,0.2932,0.2942,149604.7
2023-12-20 04:30:00,0.2942,0.2946,0.2939,0.2943,187681.8
2023-12-20 05:00:00,0.2943,0.2943,0.2931,0.2932,72526.8
2023-12-20 05:30:00,0.2932,0.2937,0.2931,0.2937,5414.9
2023-12-20 06:00:00,0.2937,0.294,0.293,0.2938,44017.0
2023-12-20 06:30:00,0.2939,0.2939,0.2928,0.2931,1233840.4
2023-12-20 07:00:00,0.293,0.2934,0.2928,0.293,33556.0
2023-12-20 07:30:00,0.2928,0.2941,0.2927,0.2941,71186.0
2023-12-20 08:00:00,0.2941,0.295,0.2937,0.294,281385.3
2023-12-20 08:30:00,0.294,0.2945,0.294,0.2945,56112.8
2023-12-20 09:00:00,0.2944,0.2948,0.2939,0.2945,99764.1
2023-12-20 09:30:00,0.2946,0.2949,0.2932,0.2937,241121.6
2023-12-20 10:00:00,0.2937,0.2941,0.2935,0.2938,23506.8
2023-12-20 10:30:00,0.2938,0.2941,0.2938,0.2941,9267.9
2023-12-20 11:00:00,0.2941,0.2943,0.2936,0.2936,61603.2
2023-12-20 11:30:00,0.2937,0.2943,0.2933,0.2943,126895.9
2023-12-20 12:00:00,0.2943,0.2947,0.2938,0.2947,156894.4
2023-12-20 12:30:00,0.2949,0.2957,0.2949,0.2956,228631.3
2023-12-20 13:00:00,0.2956,0.2965,0.2954,0.2963,291573.3
2023-12-20 13:30:00,0.2963,0.2966,0.296,0.2965,176019.9
2023-12-20 14:00:00,0.2964,0.2969,0.2955,0.2968,323749.7
2023-12-20 14:30:00,0.2971,0.2979,0.2957,0.296,234759.4
2023-12-20 15:00:00,0.2963,0.2973,0.2958,0.2973,284513.5
2023-12-20 15:30:00,0.2973,0.2976,0.2969,0.2975,315462.8
2023-12-20 16:00:00,0.2974,0.2975,0.2962,0.2965,179435.8
2023-12-20 16:30:00,0.2965,0.2972,0.2957,0.2961,96238.9
2023-12-20 17:00:00,0.2962,0.2975,0.2962,0.2975,173342.3
2023-12-20 17:30:00,0.2975,0.2979,0.2974,0.2979,182405.8
2023-12-20 18:00:00,0.2979,0.2979,0.297,0.2971,92235.9
2023-12-20 18:30:00,0.2971,0.2973,0.2967,0.2969,76833.0
2023-12-20 19:00:00,0.2969,0.2973,0.2962,0.2967,84526.5
2023-12-20 19:30:00,0.2968,0.2969,0.2959,0.296,66037.5
2023-12-20 20:00:00,0.296,0.2962,0.2939,0.2957,385146.9
2023-12-20 20:30:00,0.2958,0.2963,0.295,0.2951,59903.4
2023-12-20 21:00:00,0.2951,0.2967,0.2951,0.2967,82263.5
2023-12-20 21:30:00,0.2966,0.2966,0.2951,0.2955,52537.9
2023-12-20 22:00:00,0.2958,0.2968,0.2958,0.2968,55114.6
2023-12-20 22:30:00,0.2968,0.2969,0.2957,0.2962,60068.5
2023-12-20 23:00:00,0.2961,0.2961,0.2954,0.2957,14728.2
2023-12-20 23:30:00,0.2958,0.2963,0.2956,0.2961,18771.9
2023-12-21 00:00:00,0.2962,0.2964,0.2958,0.2962,19564.5
2023-12-21 00:30:00,0.2961,0.2966,0.2956,0.2957,52559.4
2023-12-21 01:00:00,0.2956,0.2962,0.2953,0.2958,94616.6
2023-12-21 01:30:00,0.2958,0.2964,0.2957,0.2964,14079.5
2023-12-21 02:00:00,0.296,0.2969,0.2957,0.2968,116291.2
2023-12-21 02:30:00,0.2968,0.297,0.296,0.2962,91364.6
2023-12-21 03:00:00,0.2965,0.297,0.2965,0.2969,83183.0
2023-12-21 03:30:00,0.2969,0.2969,0.2964,0.2967,24837.3
2023-12-21 04:00:00,0.2968,0.2969,0.2964,0.2968,7044.7
2023-12-21 04:30:00,0.2967,0.2971,0.2967,0.2968,92014.7
2023-12-21 05:00:00,0.2968,0.2969,0.296,0.2967,123694.9
2023-12-21 05:30:00,0.2967,0.2972,0.2964,0.2966,316770.4
2023-12-21 06:00:00,0.2965,0.2972,0.2964,0.2972,41797.1
2023-12-21 06:30:00,0.2971,0.2976,0.2969,0.2975,175045.9
2023-12-21 07:00:00,0.2975,0.2976,0.2974,0.2974,69269.0
2023-12-21 07:30:00,0.2974,0.2977,0.297,0.2973,54189.6
2023-12-21 08:00:00,0.2973,0.3001,0.2972,0.299,667293.9
2023-12-21 08:30:00,0.299,0.3005,0.2982,0.2987,735833.0
2023-12-21 09:00:00,0.2987,0.2991,0.2974,0.2981,349303.8
2023-12-21 09:30:00,0.2982,0.2991,0.2978,0.299,303749.6
2023-12-21 10:00:00,0.299,0.3008,0.2988,0.2998,616338.3
2023-12-21 10:30:00,0.2997,0.3,0.2975,0.2994,208702.5
2023-12-21 11:00:00,0.2994,0.3,0.2991,0.2993,118547.2
2023-12-21 11:30:00,0.2993,0.3002,0.2991,0.3,124907.1
2023-12-21 12:00:00,0.3,0.3004,0.2993,0.2998,219651.9
2023-12-21 12:30:00,0.2997,0.3001,0.299,0.2991,66514.8
2023-12-21 13:00:00,0.2991,0.2992,0.2982,0.2987,124169.0
2023-12-21 13:30:00,0.2987,0.2992,0.2985,0.299,91250.4
2023-12-21 14:00:00,0.299,0.2994,0.2971,0.298,307011.6
2023-12-21 14:30:00,0.2981,0.2982,0.2974,0.2978,130905.5
2023-12-21 15:00:00,0.2977,0.2987,0.295,0.2985,250082.9
2023-12-21 15:30:00,0.2985,0.2986,0.2974,0.2976,49334.9
2023-12-21 16:00:00,0.2976,0.2982,0.2976,0.2977,52231.7
2023-12-21 16:30:00,0.2977,0.2988,0.2974,0.2986,301897.8
2023-12-21 17:00:00,0.2988,0.2994,0.2986,0.2994,81148.9
2023-12-21 17:30:00,0.2995,0.2998,0.299,0.299,94709.3
2023-12-21 18:00:00,0.299,0.2998,0.299,0.2997,40943.8
2023-12-21 18:30:00,0.2998,0.2998,0.2989,0.2991,20971.7
2023-12-21 19:00:00,0.2993,0.2999,0.2983,0.2987,118984.3
2023-12-21 19:30:00,0.2987,0.2995,0.2987,0.2995,51570.6
2023-12-21 20:00:00,0.2995,0.2999,0.2995,0.2998,17754.8
2023-12-21 20:30:00,0.2999,0.3003,0.2998,0.3003,103428.7
2023-12-21 21:00:00,0.3002,0.3003,0.2993,0.2996,92608.6
2023-12-21 21:30:00,0.2997,0.3002,0.2994,0.3002,40227.3
2023-12-21 22:00:00,0.3002,0.3004,0.2999,0.3003,95065.2
2023-12-21 22:30:00,0.3003,0.3003,0.2994,0.2999,41386.2
2023-12-21 23:00:00,0.3,0.3001,0.2997,0.2999,54440.5
2023-12-21 23:30:00,0.3,0.3001,0.2996,0.3,40101.4
2023-12-22 00:00:00,0.3,0.3002,0.2996,0.3002,66345.6
2023-12-22 00:30:00,0.3003,0.3005,0.2996,0.3004,131510.9
2023-12-22 01:00:00,0.3004,0.3007,0.3003,0.3006,131275.3
2023-12-22 01:30:00,0.3007,0.3012,0.3003,0.3008,194381.9
2023-12-22 02:00:00,0.3007,0.3007,0.2994,0.2995,104277.2
2023-12-22 02:30:00,0.2995,0.3002,0.2993,0.2998,149974.8
2023-12-22 03:00:00,0.2999,0.3005,0.2999,0.3002,301545.7
2023-12-22 03:30:00,0.3002,0.3007,0.2993,0.3006,261308.8
2023-12-22 04:00:00,0.3008,0.3008,0.3,0.3004,79288.3
2023-12-22 04:30:00,0.3003,0.3006,0.2999,0.3006,84036.8
2023-12-22 05:00:00,0.3006,0.3017,0.3006,0.3017,361808.5
2023-12-22 05:30:00,0.3018,0.302,0.3012,0.3015,89590.9
2023-12-22 06:00:00,0.3015,0.3016,0.3005,0.3013,54684.0
2023-12-22 06:30:00,0.3012,0.3014,0.2994,0.3001,371788.7
2023-12-22 07:00:00,0.3,0.3004,0.2991,0.2998,321888.5
2023-12-22 07:30:00,0.2995,0.2996,0.2987,0.2995,262342.2
2023-12-22 08:00:00,0.2996,0.3012,0.2996,0.3004,189444.7
2023-12-22 08:30:00,0.3002,0.3004,0.2993,0.2999,121240.2
2023-12-22 09:00:00,0.3001,0.3001,0.2989,0.2993,211787.0
2023-12-22 09:30:00,0.2994,0.3003,0.2993,0.3001,140252.2
2023-12-22 10:00:00,0.3001,0.3002,0.2994,0.2999,61995.8
2023-12-22 10:30:00,0.3001,0.3005,0.2999,0.3004,61237.6
2023-12-22 11:00:00,0.3003,0.3009,0.3002,0.3008,51667.4
2023-12-22 11:30:00,0.3008,0.3008,0.2996,0.2999,147726.7
2023-12-22 12:00:00,0.2999,0.3,0.2991,0.2992,99020.5
2023-12-22 12:30:00,0.2992,0.2998,0.2987,0.299,137292.9
2023-12-22 13:00:00,0.299,0.2991,0.2907,0.2955,4759604.8
2023-12-22 13:30:00,0.2955,0.2963,0.2952,0.2958,165748.4
2023-12-22 14:00:00,0.2959,0.296,0.2946,0.2948,481699.8
2023-12-22 14:30:00,0.2949,0.2957,0.2948,0.2956,73325.9
2023-12-22 15:00:00,0.2957,0.2957,0.2951,0.2956,60573.4
2023-12-22 15:30:00,0.2956,0.2967,0.2955,0.2967,191420.1
2023-12-22 16:00:00,0.2966,0.2969,0.2964,0.2968,54728.0
2023-12-22 16:30:00,0.2967,0.2967,0.295,0.2956,287397.2
2023-12-22 17:00:00,0.2956,0.2959,0.2951,0.2954,73021.5
2023-12-22 17:30:00,0.2955,0.2957,0.2947,0.2952,134648.3
2023-12-22 18:00:00,0.2952,0.2959,0.2947,0.2958,118546.5
2023-12-22 18:30:00,0.2958,0.2961,0.2956,0.2961,72998.1
2023-12-22 19:00:00,0.2961,0.2961,0.2945,0.2949,241889.6
2023-12-22 19:30:00,0.2949,0.2949,0.2945,0.2948,126052.0
2023-12-22 20:00:00,0.2949,0.2955,0.2949,0.2953,39010.2
2023-12-22 20:30:00,0.2953,0.2956,0.295,0.2953,94239.5
2023-12-22 21:00:00,0.2953,0.2956,0.2951,0.2954,24148.3
2023-12-22 21:30:00,0.2955,0.2957,0.295,0.2951,63600.1
2023-12-22 22:00:00,0.2951,0.2951,0.2946,0.2946,95565.4
2023-12-22 22:30:00,0.2946,0.2949,0.2946,0.2947,42913.5
2023-12-22 23:00:00,0.2946,0.295,0.2943,0.295,74549.7
2023-12-22 23:30:00,0.2949,0.2952,0.2945,0.2949,79562.5
2023-12-23 00:00:00,0.295,0.2951,0.2944,0.2946,72819.8
2023-12-23 00:30:00,0.2945,0.2948,0.2931,0.2943,210883.3
2023-12-23 01:00:00,0.2941,0.2944,0.2936,0.2941,207168.6
2023-12-23 01:30:00,0.2941,0.2944,0.2928,0.2932,317042.0
2023-12-23 02:00:00,0.2931,0.2935,0.2926,0.2931,133213.1
2023-12-23 02:30:00,0.2931,0.2933,0.2922,0.2925,214682.5
2023-12-23 03:00:00,0.2925,0.2933,0.2923,0.2928,111867.6
2023-12-23 03:30:00,0.2927,0.2928,0.2917,0.292,340721.3
2023-12-23 04:00:00,0.292,0.2921,0.291,0.2915,452920.9
2023-12-23 04:30:00,0.2915,0.2921,0.2912,0.2921,65590.7
2023-12-23 05:00:00,0.292,0.292,0.2914,0.2917,26536.3
2023-12-23 05:30:00,0.2918,0.292,0.2916,0.292,16444.6
2023-12-23 06:00:00,0.2919,0.2919,0.2915,0.2918,52344.0
2023-12-23 06:30:00,0.2917,0.2918,0.2915,0.2918,29733.6
2023-12-23 07:00:00,0.2917,0.2919,0.2911,0.2913,77269.3
2023-12-23 07:30:00,0.2913,0.2915,0.2911,0.2914,40566.4
2023-12-23 08:00:00,0.2914,0.2919,0.2914,0.2918,21888.8
2023-12-23 08:30:00,0.2918,0.2924,0.2917,0.2924,58302.2
2023-12-23 09:00:00,0.2924,0.2926,0.2923,0.2924,64370.5
2023-12-23 09:30:00,0.2924,0.2925,0.292,0.2923,31587.6
2023-12-23 10:00:00,0.2923,0.2931,0.2921,0.293,205205.4
2023-12-23 10:30:00,0.293,0.2932,0.2927,0.2932,35942.7
2023-12-23 11:00:00,0.2932,0.2932,0.2924,0.2927,20064.7
2023-12-23 11:30:00,0.2927,0.293,0.2923,0.2929,37947.8
2023-12-23 12:00:00,0.2928,0.2936,0.2927,0.2934,110601.7
2023-12-23 12:30:00,0.2935,0.2938,0.2935,0.2937,93617.6
2023-12-23 13:00:00,0.2937,0.2942,0.2935,0.294,242824.3
2023-12-23 13:30:00,0.294,0.2943,0.2937,0.2941,94930.2
2023-12-23 14:00:00,0.2941,0.2941,0.2929,0.293,115968.2
2023-12-23 14:30:00,0.293,0.2931,0.2923,0.2928,111366.7
2023-12-23 15:00:00,0.2929,0.2931,0.2926,0.2929,18785.3
2023-12-23 15:30:00,0.2929,0.2935,0.2929,0.293,33665.8
2023-12-23 16:00:00,0.2931,0.2935,0.293,0.2934,17202.9
2023-12-23 16:30:00,0.2935,0.2944,0.2935,0.2943,95946.9
2023-12-23 17:00:00,0.2942,0.2945,0.2941,0.2944,58636.5
2023-12-23 17:30:00,0.2943,0.2945,0.2939,0.294,30024.4
2023-12-23 18:00:00,0.2939,0.2944,0.2936,0.2942,60366.1
2023-12-23 18:30:00,0.2943,0.2951,0.2943,0.2947,155871.2
2023-12-23 19:00:00,0.2946,0.2951,0.2943,0.2951,94763.8
2023-12-23 19:30:00,0.295,0.2954,0.2949,0.2952,164633.3
2023-12-23 20:00:00,0.2953,0.2964,0.2946,0.2948,307083.0
2023-12-23 20:30:00,0.295,0.2952,0.2947,0.2951,52950.1
2023-12-23 21:00:00,0.2951,0.2955,0.2948,0.2955,97741.1
2023-12-23 21:30:00,0.2955,0.2956,0.2954,0.2954,43410.6
2023-12-23 22:00:00,0.2956,0.2959,0.2954,0.2958,110015.3
2023-12-23 22:30:00,0.2958,0.296,0.2955,0.2956,40100.7
2023-12-23 23:00:00,0.2957,0.296,0.2953,0.2959,101199.7
2023-12-23 23:30:00,0.296,0.2963,0.2957,0.296,135232.3
2023-12-24 00:00:00,0.296,0.2964,0.2954,0.2958,129407.4
2023-12-24 00:30:00,0.2958,0.2958,0.295,0.2955,54446.6
2023-12-24 01:00:00,0.2954,0.2963,0.2954,0.296,207041.0
2023-12-24 01:30:00,0.2961,0.2964,0.2955,0.2959,143041.7
2023-12-24 02:00:00,0.2958,0.2964,0.2958,0.2963,87047.9
2023-12-24 02:30:00,0.2963,0.2964,0.2951,0.2951,71175.8
2023-12-24 03:00:00,0.2952,0.2953,0.2947,0.2949,104173.6
2023-12-24 03:30:00,0.295,0.2955,0.2948,0.2955,170300.6
2023-12-24 04:00:00,0.2954,0.2961,0.2953,0.2956,93645.2
2023-12-24 04:30:00,0.2956,0.2958,0.2949,0.2958,79849.5
2023-12-24 05:00:00,0.2958,0.2959,0.2955,0.2959,63479.4
2023-12-24 05:30:00,0.2958,0.2958,0.2931,0.2943,426991.8
2023-12-24 06:00:00,0.2944,0.2948,0.2935,0.2943,69055.1
2023-12-24 06:30:00,0.2943,0.2947,0.2933,0.2947,182316.4
2023-12-24 07:00:00,0.2947,0.2954,0.2944,0.2952,91818.9
2023-12-24 07:30:00,0.2952,0.2953,0.2948,0.2952,18479.6
2023-12-24 08:00:00,0.2952,0.2957,0.295,0.2952,153688.0
2023-12-24 08:30:00,0.2951,0.3018,0.295,0.2992,3723122.2
2023-12-24 09:00:00,0.2992,0.3035,0.2986,0.299,1160016.7
2023-12-24 09:30:00,0.299,0.2993,0.2986,0.2992,96532.7
2023-12-24 10:00:00,0.2992,0.2996,0.2983,0.2986,174968.5
2023-12-24 10:30:00,0.2985,0.2997,0.2968,0.2993,372753.6
2023-12-24 11:00:00,0.2992,0.301,0.2983,0.2997,393428.7
2023-12-24 11:30:00,0.2996,0.3032,0.2994,0.301,1082512.8
2023-12-24 12:00:00,0.301,0.3024,0.301,0.3017,688930.7
2023-12-24 12:30:00,0.3017,0.3022,0.3016,0.3019,199520.8
2023-12-24 13:00:00,0.3019,0.303,0.3017,0.3024,317330.6
2023-12-24 13:30:00,0.3024,0.3029,0.3022,0.3029,267252.6
2023-12-24 14:00:00,0.3028,0.3036,0.3027,0.3033,384003.9
2023-12-24 14:30:00,0.3033,0.3042,0.3021,0.3034,571765.3
2023-12-24 15:00:00,0.3035,0.3044,0.2961,0.2991,4197042.1
2023-12-24 15:30:00,0.2992,0.3003,0.296,0.2998,1374396.9
2023-12-24 16:00:00,0.2999,0.3003,0.2986,0.2999,362753.7
2023-12-24 16:30:00,0.2999,0.3002,0.2997,0.2999,54409.9
2023-12-24 17:00:00,0.2999,0.2999,0.298,0.2992,177952.6
2023-12-24 17:30:00,0.2992,0.2996,0.2986,0.2991,101888.2
2023-12-24 18:00:00,0.2994,0.3002,0.2992,0.3001,60411.9
2023-12-24 18:30:00,0.3001,0.3001,0.299,0.2999,69908.9
2023-12-24 19:00:00,0.2998,0.3004,0.2996,0.2999,114083.2
2023-12-24 19:30:00,0.3,0.3,0.298,0.2993,253054.7
2023-12-24 20:00:00,0.2994,0.2996,0.2985,0.2986,149215.6
2023-12-24 20:30:00,0.2986,0.3035,0.2977,0.3014,3001290.4
2023-12-24 21:00:00,0.3014,0.302,0.3004,0.3012,353676.9
2023-12-24 21:30:00,0.3013,0.3044,0.3006,0.3017,1394361.2
2023-12-24 22:00:00,0.3018,0.3019,0.2973,0.3009,591352.6
2023-12-24 22:30:00,0.3008,0.3009,0.2995,0.3008,163617.4
2023-12-24 23:00:00,0.3007,0.3024,0.3003,0.3015,282661.6
2023-12-24 23:30:00,0.3012,0.3026,0.301,0.3018,268924.5
2023-12-25 00:00:00,0.3019,0.3022,0.2996,0.3011,350347.4
2023-12-25 00:30:00,0.3011,0.3019,0.3004,0.3017,204267.3
2023-12-25 01:00:00,0.3017,0.3023,0.3016,0.3023,56250.6
2023-12-25 01:30:00,0.3022,0.3051,0.3015,0.304,963761.6
2023-12-25 02:00:00,0.304,0.3043,0.3017,0.3024,419351.2
2023-12-25 02:30:00,0.3023,0.3055,0.3016,0.304,453539.5
2023-12-25 03:00:00,0.304,0.3049,0.3033,0.3044,173150.0
2023-12-25 03:30:00,0.3044,0.3047,0.3041,0.3043,64746.0
2023-12-25 04:00:00,0.3043,0.3049,0.3037,0.3048,212940.8
2023-12-25 04:30:00,0.3048,0.309,0.3046,0.3065,1421012.8
2023-12-25 05:00:00,0.3065,0.3079,0.3064,0.307,372620.2
2023-12-25 05:30:00,0.3073,0.31,0.307,0.3096,1596358.4
2023-12-25 06:00:00,0.3096,0.3101,0.3091,0.3095,351397.4
2023-12-25 06:30:00,0.3095,0.3095,0.308,0.3089,275312.1
2023-12-25 07:00:00,0.3088,0.3138,0.3088,0.3131,2043366.3
2023-12-25 07:30:00,0.313,0.3139,0.3114,0.312,658829.9
2023-12-25 08:00:00,0.3121,0.3144,0.312,0.3138,528830.9
2023-12-25 08:30:00,0.3137,0.3139,0.3105,0.3106,571052.8
2023-12-25 09:00:00,0.3106,0.3117,0.3104,0.3116,139868.4
2023-12-25 09:30:00,0.3115,0.3115,0.3099,0.3114,284243.3
2023-12-25 10:00:00,0.3115,0.3186,0.3114,0.3164,2949086.5
2023-12-25 10:30:00,0.3163,0.3169,0.3156,0.3164,652398.3
2023-12-25 11:00:00,0.3164,0.3167,0.3136,0.3145,857910.7
2023-12-25 11:30:00,0.3145,0.3155,0.3142,0.3152,349752.5
2023-12-25 12:00:00,0.3152,0.3152,0.3135,0.3139,267722.3
2023-12-25 12:30:00,0.314,0.3157,0.3135,0.3153,241072.7
2023-12-25 13:00:00,0.3153,0.3153,0.3121,0.3126,460298.2
2023-12-25 13:30:00,0.3126,0.3151,0.3125,0.3148,368689.2
2023-12-25 14:00:00,0.3149,0.3154,0.3132,0.3138,308837.1
2023-12-25 14:30:00,0.3138,0.3191,0.3132,0.3175,2096980.8
2023-12-25 15:00:00,0.3173,0.32,0.3161,0.3177,863446.8
2023-12-25 15:30:00,0.3178,0.3178,0.3157,0.3157,254061.9
2023-12-25 16:00:00,0.3157,0.3193,0.3153,0.3187,846866.7
2023-12-25 16:30:00,0.3188,0.3193,0.3162,0.3182,754220.1
2023-12-25 17:00:00,0.3182,0.3187,0.3164,0.3181,353600.2
2023-12-25 17:30:00,0.318,0.32,0.318,0.3194,480434.5
2023-12-25 18:00:00,0.3193,0.3205,0.3183,0.3203,960805.6
2023-12-25 18:30:00,0.3203,0.3207,0.3167,0.3177,656993.9
2023-12-25 19:00:00,0.3179,0.3195,0.3174,0.3194,140301.0
2023-12-25 19:30:00,0.3193,0.3198,0.3187,0.3195,140062.3
2023-12-25 20:00:00,0.3195,0.3196,0.3174,0.3179,245828.0
2023-12-25 20:30:00,0.3178,0.3184,0.3168,0.3184,199951.2
2023-12-25 21:00:00,0.3184,0.3184,0.3169,0.3174,131542.6
2023-12-25 21:30:00,0.3175,0.3185,0.3167,0.3185,95962.9
2023-12-25 22:00:00,0.3185,0.3199,0.3184,0.3199,141224.0
2023-12-25 22:30:00,0.32,0.3203,0.3183,0.3196,206836.3
2023-12-25 23:00:00,0.3195,0.3196,0.3176,0.3178,102026.8
2023-12-25 23:30:00,0.3181,0.3186,0.3173,0.3176,84680.7
2023-12-26 00:00:00,0.3177,0.3194,0.3176,0.3194,288874.9
2023-12-26 00:30:00,0.3195,0.32,0.3177,0.318,63553.6
2023-12-26 01:00:00,0.318,0.3197,0.3176,0.3193,182697.4
2023-12-26 01:30:00,0.3193,0.3194,0.3155,0.3175,528815.2
2023-12-26 02:00:00,0.3173,0.3185,0.3173,0.3181,71432.3
2023-12-26 02:30:00,0.3184,0.319,0.3174,0.3177,218475.8
2023-12-26 03:00:00,0.3176,0.3184,0.3171,0.3173,336345.8
2023-12-26 03:30:00,0.3173,0.3184,0.3169,0.3184,161832.4
2023-12-26 04:00:00,0.3183,0.319,0.3179,0.3189,148799.5
2023-12-26 04:30:00,0.3188,0.3201,0.3184,0.32,320235.7
2023-12-26 05:00:00,0.32,0.32,0.3157,0.316,476452.6
2023-12-26 05:30:00,0.3161,0.3164,0.3132,0.314,1053176.2
2023-12-26 06:00:00,0.314,0.3175,0.3121,0.3147,868758.4
2023-12-26 06:30:00,0.3148,0.3172,0.314,0.3165,523796.1
2023-12-26 07:00:00,0.3162,0.3181,0.3142,0.3173,523416.7
2023-12-26 07:30:00,0.3175,0.318,0.3168,0.3177,334768.9
2023-12-26 08:00:00,0.3177,0.318,0.3144,0.3155,312966.0
2023-12-26 08:30:00,0.3156,0.317,0.3151,0.3163,264590.6
2023-12-26 09:00:00,0.3161,0.3176,0.3155,0.3157,329036.2
2023-12-26 09:30:00,0.3156,0.3188,0.3115,0.3173,732353.8
2023-12-26 10:00:00,0.3171,0.3198,0.3169,0.3186,424162.9
2023-12-26 10:30:00,0.3186,0.3194,0.3181,0.3192,343404.3
2023-12-26 11:00:00,0.3191,0.34,0.3177,0.3288,4831338.3
2023-12-26 11:30:00,0.329,0.3318,0.3245,0.3269,4609840.3
2023-12-26 12:00:00,0.327,0.3281,0.3246,0.3278,952122.7
2023-12-26 12:30:00,0.3277,0.3394,0.3269,0.3368,2654897.2
2023-12-26 13:00:00,0.3365,0.38,0.3344,0.3738,13384279.1
2023-12-26 13:30:00,0.3741,0.388,0.3491,0.3682,11045720.1
2023-12-26 14:00:00,0.3681,0.3687,0.3411,0.3585,11455718.0
2023-12-26 14:30:00,0.3588,0.3651,0.352,0.3569,3133059.2
2023-12-26 15:00:00,0.3571,0.363,0.3461,0.3497,1877361.4
2023-12-26 15:30:00,0.3499,0.36,0.3393,0.3437,2410780.7
2023-12-26 16:00:00,0.3435,0.3492,0.3356,0.3444,1514259.3
2023-12-26 16:30:00,0.3442,0.3461,0.334,0.3374,1032141.5
2023-12-26 17:00:00,0.3369,0.3415,0.3338,0.3387,1039243.4
2023-12-26 17:30:00,0.3389,0.3393,0.324,0.3328,2692907.7
2023-12-26 18:00:00,0.3329,0.3395,0.3312,0.3318,582638.8
2023-12-26 18:30:00,0.3317,0.3379,0.3301,0.3363,329351.9
2023-12-26 19:00:00,0.3362,0.3429,0.335,0.3429,468518.8
2023-12-26 19:30:00,0.343,0.3462,0.3414,0.3422,571458.5
2023-12-26 20:00:00,0.3422,0.3458,0.342,0.3454,307817.9
2023-12-26 20:30:00,0.3451,0.3462,0.3418,0.3429,320876.1
2023-12-26 21:00:00,0.343,0.3451,0.3415,0.3451,106296.0
2023-12-26 21:30:00,0.3446,0.3495,0.3435,0.3486,146479.4
2023-12-26 22:00:00,0.3486,0.3504,0.3459,0.3504,188352.9
2023-12-26 22:30:00,0.3504,0.3548,0.3487,0.3515,413293.5
2023-12-26 23:00:00,0.3514,0.3531,0.3491,0.3508,268977.9
2023-12-26 23:30:00,0.3507,0.3548,0.3501,0.3504,185643.8
2023-12-27 00:00:00,0.3507,0.3525,0.3448,0.3516,481205.0
2023-12-27 00:30:00,0.3513,0.3516,0.3471,0.348,362100.6
2023-12-27 01:00:00,0.348,0.3502,0.3412,0.3419,445646.5
2023-12-27 01:30:00,0.3421,0.3496,0.335,0.3475,1734293.8
2023-12-27 02:00:00,0.3475,0.3483,0.34,0.34,628304.7
2023-12-27 02:30:00,0.3399,0.3428,0.3342,0.3361,600206.1
2023-12-27 03:00:00,0.3361,0.3391,0.3293,0.3307,591792.9
2023-12-27 03:30:00,0.331,0.3326,0.3294,0.3301,706437.9
2023-12-27 04:00:00,0.3302,0.3311,0.3294,0.331,194573.5
2023-12-27 04:30:00,0.331,0.331,0.3282,0.3289,291473.9
2023-12-27 05:00:00,0.329,0.3398,0.3288,0.3394,1025031.9
2023-12-27 05:30:00,0.3391,0.3406,0.3325,0.3331,1305798.1
2023-12-27 06:00:00,0.3332,0.3346,0.3297,0.3311,708751.6
2023-12-27 06:30:00,0.3311,0.3335,0.3292,0.3317,1039032.8
2023-12-27 07:00:00,0.3318,0.3319,0.3264,0.3277,721367.4
2023-12-27 07:30:00,0.328,0.3308,0.3271,0.3282,507240.2
2023-12-27 08:00:00,0.3283,0.3311,0.3276,0.3306,347068.3
2023-12-27 08:30:00,0.331,0.3317,0.3296,0.331,377629.1
2023-12-27 09:00:00,0.331,0.3318,0.3303,0.3316,293266.4
2023-12-27 09:30:00,0.3316,0.3317,0.3283,0.3289,378609.9
2023-12-27 10:00:00,0.329,0.3303,0.3278,0.3303,483469.2
2023-12-27 10:30:00,0.3304,0.3348,0.3298,0.3326,988218.6
2023-12-27 11:00:00,0.3326,0.3352,0.3303,0.3327,587186.4
2023-12-27 11:30:00,0.3327,0.3356,0.3315,0.3342,311513.2
2023-12-27 12:00:00,0.3342,0.3347,0.3311,0.3328,309269.9
2023-12-27 12:30:00,0.333,0.3335,0.3281,0.3302,466382.5
2023-12-27 13:00:00,0.33,0.355,0.3286,0.345,2957774.6
2023-12-27 13:30:00,0.3452,0.3484,0.3328,0.338,1401228.5
2023-12-27 14:00:00,0.338,0.3492,0.3336,0.3344,998028.6
2023-12-27 14:30:00,0.3345,0.3355,0.3298,0.334,713981.5
2023-12-27 15:00:00,0.334,0.3353,0.3298,0.3335,457895.4
2023-12-27 15:30:00,0.3336,0.3344,0.3312,0.3336,384008.0
2023-12-27 16:00:00,0.3336,0.334,0.3311,0.333,185222.0
2023-12-27 16:30:00,0.3331,0.3363,0.3331,0.3344,377029.5
2023-12-27 17:00:00,0.3344,0.3391,0.3343,0.3385,268930.5
2023-12-27 17:30:00,0.3389,0.341,0.3284,0.3299,4359459.1
2023-12-27 18:00:00,0.3299,0.3304,0.324,0.3272,3583622.4
2023-12-27 18:30:00,0.3272,0.3286,0.326,0.328,399010.7
2023-12-27 19:00:00,0.3279,0.3286,0.3252,0.328,562618.9
2023-12-27 19:30:00,0.328,0.3285,0.3259,0.327,321384.4
2023-12-27 20:00:00,0.3268,0.328,0.3267,0.3277,88211.4
2023-12-27 20:30:00,0.3278,0.3285,0.326,0.3277,296519.2
2023-12-27 21:00:00,0.3276,0.328,0.3261,0.3274,114190.6
2023-12-27 21:30:00,0.3272,0.3277,0.325,0.3261,376957.8
2023-12-27 22:00:00,0.3263,0.3279,0.3246,0.3257,346773.4
2023-12-27 22:30:00,0.3257,0.3265,0.3245,0.3253,516558.4
2023-12-27 23:00:00,0.3253,0.3266,0.325,0.3259,146087.4
2023-12-27 23:30:00,0.3261,0.3268,0.3257,0.3263,150309.2
2023-12-28 00:00:00,0.3263,0.3276,0.3257,0.3271,576325.9
2023-12-28 00:30:00,0.3271,0.3284,0.3261,0.327,640466.5
2023-12-28 01:00:00,0.3271,0.3276,0.3255,0.3259,568664.5
2023-12-28 01:30:00,0.3258,0.3273,0.3255,0.3265,241823.0
2023-12-28 02:00:00,0.3267,0.327,0.3255,0.3259,83674.3
2023-12-28 02:30:00,0.3259,0.3267,0.3256,0.3261,67919.1
2023-12-28 03:00:00,0.3261,0.3267,0.3255,0.3259,92563.6
2023-12-28 03:30:00,0.3257,0.3258,0.3184,0.3236,1597148.2
2023-12-28 04:00:00,0.3235,0.3254,0.3231,0.3252,355051.9
2023-12-28 04:30:00,0.3252,0.3253,0.3235,0.3235,237159.0
2023-12-28 05:00:00,0.3236,0.3243,0.3212,0.3222,909075.2
2023-12-28 05:30:00,0.3224,0.3254,0.3222,0.3238,446884.1
2023-12-28 06:00:00,0.3236,0.3241,0.32,0.3221,654615.9
2023-12-28 06:30:00,0.3221,0.3231,0.3214,0.3219,251875.5
2023-12-28 07:00:00,0.3218,0.3226,0.3195,0.3214,697273.4
2023-12-28 07:30:00,0.3215,0.3223,0.3204,0.3223,277528.9
2023-12-28 08:00:00,0.3223,0.3228,0.322,0.3224,170972.6
2023-12-28 08:30:00,0.3224,0.3231,0.3223,0.3224,173851.5
2023-12-28 09:00:00,0.3224,0.3227,0.3209,0.3214,433996.2
2023-12-28 09:30:00,0.3215,0.3222,0.3209,0.321,183218.7
2023-12-28 10:00:00,0.321,0.3216,0.3209,0.321,85020.5
2023-12-28 10:30:00,0.321,0.3221,0.321,0.3212,164051.1
2023-12-28 11:00:00,0.3212,0.3215,0.3194,0.3202,486494.7
2023-12-28 11:30:00,0.3203,0.3217,0.3203,0.3212,131222.5
2023-12-28 12:00:00,0.3213,0.3214,0.3187,0.3195,521942.3
2023-12-28 12:30:00,0.3194,0.3196,0.3181,0.3181,833269.4
2023-12-28 13:00:00,0.3181,0.3191,0.317,0.3181,844352.2
2023-12-28 13:30:00,0.3181,0.3183,0.3164,0.3168,678466.4
2023-12-28 14:00:00,0.3169,0.3171,0.3142,0.3159,1565395.5
2023-12-28 14:30:00,0.3159,0.3163,0.3079,0.315,1267391.9
2023-12-28 15:00:00,0.315,0.3158,0.3133,0.3135,344566.1
2023-12-28 15:30:00,0.3136,0.315,0.3136,0.3148,93396.9
2023-12-28 16:00:00,0.3148,0.3154,0.3131,0.3138,260472.8
2023-12-28 16:30:00,0.3138,0.3155,0.3138,0.3152,102769.3
2023-12-28 17:00:00,0.3154,0.3162,0.3142,0.316,156555.4
2023-12-28 17:30:00,0.3162,0.318,0.3146,0.3153,535446.8
2023-12-28 18:00:00,0.3152,0.3156,0.3139,0.3149,58288.0
2023-12-28 18:30:00,0.3149,0.3156,0.314,0.3142,57067.9
2023-12-28 19:00:00,0.3143,0.3153,0.3138,0.3153,42463.8
2023-12-28 19:30:00,0.3153,0.3154,0.3143,0.3154,22311.2
2023-12-28 20:00:00,0.3152,0.3152,0.3134,0.3135,179201.4
2023-12-28 20:30:00,0.3135,0.3147,0.3133,0.3143,57264.5
2023-12-28 21:00:00,0.3147,0.3153,0.3138,0.3149,27280.9
2023-12-28 21:30:00,0.3152,0.3152,0.3131,0.3143,171949.3
2023-12-28 22:00:00,0.3145,0.315,0.3139,0.3139,33836.8
2023-12-28 22:30:00,0.3138,0.3154,0.3138,0.3152,76857.8
2023-12-28 23:00:00,0.3152,0.3154,0.314,0.3154,55874.8
2023-12-28 23:30:00,0.3154,0.3157,0.3147,0.3154,49727.3
2023-12-29 00:00:00,0.3155,0.3161,0.3139,0.3142,118321.7
2023-12-29 00:30:00,0.3143,0.3145,0.3113,0.3125,636183.6
2023-12-29 01:00:00,0.3126,0.3139,0.3104,0.3124,659758.1
2023-12-29 01:30:00,0.3127,0.3127,0.311,0.3112,461693.8
2023-12-29 02:00:00,0.3112,0.3119,0.3108,0.3118,188618.0
2023-12-29 02:30:00,0.312,0.3138,0.312,0.3138,123428.4
2023-12-29 03:00:00,0.3139,0.3142,0.3131,0.3137,78950.5
2023-12-29 03:30:00,0.3141,0.3145,0.3129,0.313,127377.0
2023-12-29 04:00:00,0.3129,0.3133,0.3123,0.3125,19279.2
2023-12-29 04:30:00,0.3124,0.3131,0.3123,0.313,44997.8
2023-12-29 05:00:00,0.3128,0.313,0.3115,0.3116,254776.4
2023-12-29 05:30:00,0.3116,0.3125,0.3116,0.3125,131065.9
2023-12-29 06:00:00,0.3123,0.3129,0.3114,0.312,95609.8
2023-12-29 06:30:00,0.3121,0.3121,0.3113,0.3119,144046.6
2023-12-29 07:00:00,0.3118,0.312,0.3112,0.3118,80769.4
2023-12-29 07:30:00,0.3118,0.3119,0.31,0.3105,466869.2
2023-12-29 08:00:00,0.3106,0.3125,0.3104,0.3118,231549.3
2023-12-29 08:30:00,0.3118,0.3124,0.3117,0.3118,245711.0
2023-12-29 09:00:00,0.3119,0.3133,0.3119,0.3131,349113.8
2023-12-29 09:30:00,0.3131,0.3135,0.3125,0.3129,141778.7
2023-12-29 10:00:00,0.3128,0.3134,0.3127,0.3134,158233.2
2023-12-29 10:30:00,0.3133,0.3136,0.3123,0.3123,89317.9
2023-12-29 11:00:00,0.3123,0.3134,0.3118,0.3132,218840.4
2023-12-29 11:30:00,0.3132,0.3174,0.3132,0.3167,2063679.4
2023-12-29 12:00:00,0.3166,0.3173,0.3161,0.3171,428543.3
2023-12-29 12:30:00,0.3171,0.321,0.3166,0.3192,1638068.3
2023-12-29 13:00:00,0.3192,0.3195,0.3178,0.3179,379686.6
2023-12-29 13:30:00,0.3178,0.3186,0.3177,0.3185,91906.3
2023-12-29 14:00:00,0.3185,0.3185,0.3173,0.3176,79706.2
2023-12-29 14:30:00,0.3177,0.319,0.3176,0.319,117387.5
2023-12-29 15:00:00,0.319,0.3191,0.3154,0.3157,568280.6
2023-12-29 15:30:00,0.3159,0.3162,0.3138,0.3146,660584.3
2023-12-29 16:00:00,0.3146,0.3155,0.3123,0.3143,838865.6
2023-12-29 16:30:00,0.3142,0.3152,0.3129,0.3129,322382.1
2023-12-29 17:00:00,0.3129,0.3137,0.3124,0.3128,448462.0
2023-12-29 17:30:00,0.3127,0.313,0.3113,0.3128,439250.2
2023-12-29 18:00:00,0.3125,0.3134,0.3114,0.3127,269193.8
2023-12-29 18:30:00,0.3127,0.3136,0.3127,0.3136,32663.7
2023-12-29 19:00:00,0.3135,0.314,0.3131,0.3138,61591.9
2023-12-29 19:30:00,0.3138,0.314,0.3136,0.3137,22608.9
2023-12-29 20:00:00,0.3135,0.3135,0.3121,0.3122,65290.1
2023-12-29 20:30:00,0.3122,0.3131,0.3119,0.3131,69583.3
2023-12-29 21:00:00,0.3132,0.3138,0.313,0.3132,209142.5
2023-12-29 21:30:00,0.313,0.313,0.3111,0.3122,266156.6
2023-12-29 22:00:00,0.312,0.3154,0.3081,0.3122,540617.4
2023-12-29 22:30:00,0.3121,0.313,0.3114,0.3122,116161.6
2023-12-29 23:00:00,0.3128,0.3135,0.3128,0.3129,131134.7
2023-12-29 23:30:00,0.3129,0.3139,0.3129,0.3139,81623.0
2023-12-30 00:00:00,0.3138,0.3139,0.3132,0.3137,175166.7
2023-12-30 00:30:00,0.3136,0.3136,0.312,0.3126,337131.6
2023-12-30 01:00:00,0.3125,0.3131,0.3119,0.3121,447239.8
2023-12-30 01:30:00,0.3121,0.3129,0.312,0.3128,132626.3
2023-12-30 02:00:00,0.3128,0.313,0.312,0.3124,189075.6
2023-12-30 02:30:00,0.3123,0.3123,0.311,0.3113,310070.8
2023-12-30 03:00:00,0.3113,0.3118,0.3109,0.3111,162754.7
2023-12-30 03:30:00,0.3111,0.3126,0.3108,0.3123,85433.9
2023-12-30 04:00:00,0.3122,0.3133,0.3122,0.3133,114900.1
2023-12-30 04:30:00,0.3132,0.3136,0.313,0.3134,90405.5
2023-12-30 05:00:00,0.3136,0.3141,0.3131,0.3132,83406.5
2023-12-30 05:30:00,0.3131,0.314,0.3129,0.3132,143694.7
2023-12-30 06:00:00,0.3132,0.3133,0.3116,0.3118,182531.2
2023-12-30 06:30:00,0.3118,0.3123,0.3118,0.3119,71023.2
2023-12-30 07:00:00,0.3123,0.3125,0.3118,0.312,49397.9
2023-12-30 07:30:00,0.3119,0.3119,0.311,0.3113,108658.4
2023-12-30 08:00:00,0.3113,0.3118,0.3104,0.3104,249652.6
2023-12-30 08:30:00,0.3104,0.3104,0.3091,0.3096,470284.2
2023-12-30 09:00:00,0.3096,0.3104,0.3094,0.3095,156463.9
2023-12-30 09:30:00,0.3096,0.3098,0.3086,0.3091,429444.9
2023-12-30 10:00:00,0.3089,0.3092,0.3085,0.3085,290785.8
2023-12-30 10:30:00,0.3086,0.3089,0.3081,0.3088,238718.2
2023-12-30 11:00:00,0.3088,0.3095,0.3085,0.3085,103626.4
2023-12-30 11:30:00,0.3085,0.3085,0.3082,0.3083,30902.5
2023-12-30 12:00:00,0.3082,0.3092,0.3081,0.3091,59708.8
2023-12-30 12:30:00,0.3093,0.3095,0.3082,0.3082,90745.4
2023-12-30 13:00:00,0.3083,0.3084,0.3077,0.3078,245426.4
2023-12-30 13:30:00,0.3078,0.3092,0.3078,0.309,151967.1
2023-12-30 14:00:00,0.3089,0.3096,0.3089,0.309,94245.8
2023-12-30 14:30:00,0.309,0.3099,0.309,0.3099,156177.8
2023-12-30 15:00:00,0.3099,0.3101,0.3085,0.3088,125035.7
2023-12-30 15:30:00,0.3087,0.3097,0.3083,0.3097,91577.7
2023-12-30 16:00:00,0.3097,0.3102,0.3094,0.31,88174.7
2023-12-30 16:30:00,0.31,0.3105,0.3085,0.3088,128805.0
2023-12-30 17:00:00,0.3087,0.3097,0.3083,0.3095,140110.6
2023-12-30 17:30:00,0.3094,0.3099,0.3092,0.3098,90986.9
2023-12-30 18:00:00,0.3098,0.3098,0.3088,0.309,48858.5
2023-12-30 18:30:00,0.3089,0.309,0.3083,0.309,107748.8
2023-12-30 19:00:00,0.309,0.309,0.3084,0.3088,17236.1
2023-12-30 19:30:00,0.3088,0.3091,0.3083,0.3084,16113.8
2023-12-30 20:00:00,0.3084,0.3087,0.3083,0.3087,15233.4
2023-12-30 20:30:00,0.3087,0.309,0.308,0.3087,124502.8
2023-12-30 21:00:00,0.3088,0.3094,0.3087,0.3094,39059.1
2023-12-30 21:30:00,0.3094,0.3094,0.3088,0.3094,33906.7
2023-12-30 22:00:00,0.3094,0.3097,0.3088,0.3091,48613.6
2023-12-30 22:30:00,0.3091,0.3093,0.3073,0.3086,160634.7
2023-12-30 23:00:00,0.3086,0.3097,0.3086,0.3096,75612.2
2023-12-30 23:30:00,0.3096,0.3099,0.309,0.309,29944.8
2023-12-31 00:00:00,0.3091,0.31,0.3088,0.3098,76064.8
2023-12-31 00:30:00,0.3098,0.3104,0.3098,0.3103,92400.4
2023-12-31 01:00:00,0.3103,0.3106,0.3097,0.3099,47357.4
2023-12-31 01:30:00,0.3098,0.31,0.3089,0.309,43451.6
2023-12-31 02:00:00,0.309,0.3094,0.3089,0.3092,28433.2
2023-12-31 02:30:00,0.3087,0.3089,0.3081,0.3089,158548.5
2023-12-31 03:00:00,0.3088,0.3089,0.308,0.308,18703.4
2023-12-31 03:30:00,0.3081,0.3085,0.3077,0.3085,202440.9
2023-12-31 04:00:00,0.3083,0.309,0.3081,0.309,65846.0
2023-12-31 04:30:00,0.3091,0.3091,0.3086,0.3087,19303.4
2023-12-31 05:00:00,0.3087,0.309,0.3086,0.3087,62017.2
2023-12-31 05:30:00,0.3088,0.309,0.3084,0.3084,95014.1
2023-12-31 06:00:00,0.3084,0.309,0.3084,0.3088,47897.7
2023-12-31 06:30:00,0.3088,0.3088,0.3083,0.3083,24577.6
2023-12-31 07:00:00,0.3085,0.309,0.3081,0.309,144408.1
2023-12-31 07:30:00,0.309,0.309,0.3083,0.3088,216911.2
2023-12-31 08:00:00,0.3087,0.3089,0.3082,0.3083,83803.2
2023-12-31 08:30:00,0.3082,0.3083,0.3079,0.3081,175197.6
2023-12-31 09:00:00,0.3081,0.309,0.3081,0.309,110855.5
2023-12-31 09:30:00,0.309,0.3093,0.3089,0.3093,91882.9
2023-12-31 10:00:00,0.3093,0.3095,0.308,0.308,139590.0
2023-12-31 10:30:00,0.308,0.3083,0.3079,0.3079,88941.1
2023-12-31 11:00:00,0.308,0.308,0.3076,0.3076,67467.2
2023-12-31 11:30:00,0.3076,0.3081,0.3076,0.3078,110794.2
2023-12-31 12:00:00,0.3078,0.3083,0.3075,0.3083,52904.5
2023-12-31 12:30:00,0.3082,0.3084,0.3054,0.3073,664181.9
2023-12-31 13:00:00,0.3074,0.3077,0.3065,0.3067,178934.5
2023-12-31 13:30:00,0.3067,0.3073,0.3065,0.3072,64171.3
2023-12-31 14:00:00,0.3072,0.3072,0.3065,0.3071,16336.5
2023-12-31 14:30:00,0.3072,0.3075,0.3068,0.3074,41485.5
2023-12-31 15:00:00,0.3075,0.3077,0.3074,0.3076,35924.5
2023-12-31 15:30:00,0.3074,0.3074,0.3065,0.3068,71434.0
2023-12-31 16:00:00,0.3068,0.3074,0.3064,0.3074,13454.1
2023-12-31 16:30:00,0.3074,0.3079,0.3074,0.3077,78661.9
2023-12-31 17:00:00,0.3077,0.308,0.3073,0.3073,34365.7
2023-12-31 17:30:00,0.3073,0.3075,0.3068,0.3073,115277.6
2023-12-31 18:00:00,0.3074,0.3076,0.3065,0.3071,58651.0
2023-12-31 18:30:00,0.3072,0.3072,0.3064,0.3068,103441.6
2023-12-31 19:00:00,0.3069,0.3069,0.3063,0.3066,95949.2
2023-12-31 19:30:00,0.3065,0.3066,0.306,0.3062,124498.9
2023-12-31 20:00:00,0.3062,0.3062,0.3052,0.3055,279147.8
2023-12-31 20:30:00,0.3055,0.3057,0.3022,0.3036,514914.9
2023-12-31 21:00:00,0.3036,0.3043,0.302,0.3031,261405.6
2023-12-31 21:30:00,0.3031,0.3035,0.3026,0.3028,120645.1
2023-12-31 22:00:00,0.3026,0.305,0.3026,0.3038,363035.2
2023-12-31 22:30:00,0.3037,0.3041,0.288,0.2965,1115453.7
2023-12-31 23:00:00,0.2964,0.2992,0.2952,0.2971,581953.1
2023-12-31 23:30:00,0.2972,0.3008,0.2966,0.3006,337882.6
2024-01-01 00:00:00,0.3004,0.3032,0.2998,0.3018,192403.2
2024-01-01 00:30:00,0.3017,0.3038,0.3016,0.3036,73798.6
2024-01-01 01:00:00,0.3036,0.3041,0.3013,0.3014,192559.4
2024-01-01 01:30:00,0.3013,0.3031,0.3012,0.3031,160177.9
2024-01-01 02:00:00,0.3032,0.3035,0.3025,0.3027,71797.7
2024-01-01 02:30:00,0.3026,0.3028,0.301,0.3018,127844.2
2024-01-01 03:00:00,0.3018,0.3019,0.3006,0.3012,176023.2
2024-01-01 03:30:00,0.3013,0.3014,0.2985,0.2997,304692.0
2024-01-01 04:00:00,0.2995,0.3012,0.2983,0.301,630529.3
2024-01-01 04:30:00,0.3008,0.3013,0.3005,0.3007,283224.1
2024-01-01 05:00:00,0.3007,0.3011,0.3002,0.3008,180927.9
2024-01-01 05:30:00,0.3011,0.3012,0.3001,0.3004,129492.0
2024-01-01 06:00:00,0.3004,0.3012,0.3003,0.3011,76025.9
2024-01-01 06:30:00,0.3009,0.3011,0.3007,0.3009,32554.0
2024-01-01 07:00:00,0.3007,0.3009,0.3004,0.3004,25284.5
2024-01-01 07:30:00,0.3005,0.301,0.3005,0.3007,15691.9
2024-01-01 08:00:00,0.3007,0.3013,0.2993,0.2997,690297.4
2024-01-01 08:30:00,0.2999,0.3006,0.2999,0.3006,38124.1
2024-01-01 09:00:00,0.3005,0.3006,0.2996,0.2998,166632.2
2024-01-01 09:30:00,0.2997,0.3003,0.2997,0.3,71369.0
2024-01-01 10:00:00,0.3,0.3004,0.2999,0.2999,27252.8
2024-01-01 10:30:00,0.2998,0.3004,0.2998,0.3002,46362.5
2024-01-01 11:00:00,0.3002,0.301,0.3001,0.301,114228.4
2024-01-01 11:30:00,0.301,0.3013,0.3005,0.3012,28747.4
2024-01-01 12:00:00,0.3012,0.3014,0.3007,0.3012,67391.5
2024-01-01 12:30:00,0.3011,0.3021,0.301,0.3013,274754.5
2024-01-01 13:00:00,0.3014,0.3038,0.3012,0.3028,519791.0
2024-01-01 13:30:00,0.3029,0.3051,0.3026,0.3033,483392.3
2024-01-01 14:00:00,0.3032,0.3032,0.3021,0.3023,158148.9
2024-01-01 14:30:00,0.3023,0.3026,0.3018,0.3024,158631.9
2024-01-01 15:00:00,0.3023,0.3034,0.302,0.3034,358082.4
2024-01-01 15:30:00,0.3034,0.3044,0.3029,0.3041,508116.1
2024-01-01 16:00:00,0.304,0.3044,0.3026,0.3029,444562.8
2024-01-01 16:30:00,0.3029,0.3034,0.3025,0.3029,54285.7
2024-01-01 17:00:00,0.3029,0.3035,0.3026,0.3033,71412.9
2024-01-01 17:30:00,0.3033,0.3036,0.3029,0.3036,25491.7
2024-01-01 18:00:00,0.3036,0.3044,0.3036,0.3044,185814.0
2024-01-01 18:30:00,0.3043,0.3046,0.3039,0.3043,31147.8
2024-01-01 19:00:00,0.3044,0.3048,0.3042,0.3047,73488.4
2024-01-01 19:30:00,0.3047,0.305,0.304,0.3046,138067.8
2024-01-01 20:00:00,0.3046,0.3051,0.3039,0.304,122384.6
2024-01-01 20:30:00,0.304,0.304,0.3034,0.3036,70597.4
2024-01-01 21:00:00,0.3034,0.3038,0.3032,0.3032,71050.6
2024-01-01 21:30:00,0.3032,0.3036,0.303,0.3036,28357.0
2024-01-01 22:00:00,0.3036,0.3039,0.3027,0.3033,123709.3
2024-01-01 22:30:00,0.3034,0.3043,0.3031,0.3038,112997.6
2024-01-01 23:00:00,0.3038,0.3045,0.3035,0.3038,63522.7
2024-01-01 23:30:00,0.3038,0.3046,0.3035,0.3043,60845.9
2024-01-02 00:00:00,0.3042,0.3046,0.3027,0.3036,272829.3
2024-01-02 00:30:00,0.3037,0.3046,0.3033,0.3045,293753.4
2024-01-02 01:00:00,0.3045,0.3053,0.304,0.3051,133118.8
2024-01-02 01:30:00,0.3052,0.3054,0.3045,0.3053,96773.0
2024-01-02 02:00:00,0.3054,0.3056,0.3051,0.3055,90430.4
2024-01-02 02:30:00,0.3055,0.3059,0.3054,0.3056,197934.7
2024-01-02 03:00:00,0.3056,0.306,0.3044,0.3059,454152.2
2024-01-02 03:30:00,0.3059,0.3061,0.3055,0.3058,112097.2
2024-01-02 04:00:00,0.3059,0.306,0.3053,0.3054,99329.1
2024-01-02 04:30:00,0.3053,0.3059,0.3052,0.3055,80594.8
2024-01-02 05:00:00,0.3056,0.3064,0.3056,0.3064,167311.0
2024-01-02 05:30:00,0.3064,0.307,0.3043,0.3045,429191.9
2024-01-02 06:00:00,0.3045,0.3056,0.3044,0.3051,160545.7
2024-01-02 06:30:00,0.3053,0.3054,0.3046,0.3047,79543.5
2024-01-02 07:00:00,0.3047,0.3051,0.3044,0.3044,49196.2
2024-01-02 07:30:00,0.3043,0.3049,0.3039,0.3043,146808.3
2024-01-02 08:00:00,0.3042,0.3051,0.3036,0.305,330114.2
2024-01-02 08:30:00,0.305,0.3056,0.305,0.3056,116090.6
2024-01-02 09:00:00,0.3057,0.3059,0.3042,0.3053,212992.8
2024-01-02 09:30:00,0.305,0.305,0.3041,0.3046,98510.0
2024-01-02 10:00:00,0.3046,0.3048,0.3037,0.3045,135444.1
2024-01-02 10:30:00,0.3044,0.3047,0.3036,0.3045,192729.2
2024-01-02 11:00:00,0.3044,0.3048,0.3041,0.3045,92425.4
2024-01-02 11:30:00,0.3045,0.3048,0.303,0.3033,283613.4
2024-01-02 12:00:00,0.3033,0.3038,0.3031,0.3034,62442.4
2024-01-02 12:30:00,0.3034,0.3036,0.3027,0.3029,153079.0
2024-01-02 13:00:00,0.3028,0.303,0.3023,0.303,262283.9
2024-01-02 13:30:00,0.303,0.3038,0.303,0.3032,79042.7
2024-01-02 14:00:00,0.3031,0.3034,0.3024,0.3024,60255.7
2024-01-02 14:30:00,0.3025,0.3025,0.2987,0.3009,1052667.7
2024-01-02 15:00:00,0.3009,0.3011,0.2998,0.2999,384339.7
2024-01-02 15:30:00,0.2999,0.3001,0.2996,0.2997,229684.2
2024-01-02 16:00:00,0.2998,0.2999,0.299,0.2995,289365.9
2024-01-02 16:30:00,0.2994,0.3007,0.2991,0.2997,299106.5
2024-01-02 17:00:00,0.2997,0.2997,0.2991,0.2994,99312.5
2024-01-02 17:30:00,0.2993,0.2994,0.2987,0.2991,204669.1
2024-01-02 18:00:00,0.2992,0.2992,0.2987,0.2991,29850.9
2024-01-02 18:30:00,0.2989,0.2991,0.2987,0.299,42970.7
2024-01-02 19:00:00,0.2989,0.2992,0.2985,0.2986,138892.9
2024-01-02 19:30:00,0.2986,0.2988,0.2984,0.2986,55983.7
2024-01-02 20:00:00,0.2985,0.2992,0.2984,0.2985,56592.2
2024-01-02 20:30:00,0.2985,0.2985,0.2982,0.2982,123905.2
2024-01-02 21:00:00,0.2983,0.2987,0.298,0.2985,117396.9
2024-01-02 21:30:00,0.2984,0.2989,0.2984,0.2987,20054.6
2024-01-02 22:00:00,0.2986,0.2993,0.2986,0.2992,57347.7
2024-01-02 22:30:00,0.299,0.2997,0.2985,0.2994,121631.6
2024-01-02 23:00:00,0.2994,0.3,0.2994,0.2998,13199.1
2024-01-02 23:30:00,0.2998,0.3003,0.2996,0.3003,20880.1
2024-01-03 00:00:00,0.3001,0.3012,0.3001,0.3003,145151.2
2024-01-03 00:30:00,0.3004,0.3023,0.3004,0.3019,115954.7
2024-01-03 01:00:00,0.302,0.3023,0.3019,0.3019,24456.2
2024-01-03 01:30:00,0.3018,0.3022,0.3013,0.3022,85759.1
2024-01-03 02:00:00,0.3022,0.3026,0.3018,0.3019,71017.0
2024-01-03 02:30:00,0.3018,0.3018,0.3008,0.3013,66272.5
2024-01-03 03:00:00,0.3013,0.3013,0.3005,0.3008,29324.1
2024-01-03 03:30:00,0.3008,0.3013,0.3004,0.3013,64770.2
2024-01-03 04:00:00,0.3011,0.3019,0.3009,0.3018,65360.6
2024-01-03 04:30:00,0.3018,0.3019,0.3013,0.3019,23738.1
2024-01-03 05:00:00,0.302,0.3023,0.3018,0.3022,79681.6
2024-01-03 05:30:00,0.3023,0.3028,0.3022,0.3027,178013.5
2024-01-03 06:00:00,0.3028,0.3031,0.3027,0.3031,122562.0
2024-01-03 06:30:00,0.3031,0.3032,0.3027,0.303,62636.3
2024-01-03 07:00:00,0.3032,0.3033,0.3026,0.303,73753.6
2024-01-03 07:30:00,0.3029,0.3029,0.301,0.3014,108258.0
2024-01-03 08:00:00,0.3014,0.3023,0.3009,0.3017,150907.6
2024-01-03 08:30:00,0.3017,0.3018,0.301,0.3018,110773.4
2024-01-03 09:00:00,0.3018,0.3027,0.3018,0.3027,155354.2
2024-01-03 09:30:00,0.3026,0.3034,0.3026,0.3033,269651.7
2024-01-03 10:00:00,0.3032,0.304,0.3032,0.3038,209465.6
2024-01-03 10:30:00,0.3038,0.3041,0.3025,0.3035,471505.6
2024-01-03 11:00:00,0.3036,0.3041,0.2999,0.3004,909998.3
2024-01-03 11:30:00,0.3005,0.3012,0.298,0.2988,979707.1
2024-01-03 12:00:00,0.2988,0.2988,0.2777,0.2904,7410264.0
2024-01-03 12:30:00,0.29,0.293,0.2878,0.2926,1710188.2
2024-01-03 13:00:00,0.2926,0.2933,0.2892,0.2895,487228.3
2024-01-03 13:30:00,0.2895,0.2907,0.2887,0.2901,367527.0
2024-01-03 14:00:00,0.2901,0.2908,0.2888,0.2888,454307.7
2024-01-03 14:30:00,0.2888,0.2902,0.2883,0.2891,259571.3
2024-01-03 15:00:00,0.289,0.2914,0.2886,0.2909,492412.3
2024-01-03 15:30:00,0.2909,0.2947,0.2908,0.2943,720577.4
2024-01-03 16:00:00,0.2943,0.2964,0.2935,0.2958,988537.2
2024-01-03 16:30:00,0.2957,0.2963,0.2936,0.2937,363442.6
2024-01-03 17:00:00,0.2937,0.2945,0.2927,0.293,139754.7
2024-01-03 17:30:00,0.2928,0.2936,0.2917,0.2922,187930.4
2024-01-03 18:00:00,0.2922,0.2937,0.2922,0.2926,105693.0
2024-01-03 18:30:00,0.2926,0.2927,0.2896,0.2909,551418.5
2024-01-03 19:00:00,0.2909,0.2924,0.2901,0.2924,176971.6
2024-01-03 19:30:00,0.2923,0.2935,0.2916,0.2925,211698.8
2024-01-03 20:00:00,0.2925,0.2925,0.2908,0.2923,41538.4
2024-01-03 20:30:00,0.2926,0.2951,0.2925,0.2947,295103.2
2024-01-03 21:00:00,0.2948,0.2957,0.2939,0.2954,116339.3
2024-01-03 21:30:00,0.2957,0.2958,0.2946,0.2954,230394.1
2024-01-03 22:00:00,0.2956,0.2957,0.2935,0.2938,79280.2
2024-01-03 22:30:00,0.2937,0.2942,0.2927,0.2931,53908.1
2024-01-03 23:00:00,0.2931,0.2933,0.2914,0.2931,148721.9
2024-01-03 23:30:00,0.2929,0.2948,0.2929,0.2945,111202.2
2024-01-04 00:00:00,0.2945,0.297,0.2945,0.2969,991631.5
2024-01-04 00:30:00,0.297,0.2971,0.295,0.2953,105889.0
2024-01-04 01:00:00,0.2954,0.2955,0.2936,0.2937,154134.5
2024-01-04 01:30:00,0.2938,0.2942,0.2929,0.2932,222650.2
2024-01-04 02:00:00,0.2934,0.2951,0.2932,0.295,90111.3
2024-01-04 02:30:00,0.2951,0.297,0.295,0.2969,307160.3
2024-01-04 03:00:00,0.2969,0.2975,0.296,0.2962,175748.4
2024-01-04 03:30:00,0.2961,0.297,0.2958,0.2967,46802.3
2024-01-04 04:00:00,0.2968,0.2977,0.2963,0.2974,134246.4
2024-01-04 04:30:00,0.2975,0.2979,0.2969,0.297,46902.2
2024-01-04 05:00:00,0.2971,0.2972,0.2958,0.2958,74796.4
2024-01-04 05:30:00,0.2959,0.2973,0.2957,0.2965,137179.5
2024-01-04 06:00:00,0.2966,0.2977,0.2966,0.2975,86994.9
2024-01-04 06:30:00,0.2976,0.2981,0.2972,0.2977,415443.3
2024-01-04 07:00:00,0.2978,0.2982,0.2967,0.2975,309553.8
2024-01-04 07:30:00,0.2976,0.2981,0.2956,0.2956,254586.9
2024-01-04 08:00:00,0.2956,0.2964,0.2949,0.2956,272910.2
2024-01-04 08:30:00,0.2956,0.2958,0.2939,0.2941,264236.4
2024-01-04 09:00:00,0.2941,0.2952,0.2938,0.2946,164351.6
2024-01-04 09:30:00,0.2946,0.2953,0.2943,0.2948,46869.8
2024-01-04 10:00:00,0.2948,0.295,0.2929,0.2934,521013.3
2024-01-04 10:30:00,0.2933,0.2949,0.2918,0.2949,422048.9
2024-01-04 11:00:00,0.2949,0.295,0.2934,0.2942,84602.1
2024-01-04 11:30:00,0.2946,0.2948,0.2927,0.2932,143376.7
2024-01-04 12:00:00,0.2933,0.2951,0.293,0.2935,173624.2
2024-01-04 12:30:00,0.2939,0.295,0.2936,0.2948,32467.0
2024-01-04 13:00:00,0.2948,0.2954,0.2946,0.2951,54726.7
2024-01-04 13:30:00,0.2952,0.296,0.2945,0.2956,86783.2
2024-01-04 14:00:00,0.2955,0.2955,0.2942,0.2946,76963.9
2024-01-04 14:30:00,0.2947,0.2956,0.294,0.2953,108656.4
2024-01-04 15:00:00,0.2955,0.2957,0.2944,0.2956,231249.3
2024-01-04 15:30:00,0.2957,0.2959,0.2948,0.2952,131339.4
2024-01-04 16:00:00,0.2952,0.2957,0.2935,0.294,262091.3
2024-01-04 16:30:00,0.2939,0.2949,0.2937,0.2943,37390.3
2024-01-04 17:00:00,0.2942,0.2954,0.2941,0.2949,89641.3
2024-01-04 17:30:00,0.2949,0.2951,0.2938,0.2941,27928.0
2024-01-04 18:00:00,0.2944,0.2946,0.2939,0.294,3935.0
2024-01-04 18:30:00,0.2942,0.295,0.2938,0.2946,20955.8
2024-01-04 19:00:00,0.2945,0.2955,0.2943,0.2952,57590.9
2024-01-04 19:30:00,0.2953,0.2953,0.2934,0.2943,100279.0
2024-01-04 20:00:00,0.2943,0.2947,0.2935,0.2947,35573.3
2024-01-04 20:30:00,0.2947,0.2962,0.2932,0.2938,142984.0
2024-01-04 21:00:00,0.294,0.295,0.2936,0.2937,65113.7
2024-01-04 21:30:00,0.2938,0.2942,0.2933,0.2936,209797.9
2024-01-04 22:00:00,0.2936,0.2948,0.2933,0.2939,87049.0
2024-01-04 22:30:00,0.2933,0.2938,0.2929,0.2937,80152.5
2024-01-04 23:00:00,0.2939,0.2943,0.2933,0.2943,13757.8
2024-01-04 23:30:00,0.2943,0.2943,0.2935,0.2937,24616.7
2024-01-05 00:00:00,0.2939,0.2951,0.2938,0.2948,64284.0
2024-01-05 00:30:00,0.2948,0.2948,0.2938,0.2944,48358.2
2024-01-05 01:00:00,0.2944,0.2945,0.2931,0.2932,120670.5
2024-01-05 01:30:00,0.2933,0.2935,0.29,0.2923,556122.4
2024-01-05 02:00:00,0.2923,0.2931,0.2917,0.2919,163871.3
2024-01-05 02:30:00,0.2919,0.2929,0.2919,0.2922,59190.1
2024-01-05 03:00:00,0.2925,0.2934,0.2925,0.2933,133738.7
2024-01-05 03:30:00,0.2931,0.2932,0.2925,0.2925,50159.7
2024-01-05 04:00:00,0.2926,0.2927,0.2917,0.2924,122595.6
2024-01-05 04:30:00,0.2926,0.2936,0.2924,0.2931,32801.2
2024-01-05 05:00:00,0.2931,0.2932,0.2917,0.2921,100598.9
2024-01-05 05:30:00,0.292,0.2921,0.2915,0.2921,88994.3
2024-01-05 06:00:00,0.2921,0.2926,0.2912,0.2913,95997.0
2024-01-05 06:30:00,0.2914,0.2923,0.2909,0.2922,157499.6
2024-01-05 07:00:00,0.2923,0.2925,0.2915,0.2922,33946.6
2024-01-05 07:30:00,0.2922,0.2923,0.2915,0.2915,27222.1
2024-01-05 08:00:00,0.2916,0.2928,0.2914,0.2926,44630.0
2024-01-05 08:30:00,0.2927,0.2927,0.2916,0.2924,60485.5
2024-01-05 09:00:00,0.2922,0.2948,0.2922,0.2932,408765.7
2024-01-05 09:30:00,0.2931,0.2942,0.2931,0.2939,183508.2
2024-01-05 10:00:00,0.2939,0.2939,0.2926,0.2927,36571.9
2024-01-05 10:30:00,0.2926,0.293,0.2907,0.2912,403563.2
2024-01-05 11:00:00,0.2912,0.2922,0.291,0.2912,83187.6
2024-01-05 11:30:00,0.2913,0.2921,0.2909,0.291,95936.3
2024-01-05 12:00:00,0.291,0.2918,0.2907,0.2913,125718.3
2024-01-05 12:30:00,0.2913,0.2913,0.2907,0.2913,121675.7
2024-01-05 13:00:00,0.2912,0.2932,0.291,0.292,155121.0
2024-01-05 13:30:00,0.2918,0.2922,0.2912,0.2914,45394.3
2024-01-05 14:00:00,0.2918,0.2919,0.2909,0.2911,96026.8
2024-01-05 14:30:00,0.2911,0.2919,0.2904,0.2905,226739.9
2024-01-05 15:00:00,0.2905,0.2915,0.2902,0.2903,97218.1
2024-01-05 15:30:00,0.2904,0.2909,0.2899,0.2909,88884.1
2024-01-05 16:00:00,0.291,0.2917,0.2902,0.2904,69834.6
2024-01-05 16:30:00,0.2903,0.2914,0.29,0.2903,96202.2
2024-01-05 17:00:00,0.2908,0.2911,0.2884,0.2893,519428.9
2024-01-05 17:30:00,0.2895,0.2895,0.2882,0.2887,518244.7
2024-01-05 18:00:00,0.2888,0.289,0.2881,0.2883,169253.2
2024-01-05 18:30:00,0.2886,0.29,0.2884,0.2899,30261.9
2024-01-05 19:00:00,0.2899,0.2909,0.2893,0.2907,82601.5
2024-01-05 19:30:00,0.2907,0.2911,0.2899,0.2902,94180.5
2024-01-05 20:00:00,0.2905,0.2908,0.2903,0.2908,7057.7
2024-01-05 20:30:00,0.2907,0.2916,0.2899,0.2909,297591.6
2024-01-05 21:00:00,0.2906,0.2908,0.2893,0.2896,26106.9
2024-01-05 21:30:00,0.29,0.2906,0.2896,0.2906,33510.1
2024-01-05 22:00:00,0.2905,0.2913,0.2905,0.2912,18262.4
2024-01-05 22:30:00,0.2913,0.2924,0.2913,0.2923,174941.1
2024-01-05 23:00:00,0.2923,0.2926,0.2916,0.292,109833.3
2024-01-05 23:30:00,0.2919,0.2926,0.2919,0.2923,57216.7
2024-01-06 00:00:00,0.2923,0.2929,0.2917,0.2917,31285.7
2024-01-06 00:30:00,0.2917,0.292,0.2911,0.292,46047.9
2024-01-06 01:00:00,0.2919,0.2922,0.2915,0.2917,24692.5
2024-01-06 01:30:00,0.2917,0.2922,0.2915,0.2918,9700.7
2024-01-06 02:00:00,0.292,0.2924,0.291,0.2916,49785.0
2024-01-06 02:30:00,0.2916,0.2921,0.291,0.2915,23960.5
2024-01-06 03:00:00,0.2914,0.2915,0.2908,0.2911,11101.1
2024-01-06 03:30:00,0.2911,0.2912,0.2908,0.2909,22317.3
2024-01-06 04:00:00,0.2912,0.2912,0.2904,0.2911,22525.4
2024-01-06 04:30:00,0.291,0.2913,0.2902,0.2903,46586.6
2024-01-06 05:00:00,0.2904,0.2911,0.2891,0.2894,293367.8
2024-01-06 05:30:00,0.2895,0.2898,0.2885,0.2891,285848.9
2024-01-06 06:00:00,0.2893,0.2893,0.2862,0.2874,677241.7
2024-01-06 06:30:00,0.2875,0.2877,0.2867,0.2868,536949.8
2024-01-06 07:00:00,0.2868,0.2873,0.2862,0.2868,361490.3
2024-01-06 07:30:00,0.2868,0.2875,0.2863,0.2875,120078.6
2024-01-06 08:00:00,0.2875,0.2878,0.2865,0.2878,38423.7
2024-01-06 08:30:00,0.2877,0.2896,0.2877,0.2896,176228.9
2024-01-06 09:00:00,0.2896,0.2901,0.2893,0.29,175205.5
2024-01-06 09:30:00,0.2901,0.2904,0.2896,0.2902,88112.0
2024-01-06 10:00:00,0.2903,0.2903,0.289,0.2894,13255.1
2024-01-06 10:30:00,0.2896,0.2903,0.2892,0.2902,31943.3
2024-01-06 11:00:00,0.2902,0.2902,0.2888,0.2897,71332.3
2024-01-06 11:30:00,0.2898,0.2907,0.2892,0.2903,103740.6
2024-01-06 12:00:00,0.2902,0.2909,0.2898,0.2905,133489.7
2024-01-06 12:30:00,0.2905,0.2908,0.2896,0.2899,70181.6
2024-01-06 13:00:00,0.2899,0.2903,0.2892,0.2901,30833.7
2024-01-06 13:30:00,0.2901,0.2906,0.2896,0.2906,28053.5
2024-01-06 14:00:00,0.2906,0.2913,0.2906,0.2912,236726.4
2024-01-06 14:30:00,0.2912,0.2915,0.2905,0.291,112622.1
2024-01-06 15:00:00,0.2912,0.2915,0.2905,0.2912,95378.2
2024-01-06 15:30:00,0.291,0.2916,0.2904,0.2916,81028.6
2024-01-06 16:00:00,0.2915,0.292,0.2911,0.2914,200960.6
2024-01-06 16:30:00,0.2913,0.2916,0.2907,0.2916,71183.8
2024-01-06 17:00:00,0.2916,0.292,0.2915,0.2918,27825.1
2024-01-06 17:30:00,0.2917,0.2921,0.2915,0.2921,95467.8
2024-01-06 18:00:00,0.2921,0.2926,0.2919,0.2925,453990.9
2024-01-06 18:30:00,0.2924,0.2927,0.2916,0.2918,193070.2
2024-01-06 19:00:00,0.2918,0.2918,0.2905,0.2906,21282.2
2024-01-06 19:30:00,0.2906,0.291,0.2901,0.291,68223.9
2024-01-06 20:00:00,0.2911,0.2918,0.2898,0.2912,118737.2
2024-01-06 20:30:00,0.2913,0.2917,0.2903,0.2911,51343.4
2024-01-06 21:00:00,0.2911,0.2915,0.2904,0.291,36197.4
2024-01-06 21:30:00,0.291,0.2917,0.2909,0.2913,89624.9
2024-01-06 22:00:00,0.2915,0.2918,0.2909,0.2909,72502.5
2024-01-06 22:30:00,0.2909,0.2911,0.29,0.2904,137325.7
2024-01-06 23:00:00,0.2903,0.2911,0.2898,0.2911,58310.7
2024-01-06 23:30:00,0.2913,0.2917,0.291,0.2915,72396.0
2024-01-07 00:00:00,0.2918,0.2939,0.2912,0.2925,423407.2
2024-01-07 00:30:00,0.2929,0.2933,0.2927,0.2929,163410.8
2024-01-07 01:00:00,0.2931,0.2932,0.2923,0.2927,23085.4
2024-01-07 01:30:00,0.293,0.2931,0.292,0.292,34388.5
2024-01-07 02:00:00,0.2919,0.2931,0.2919,0.293,65385.9
2024-01-07 02:30:00,0.2931,0.2931,0.2915,0.2922,136053.3
2024-01-07 03:00:00,0.2923,0.294,0.2923,0.2935,667486.9
2024-01-07 03:30:00,0.2936,0.2943,0.2934,0.2939,105772.6
2024-01-07 04:00:00,0.294,0.2944,0.2929,0.2941,297137.6
2024-01-07 04:30:00,0.294,0.2947,0.294,0.2946,160078.7
2024-01-07 05:00:00,0.2947,0.2949,0.2941,0.2941,54197.5
2024-01-07 05:30:00,0.294,0.2946,0.2933,0.294,191856.1
2024-01-07 06:00:00,0.2944,0.295,0.2938,0.2948,145830.8
2024-01-07 06:30:00,0.295,0.2951,0.2943,0.295,51294.6
2024-01-07 07:00:00,0.295,0.2953,0.2947,0.2949,144996.2
2024-01-07 07:30:00,0.2949,0.2954,0.2946,0.2954,135241.2
2024-01-07 08:00:00,0.2953,0.2958,0.2951,0.2957,179438.6
2024-01-07 08:30:00,0.2956,0.2958,0.2944,0.2947,131401.3
2024-01-07 09:00:00,0.2947,0.2953,0.2935,0.2935,57641.1
2024-01-07 09:30:00,0.2933,0.2933,0.2924,0.2925,201660.5
2024-01-07 10:00:00,0.2925,0.2931,0.2923,0.2926,81264.8
2024-01-07 10:30:00,0.2926,0.2927,0.2922,0.2926,41239.9
2024-01-07 11:00:00,0.2926,0.2929,0.2921,0.2927,64659.1
2024-01-07 11:30:00,0.2927,0.2934,0.2926,0.293,12961.4
2024-01-07 12:00:00,0.293,0.2932,0.291,0.2913,717810.1
2024-01-07 12:30:00,0.2913,0.2918,0.2898,0.2908,422918.5
2024-01-07 13:00:00,0.291,0.292,0.291,0.292,168674.3
2024-01-07 13:30:00,0.2922,0.2924,0.2907,0.2911,78976.7
2024-01-07 14:00:00,0.2912,0.2914,0.2897,0.2908,341586.4
2024-01-07 14:30:00,0.2908,0.2912,0.2903,0.2912,29688.8
2024-01-07 15:00:00,0.2911,0.2917,0.29,0.2902,63883.4
2024-01-07 15:30:00,0.2902,0.2908,0.2897,0.29,107234.4
2024-01-07 16:00:00,0.2901,0.2903,0.2897,0.2902,32254.5
2024-01-07 16:30:00,0.29,0.2903,0.2886,0.2889,587488.7
2024-01-07 17:00:00,0.2889,0.2902,0.2884,0.2899,199528.8
2024-01-07 17:30:00,0.29,0.2912,0.29,0.2909,139374.3
2024-01-07 18:00:00,0.2909,0.2915,0.2908,0.2914,61940.2
2024-01-07 18:30:00,0.2913,0.2914,0.2908,0.2911,73463.6
2024-01-07 19:00:00,0.2912,0.2913,0.2903,0.2906,11628.1
2024-01-07 19:30:00,0.2905,0.2915,0.2903,0.2908,12606.7
2024-01-07 20:00:00,0.291,0.2913,0.2907,0.2911,20216.5
2024-01-07 20:30:00,0.2911,0.2913,0.2901,0.2903,24520.5
2024-01-07 21:00:00,0.2903,0.2908,0.29,0.2908,9760.2
2024-01-07 21:30:00,0.2903,0.2903,0.2896,0.2897,17352.1
2024-01-07 22:00:00,0.2894,0.2898,0.2872,0.2884,599431.7
2024-01-07 22:30:00,0.2883,0.2891,0.287,0.2883,441150.4
2024-01-07 23:00:00,0.2883,0.2888,0.2871,0.2873,300631.7
2024-01-07 23:30:00,0.2873,0.2876,0.2858,0.2875,672397.5
2024-01-08 00:00:00,0.2875,0.2882,0.2861,0.2875,280116.9
2024-01-08 00:30:00,0.2873,0.2882,0.2854,0.2862,442100.4
2024-01-08 01:00:00,0.2863,0.2871,0.2857,0.287,207217.1
2024-01-08 01:30:00,0.2869,0.2877,0.2853,0.2862,315530.7
2024-01-08 02:00:00,0.2858,0.2862,0.2845,0.2849,490827.7
2024-01-08 02:30:00,0.2847,0.2855,0.2835,0.285,1060620.3
2024-01-08 03:00:00,0.2849,0.2853,0.2831,0.2835,536404.6
2024-01-08 03:30:00,0.2836,0.2848,0.283,0.2834,414780.9
2024-01-08 04:00:00,0.2834,0.2841,0.2831,0.2836,83305.6
2024-01-08 04:30:00,0.2836,0.2848,0.2835,0.2847,130552.5
2024-01-08 05:00:00,0.2846,0.2846,0.2836,0.2837,93081.9
2024-01-08 05:30:00,0.2837,0.284,0.2833,0.2839,68230.7
2024-01-08 06:00:00,0.284,0.2856,0.2834,0.2853,357802.4
2024-01-08 06:30:00,0.2854,0.2855,0.2839,0.285,309395.1
2024-01-08 07:00:00,0.2851,0.286,0.2847,0.2855,59818.8
2024-01-08 07:30:00,0.2855,0.2855,0.2837,0.284,102383.2
2024-01-08 08:00:00,0.2841,0.2853,0.2837,0.285,51849.1
2024-01-08 08:30:00,0.2854,0.2855,0.284,0.284,110996.7
2024-01-08 09:00:00,0.284,0.2851,0.2839,0.2851,18636.2
2024-01-08 09:30:00,0.2851,0.2851,0.2835,0.2842,86096.7
2024-01-08 10:00:00,0.2844,0.2849,0.2836,0.2849,116417.0
2024-01-08 10:30:00,0.2848,0.2858,0.2846,0.2858,49693.7
2024-01-08 11:00:00,0.2856,0.2865,0.2853,0.2864,91855.1
2024-01-08 11:30:00,0.2864,0.2877,0.2858,0.287,187261.3
2024-01-08 12:00:00,0.2871,0.2878,0.2855,0.2855,486913.7
2024-01-08 12:30:00,0.2856,0.2877,0.2855,0.2876,151799.2
2024-01-08 13:00:00,0.2878,0.2884,0.2875,0.288,150897.3
2024-01-08 13:30:00,0.2881,0.2883,0.2867,0.2874,216116.1
2024-01-08 14:00:00,0.2876,0.2885,0.2873,0.2884,100860.6
2024-01-08 14:30:00,0.2882,0.2892,0.2874,0.2881,318071.8
2024-01-08 15:00:00,0.2882,0.2886,0.2877,0.2884,57134.0
2024-01-08 15:30:00,0.2884,0.2895,0.2877,0.2884,284709.3
2024-01-08 16:00:00,0.2884,0.289,0.2872,0.2879,112359.9
2024-01-08 16:30:00,0.2878,0.2878,0.2869,0.2873,50520.9
2024-01-08 17:00:00,0.2875,0.2876,0.2869,0.2876,49529.1
2024-01-08 17:30:00,0.2874,0.2889,0.2872,0.2888,124640.1
2024-01-08 18:00:00,0.289,0.2898,0.2885,0.2892,341229.1
2024-01-08 18:30:00,0.2895,0.2903,0.2876,0.288,481092.8
2024-01-08 19:00:00,0.2881,0.2888,0.2871,0.288,156687.3
2024-01-08 19:30:00,0.2887,0.2897,0.2887,0.2893,113008.1
2024-01-08 20:00:00,0.2894,0.2896,0.2882,0.2882,34531.9
2024-01-08 20:30:00,0.2882,0.2883,0.287,0.2874,170193.2
2024-01-08 21:00:00,0.2874,0.288,0.2872,0.2879,20210.3
2024-01-08 21:30:00,0.2878,0.2886,0.2874,0.2874,42201.5
2024-01-08 22:00:00,0.2876,0.2885,0.2872,0.2883,29622.7
2024-01-08 22:30:00,0.2884,0.2888,0.2879,0.2886,27680.0
2024-01-08 23:00:00,0.2886,0.2904,0.2884,0.2898,371324.0
2024-01-08 23:30:00,0.2897,0.2899,0.2893,0.2899,83044.5
2024-01-09 00:00:00,0.2899,0.2902,0.2881,0.2884,148700.1
2024-01-09 00:30:00,0.2885,0.2891,0.2868,0.2888,520936.2
2024-01-09 01:00:00,0.2887,0.2893,0.288,0.2881,109133.9
2024-01-09 01:30:00,0.288,0.2885,0.2878,0.2882,55154.3
2024-01-09 02:00:00,0.2884,0.289,0.288,0.2889,70838.5
2024-01-09 02:30:00,0.289,0.289,0.2878,0.2889,59438.8
2024-01-09 03:00:00,0.2889,0.2889,0.2878,0.2887,56047.4
2024-01-09 03:30:00,0.2886,0.2886,0.2879,0.2883,49225.4
2024-01-09 04:00:00,0.2883,0.2893,0.2883,0.2892,178858.4
2024-01-09 04:30:00,0.289,0.2898,0.289,0.2898,121175.7
2024-01-09 05:00:00,0.2897,0.2898,0.2884,0.2885,120114.6
2024-01-09 05:30:00,0.2885,0.2894,0.2882,0.2894,77926.9
2024-01-09 06:00:00,0.2894,0.2894,0.2884,0.2889,79845.1
2024-01-09 06:30:00,0.2889,0.2889,0.2881,0.2883,37401.1
2024-01-09 07:00:00,0.2881,0.289,0.2881,0.289,18710.2
2024-01-09 07:30:00,0.2889,0.2892,0.2886,0.2891,9749.9
2024-01-09 08:00:00,0.2891,0.2892,0.2886,0.2892,29591.3
2024-01-09 08:30:00,0.2891,0.2891,0.2879,0.2879,54205.5
2024-01-09 09:00:00,0.2879,0.2883,0.2877,0.2881,39753.1
2024-01-09 09:30:00,0.2881,0.2884,0.287,0.2876,313797.7
2024-01-09 10:00:00,0.2875,0.2877,0.2871,0.2871,99349.2
2024-01-09 10:30:00,0.287,0.2872,0.2868,0.287,92250.8
2024-01-09 11:00:00,0.2869,0.2873,0.2868,0.2873,34071.3
2024-01-09 11:30:00,0.2872,0.2872,0.2866,0.287,69275.9
2024-01-09 12:00:00,0.2873,0.2875,0.2872,0.2874,24613.7
2024-01-09 12:30:00,0.2871,0.2874,0.2825,0.2836,901079.4
2024-01-09 13:00:00,0.2835,0.2852,0.2827,0.2845,398249.1
2024-01-09 13:30:00,0.2843,0.2848,0.2838,0.2841,340688.0
2024-01-09 14:00:00,0.2842,0.2847,0.2839,0.2847,53483.4
2024-01-09 14:30:00,0.2846,0.2847,0.2837,0.2841,86393.6
2024-01-09 15:00:00,0.2839,0.2848,0.2835,0.2846,123921.6
2024-01-09 15:30:00,0.2846,0.285,0.2845,0.2849,37678.5
2024-01-09 16:00:00,0.2847,0.285,0.2835,0.2838,71210.2
2024-01-09 16:30:00,0.2838,0.2846,0.2832,0.2844,122358.9
2024-01-09 17:00:00,0.2847,0.2848,0.2838,0.2841,18367.7
2024-01-09 17:30:00,0.2845,0.2854,0.2843,0.2845,68994.3
2024-01-09 18:00:00,0.2849,0.2853,0.2845,0.2851,63161.3
2024-01-09 18:30:00,0.2852,0.2852,0.2846,0.2848,29396.9
2024-01-09 19:00:00,0.2848,0.2848,0.2837,0.2837,193752.1
2024-01-09 19:30:00,0.284,0.2845,0.2836,0.2845,28761.0
2024-01-09 20:00:00,0.2843,0.2843,0.2833,0.2835,109674.4
2024-01-09 20:30:00,0.2834,0.284,0.2827,0.2832,168105.3
2024-01-09 21:00:00,0.283,0.2867,0.2818,0.2829,1558275.3
2024-01-09 21:30:00,0.2829,0.2856,0.2816,0.2836,657559.1
2024-01-09 22:00:00,0.283,0.2856,0.2828,0.2853,165150.5
2024-01-09 22:30:00,0.2851,0.2853,0.2831,0.2842,186744.6
2024-01-09 23:00:00,0.2844,0.2846,0.2835,0.2844,78910.5
2024-01-09 23:30:00,0.2848,0.2848,0.2841,0.2846,12495.7
2024-01-10 00:00:00,0.2848,0.2862,0.2841,0.2857,304908.9
2024-01-10 00:30:00,0.2859,0.2868,0.2854,0.2862,200739.4
2024-01-10 01:00:00,0.2864,0.2865,0.2853,0.2864,59845.5
2024-01-10 01:30:00,0.2864,0.2867,0.2852,0.2865,199857.3
2024-01-10 02:00:00,0.2865,0.2867,0.2858,0.286,76472.4
2024-01-10 02:30:00,0.286,0.2864,0.2844,0.2845,69703.6
2024-01-10 03:00:00,0.2845,0.2859,0.2845,0.2854,82764.0
2024-01-10 03:30:00,0.286,0.2861,0.2852,0.2852,40514.6
2024-01-10 04:00:00,0.2855,0.2859,0.2853,0.2856,12750.9
2024-01-10 04:30:00,0.2857,0.2861,0.285,0.2853,90336.4
2024-01-10 05:00:00,0.2851,0.2855,0.2848,0.2848,16084.0
2024-01-10 05:30:00,0.2849,0.2856,0.2844,0.2853,73526.2
2024-01-10 06:00:00,0.2854,0.2858,0.285,0.2851,6617.6
2024-01-10 06:30:00,0.2851,0.2856,0.2848,0.2855,22532.1
2024-01-10 07:00:00,0.2851,0.2854,0.2844,0.2849,63088.7
2024-01-10 07:30:00,0.2849,0.285,0.2841,0.2849,69587.0
2024-01-10 08:00:00,0.285,0.2853,0.2843,0.2844,127749.5
2024-01-10 08:30:00,0.2843,0.2847,0.2838,0.2842,50182.3
2024-01-10 09:00:00,0.2844,0.2857,0.2844,0.2856,74147.3
2024-01-10 09:30:00,0.2856,0.286,0.2854,0.286,80652.1
2024-01-10 10:00:00,0.286,0.2864,0.2858,0.2861,72165.7
2024-01-10 10:30:00,0.286,0.2864,0.2858,0.286,21254.9
2024-01-10 11:00:00,0.2861,0.2867,0.286,0.2863,47656.7
2024-01-10 11:30:00,0.2863,0.2866,0.2849,0.2863,232455.9
2024-01-10 12:00:00,0.2863,0.2867,0.284,0.2847,265790.7
2024-01-10 12:30:00,0.2848,0.2849,0.283,0.2834,613052.7
2024-01-10 13:00:00,0.2834,0.2841,0.2826,0.2835,208518.9
2024-01-10 13:30:00,0.2831,0.2831,0.2818,0.2823,437734.1
2024-01-10 14:00:00,0.2822,0.2836,0.2817,0.2834,205039.0
2024-01-10 14:30:00,0.2837,0.2842,0.2835,0.2839,146528.7
2024-01-10 15:00:00,0.2838,0.2854,0.2835,0.2853,335680.2
2024-01-10 15:30:00,0.2852,0.2859,0.2849,0.2857,250581.5
2024-01-10 16:00:00,0.2858,0.2861,0.2852,0.286,211087.5
2024-01-10 16:30:00,0.286,0.2862,0.285,0.2853,98257.1
2024-01-10 17:00:00,0.2857,0.2857,0.285,0.2853,31568.7
2024-01-10 17:30:00,0.2855,0.2864,0.2854,0.286,250055.8
2024-01-10 18:00:00,0.2859,0.2867,0.2857,0.2866,267690.7
2024-01-10 18:30:00,0.2866,0.2869,0.2859,0.2863,75024.1
2024-01-10 19:00:00,0.2866,0.2871,0.2859,0.2867,140227.7
2024-01-10 19:30:00,0.2868,0.2869,0.2857,0.2867,41169.4
2024-01-10 20:00:00,0.2865,0.2868,0.2836,0.2847,649479.9
2024-01-10 20:30:00,0.2847,0.287,0.2833,0.2861,604871.3
2024-01-10 21:00:00,0.286,0.2872,0.2855,0.2871,302921.8
2024-01-10 21:30:00,0.287,0.289,0.2858,0.2887,496802.5
2024-01-10 22:00:00,0.2888,0.2908,0.2885,0.2906,910255.4
2024-01-10 22:30:00,0.2907,0.291,0.2891,0.2899,270133.0
2024-01-10 23:00:00,0.2899,0.2918,0.2892,0.2892,895938.4
2024-01-10 23:30:00,0.2893,0.2901,0.2882,0.2889,368827.8
2024-01-11 00:00:00,0.2889,0.2899,0.288,0.2893,441561.2
2024-01-11 00:30:00,0.2894,0.2912,0.2894,0.2911,274480.5
2024-01-11 01:00:00,0.2911,0.2917,0.2898,0.2915,218645.8
2024-01-11 01:30:00,0.2915,0.2921,0.2903,0.2905,353381.7
2024-01-11 02:00:00,0.2905,0.2918,0.2901,0.2915,95279.3
2024-01-11 02:30:00,0.2915,0.2919,0.2908,0.2914,136485.3
2024-01-11 03:00:00,0.2917,0.2919,0.2904,0.291,188074.0
2024-01-11 03:30:00,0.291,0.2923,0.2909,0.2922,176844.0
2024-01-11 04:00:00,0.2922,0.2929,0.2916,0.2928,278225.6
2024-01-11 04:30:00,0.2929,0.2935,0.2923,0.2927,332288.9
2024-01-11 05:00:00,0.2927,0.2929,0.2913,0.2913,110480.5
2024-01-11 05:30:00,0.2915,0.2915,0.2902,0.2911,340961.5
2024-01-11 06:00:00,0.2911,0.2913,0.2897,0.2903,360253.5
2024-01-11 06:30:00,0.2903,0.2911,0.2901,0.2909,52408.1
2024-01-11 07:00:00,0.2909,0.2919,0.2908,0.2917,148009.7
2024-01-11 07:30:00,0.2917,0.2933,0.2917,0.2933,195657.1
2024-01-11 08:00:00,0.2929,0.2935,0.2925,0.2934,159787.0
2024-01-11 08:30:00,0.2934,0.2945,0.2934,0.2943,240214.1
2024-01-11 09:00:00,0.2943,0.295,0.2941,0.2947,312070.2
2024-01-11 09:30:00,0.2947,0.2949,0.294,0.2943,83188.8
2024-01-11 10:00:00,0.2942,0.2948,0.2929,0.2947,517266.4
2024-01-11 10:30:00,0.2947,0.2957,0.2941,0.2957,238934.8
2024-01-11 11:00:00,0.2956,0.2967,0.2956,0.2966,335432.9
2024-01-11 11:30:00,0.2965,0.2971,0.296,0.2967,363106.3
2024-01-11 12:00:00,0.2967,0.2973,0.2962,0.2972,354471.1
2024-01-11 12:30:00,0.2972,0.3039,0.2967,0.3027,4325600.0
2024-01-11 13:00:00,0.3026,0.3051,0.3018,0.3041,2604770.7
2024-01-11 13:30:00,0.3041,0.3049,0.3,0.3015,1266223.7
2024-01-11 14:00:00,0.3015,0.303,0.3006,0.3007,846358.8
2024-01-11 14:30:00,0.3006,0.3042,0.2999,0.302,1150202.0
2024-01-11 15:00:00,0.302,0.3021,0.3,0.3007,504354.8
2024-01-11 15:30:00,0.3009,0.3009,0.2956,0.2964,1971464.0
2024-01-11 16:00:00,0.2963,0.2978,0.293,0.2941,1434781.4
2024-01-11 16:30:00,0.2941,0.2982,0.2934,0.2953,561401.3
2024-01-11 17:00:00,0.2952,0.2969,0.2943,0.2947,250895.1
2024-01-11 17:30:00,0.2948,0.2968,0.2947,0.2967,230734.1
2024-01-11 18:00:00,0.2968,0.297,0.2962,0.2968,28096.5
2024-01-11 18:30:00,0.2966,0.2978,0.2966,0.2971,138021.6
2024-01-11 19:00:00,0.2974,0.2975,0.2962,0.2969,54345.5
2024-01-11 19:30:00,0.2968,0.2977,0.2966,0.2977,78774.0
2024-01-11 20:00:00,0.2977,0.2979,0.2962,0.2964,98385.4
2024-01-11 20:30:00,0.2965,0.2966,0.295,0.2956,300639.0
2024-01-11 21:00:00,0.2955,0.2961,0.2954,0.2957,26038.3
2024-01-11 21:30:00,0.2957,0.2958,0.2948,0.2949,130071.7
2024-01-11 22:00:00,0.2948,0.2953,0.2946,0.2946,59926.5
2024-01-11 22:30:00,0.2945,0.296,0.2944,0.2959,132809.4
2024-01-11 23:00:00,0.2958,0.2964,0.2956,0.296,52717.2
2024-01-11 23:30:00,0.2961,0.2965,0.2956,0.2961,58616.4
2024-01-12 00:00:00,0.296,0.2968,0.2949,0.2958,140460.1
2024-01-12 00:30:00,0.2957,0.2967,0.2951,0.2965,113891.1
2024-01-12 01:00:00,0.2966,0.2966,0.2949,0.2951,123272.6
2024-01-12 01:30:00,0.2952,0.2962,0.2952,0.2962,105603.0
2024-01-12 02:00:00,0.2961,0.2969,0.2961,0.2963,124128.4
2024-01-12 02:30:00,0.2965,0.2973,0.2964,0.2972,170849.8
2024-01-12 03:00:00,0.2973,0.2991,0.2971,0.2989,503290.6
2024-01-12 03:30:00,0.2989,0.2997,0.2986,0.299,307731.6
2024-01-12 04:00:00,0.2989,0.3001,0.2985,0.3,304544.0
2024-01-12 04:30:00,0.3,0.3001,0.298,0.2982,115093.6
2024-01-12 05:00:00,0.2982,0.2991,0.2975,0.2991,216404.6
2024-01-12 05:30:00,0.2992,0.2999,0.2986,0.2998,283838.6
2024-01-12 06:00:00,0.2998,0.3007,0.2997,0.3007,206232.7
2024-01-12 06:30:00,0.3006,0.3011,0.3003,0.3004,285604.5
2024-01-12 07:00:00,0.3005,0.3013,0.2994,0.2999,511917.7
2024-01-12 07:30:00,0.2999,0.2999,0.2981,0.2989,244265.1
2024-01-12 08:00:00,0.2988,0.2994,0.2979,0.2991,224905.1
2024-01-12 08:30:00,0.2991,0.2992,0.2976,0.2987,417825.5
2024-01-12 09:00:00,0.2987,0.299,0.2976,0.298,153206.6
2024-01-12 09:30:00,0.2978,0.2993,0.2978,0.2992,230690.7
2024-01-12 10:00:00,0.2992,0.2993,0.2984,0.2991,40132.4
2024-01-12 10:30:00,0.2991,0.2995,0.2987,0.2994,52180.7
2024-01-12 11:00:00,0.2994,0.2998,0.2984,0.2998,216962.1
2024-01-12 11:30:00,0.2999,0.3,0.2994,0.2994,111275.9
2024-01-12 12:00:00,0.2995,0.3004,0.2995,0.3003,182122.3
2024-01-12 12:30:00,0.3003,0.3003,0.2981,0.2983,284435.4
2024-01-12 13:00:00,0.2985,0.2997,0.2983,0.2995,84845.1
2024-01-12 13:30:00,0.2995,0.3004,0.2995,0.3001,160700.6
2024-01-12 14:00:00,0.3002,0.3009,0.2995,0.3009,136666.8
2024-01-12 14:30:00,0.3008,0.301,0.2989,0.2995,238877.1
2024-01-12 15:00:00,0.2996,0.2996,0.2974,0.2983,595789.0
2024-01-12 15:30:00,0.2981,0.2983,0.2959,0.2965,1037004.7
2024-01-12 16:00:00,0.2965,0.298,0.2962,0.298,293248.3
2024-01-12 16:30:00,0.2979,0.2982,0.2954,0.2963,532037.7
2024-01-12 17:00:00,0.2963,0.2967,0.2935,0.2941,1099532.1
2024-01-12 17:30:00,0.2941,0.2961,0.2941,0.2961,96527.4
2024-01-12 18:00:00,0.2961,0.2964,0.2956,0.2957,37960.6
2024-01-12 18:30:00,0.2956,0.296,0.2944,0.2955,157624.3
2024-01-12 19:00:00,0.2954,0.2959,0.2946,0.2959,80644.7
2024-01-12 19:30:00,0.2959,0.2959,0.2952,0.2953,4754.8
2024-01-12 20:00:00,0.2953,0.2965,0.2953,0.2963,108124.8
2024-01-12 20:30:00,0.2963,0.2963,0.295,0.2958,177550.9
2024-01-12 21:00:00,0.2958,0.2961,0.2946,0.2955,68168.9
2024-01-12 21:30:00,0.2956,0.2957,0.2944,0.295,90470.3
2024-01-12 22:00:00,0.295,0.2952,0.29,0.2921,1358621.0
2024-01-12 22:30:00,0.2921,0.2967,0.2921,0.293,269177.6
2024-01-12 23:00:00,0.293,0.2937,0.2927,0.2932,79450.8
2024-01-12 23:30:00,0.2936,0.2937,0.2919,0.2928,213063.8
2024-01-13 00:00:00,0.2926,0.2944,0.2924,0.2932,228613.8
2024-01-13 00:30:00,0.2935,0.2939,0.2932,0.2932,22766.4
2024-01-13 01:00:00,0.2932,0.2933,0.2913,0.2923,714109.3
2024-01-13 01:30:00,0.2923,0.2929,0.2917,0.2924,91164.9
2024-01-13 02:00:00,0.2924,0.2929,0.2918,0.2928,112530.9
2024-01-13 02:30:00,0.2928,0.2931,0.2923,0.2923,49475.7
2024-01-13 03:00:00,0.2922,0.2927,0.2912,0.2916,188350.4
2024-01-13 03:30:00,0.2917,0.2926,0.2917,0.2923,86900.1
2024-01-13 04:00:00,0.2922,0.2934,0.2919,0.2932,49802.1
2024-01-13 04:30:00,0.2932,0.2937,0.2929,0.2936,54157.3
2024-01-13 05:00:00,0.2936,0.2941,0.2935,0.2941,34926.7
2024-01-13 05:30:00,0.2941,0.2947,0.2939,0.2944,80450.2
2024-01-13 06:00:00,0.2946,0.2952,0.2945,0.2951,100431.2
2024-01-13 06:30:00,0.2951,0.2952,0.2945,0.2951,58975.1
2024-01-13 07:00:00,0.2949,0.2953,0.2947,0.295,82981.5
2024-01-13 07:30:00,0.2951,0.2951,0.2943,0.2947,44141.4
2024-01-13 08:00:00,0.2946,0.2952,0.2946,0.2952,63280.3
2024-01-13 08:30:00,0.2952,0.2954,0.295,0.2953,37788.4
2024-01-13 09:00:00,0.2952,0.2954,0.2943,0.2949,67579.7
2024-01-13 09:30:00,0.2946,0.2948,0.2937,0.294,36159.1
2024-01-13 10:00:00,0.2939,0.2941,0.293,0.2937,52647.7
2024-01-13 10:30:00,0.2937,0.2939,0.2932,0.2937,37903.9
2024-01-13 11:00:00,0.2937,0.2942,0.2932,0.2935,46624.2
2024-01-13 11:30:00,0.2938,0.294,0.293,0.293,33853.0
2024-01-13 12:00:00,0.293,0.2937,0.2926,0.2936,101345.1
2024-01-13 12:30:00,0.2935,0.2944,0.2935,0.2942,100510.3
2024-01-13 13:00:00,0.2942,0.2946,0.2933,0.2946,106809.4
2024-01-13 13:30:00,0.2945,0.2946,0.2935,0.2936,45619.8
2024-01-13 14:00:00,0.2936,0.2937,0.2928,0.2929,42364.4
2024-01-13 14:30:00,0.2929,0.2939,0.2929,0.2931,26505.5
2024-01-13 15:00:00,0.2931,0.2945,0.293,0.2943,71393.7
2024-01-13 15:30:00,0.2944,0.2949,0.2941,0.2947,118357.3
2024-01-13 16:00:00,0.2947,0.2948,0.2935,0.2943,82132.5
2024-01-13 16:30:00,0.2943,0.2946,0.2933,0.2937,73467.1
2024-01-13 17:00:00,0.2937,0.2944,0.293,0.2943,92981.1
2024-01-13 17:30:00,0.2944,0.2951,0.2937,0.2941,197458.3
2024-01-13 18:00:00,0.294,0.2941,0.2936,0.2938,68939.8
2024-01-13 18:30:00,0.2939,0.2942,0.2937,0.2942,11095.8
2024-01-13 19:00:00,0.2942,0.295,0.2942,0.2949,56328.0
2024-01-13 19:30:00,0.2949,0.2952,0.2948,0.2948,63759.7
2024-01-13 20:00:00,0.2947,0.2949,0.2943,0.2943,37346.5
2024-01-13 20:30:00,0.2942,0.295,0.2942,0.2946,29983.6
2024-01-13 21:00:00,0.2947,0.295,0.2943,0.2946,50081.9
2024-01-13 21:30:00,0.2948,0.2952,0.2947,0.2951,24291.4
2024-01-13 22:00:00,0.2949,0.2954,0.2947,0.2947,42151.1
2024-01-13 22:30:00,0.2948,0.2953,0.2944,0.2953,46714.2
2024-01-13 23:00:00,0.2952,0.2955,0.2949,0.2952,48659.3
2024-01-13 23:30:00,0.295,0.295,0.2946,0.2947,13587.0
2024-01-14 00:00:00,0.2946,0.2949,0.2938,0.2939,64372.9
2024-01-14 00:30:00,0.2939,0.2948,0.2935,0.2936,63171.3
2024-01-14 01:00:00,0.2937,0.2946,0.2936,0.2944,39656.6
2024-01-14 01:30:00,0.2943,0.2949,0.2941,0.2948,40659.2
2024-01-14 02:00:00,0.2947,0.2949,0.294,0.294,11536.2
2024-01-14 02:30:00,0.294,0.295,0.294,0.2948,51116.1
2024-01-14 03:00:00,0.2948,0.2951,0.2946,0.2947,14518.5
2024-01-14 03:30:00,0.2946,0.2947,0.2943,0.2944,45542.7
2024-01-14 04:00:00,0.2946,0.2951,0.2942,0.2949,48829.3
2024-01-14 04:30:00,0.2949,0.2951,0.2942,0.2948,80630.4
2024-01-14 05:00:00,0.2947,0.2955,0.2947,0.2952,111559.4
2024-01-14 05:30:00,0.2952,0.2956,0.2952,0.2955,16110.5
2024-01-14 06:00:00,0.2955,0.296,0.2955,0.296,46994.6
2024-01-14 06:30:00,0.2958,0.2961,0.295,0.2958,86361.9
2024-01-14 07:00:00,0.2959,0.2971,0.2956,0.2959,217104.9
2024-01-14 07:30:00,0.2959,0.2966,0.2958,0.2966,67866.4
2024-01-14 08:00:00,0.2966,0.2968,0.2963,0.2964,30704.8
2024-01-14 08:30:00,0.2964,0.2969,0.2963,0.2965,87272.4
2024-01-14 09:00:00,0.2966,0.2968,0.296,0.2962,97577.4
2024-01-14 09:30:00,0.2963,0.2968,0.2958,0.2968,38584.2
2024-01-14 10:00:00,0.2968,0.2968,0.2963,0.2967,43993.9
2024-01-14 10:30:00,0.2967,0.2967,0.2958,0.2959,24000.2
2024-01-14 11:00:00,0.2959,0.2959,0.2954,0.2956,31205.9
2024-01-14 11:30:00,0.2955,0.2956,0.2943,0.2943,62160.8
2024-01-14 12:00:00,0.2943,0.2962,0.2943,0.296,343296.4
2024-01-14 12:30:00,0.2962,0.2962,0.2955,0.2956,111530.3
2024-01-14 13:00:00,0.2957,0.2962,0.2957,0.2958,120977.8
2024-01-14 13:30:00,0.2958,0.2961,0.2955,0.296,29497.8
2024-01-14 14:00:00,0.2961,0.2964,0.2956,0.2961,38587.2
2024-01-14 14:30:00,0.296,0.2961,0.2955,0.296,78398.1
2024-01-14 15:00:00,0.296,0.2964,0.2959,0.2964,78488.0
2024-01-14 15:30:00,0.2963,0.2964,0.296,0.2961,37440.6
2024-01-14 16:00:00,0.2962,0.2964,0.2959,0.296,32041.2
2024-01-14 16:30:00,0.296,0.296,0.2953,0.2953,126984.6
2024-01-14 17:00:00,0.2953,0.2961,0.2952,0.2959,40459.1
2024-01-14 17:30:00,0.2961,0.2963,0.2957,0.296,27007.2
2024-01-14 18:00:00,0.296,0.2963,0.2954,0.2954,23444.0
2024-01-14 18:30:00,0.2955,0.2958,0.2953,0.2957,18485.6
2024-01-14 19:00:00,0.2958,0.2958,0.2944,0.2945,64956.8
2024-01-14 19:30:00,0.2945,0.2947,0.2939,0.2939,149251.2
2024-01-14 20:00:00,0.294,0.2942,0.2927,0.2937,363656.7
2024-01-14 20:30:00,0.2938,0.2946,0.2934,0.294,71197.3
2024-01-14 21:00:00,0.2941,0.2944,0.2933,0.2935,99467.8
2024-01-14 21:30:00,0.2933,0.2947,0.2931,0.2947,189177.4
2024-01-14 22:00:00,0.2948,0.2952,0.2947,0.2947,39468.1
2024-01-14 22:30:00,0.2944,0.2946,0.2935,0.2937,38087.2
2024-01-14 23:00:00,0.2936,0.2942,0.2928,0.293,277803.7
2024-01-14 23:30:00,0.293,0.2939,0.2922,0.2923,283553.9
2024-01-15 00:00:00,0.2924,0.2931,0.2912,0.2931,153904.1
2024-01-15 00:30:00,0.2931,0.2936,0.2926,0.293,79847.2
2024-01-15 01:00:00,0.2931,0.2935,0.2927,0.2931,37963.0
2024-01-15 01:30:00,0.293,0.2942,0.293,0.294,62255.3
2024-01-15 02:00:00,0.2941,0.2944,0.2937,0.2938,36793.5
2024-01-15 02:30:00,0.2941,0.2947,0.294,0.2946,129670.8
2024-01-15 03:00:00,0.2947,0.295,0.2945,0.2949,93490.3
2024-01-15 03:30:00,0.2948,0.295,0.2944,0.2947,29166.2
2024-01-15 04:00:00,0.2947,0.2953,0.2947,0.2952,59797.9
2024-01-15 04:30:00,0.2952,0.2956,0.295,0.2956,100166.5
2024-01-15 05:00:00,0.2956,0.2961,0.2947,0.2949,209331.0
2024-01-15 05:30:00,0.2949,0.295,0.2943,0.2947,64914.9
2024-01-15 06:00:00,0.2947,0.2948,0.2943,0.2947,62211.8
2024-01-15 06:30:00,0.2945,0.2946,0.2938,0.2942,58731.8
2024-01-15 07:00:00,0.2943,0.2946,0.294,0.2942,35683.1
2024-01-15 07:30:00,0.2941,0.2941,0.2933,0.2937,35626.3
2024-01-15 08:00:00,0.2935,0.2935,0.2931,0.2931,53225.4
2024-01-15 08:30:00,0.2932,0.2941,0.2931,0.2938,48554.7
2024-01-15 09:00:00,0.2938,0.2938,0.2929,0.2937,30285.5
2024-01-15 09:30:00,0.2938,0.2944,0.2934,0.2943,42278.0
2024-01-15 10:00:00,0.2943,0.2945,0.2938,0.2938,24258.0
2024-01-15 10:30:00,0.2938,0.2942,0.2934,0.2936,55485.4
2024-01-15 11:00:00,0.2936,0.2937,0.2931,0.2934,15503.4
2024-01-15 11:30:00,0.2931,0.2941,0.2929,0.294,47548.8
2024-01-15 12:00:00,0.294,0.2947,0.2937,0.2944,96113.5
2024-01-15 12:30:00,0.2943,0.2946,0.2936,0.294,105002.9
2024-01-15 13:00:00,0.294,0.2943,0.2935,0.2941,44396.7
2024-01-15 13:30:00,0.2941,0.2942,0.2936,0.2938,43631.8
2024-01-15 14:00:00,0.2937,0.2937,0.2924,0.293,123087.9
2024-01-15 14:30:00,0.2929,0.2931,0.2919,0.2919,60331.7
2024-01-15 15:00:00,0.292,0.2923,0.292,0.2921,26634.8
2024-01-15 15:30:00,0.2922,0.2922,0.2915,0.2917,38451.2
2024-01-15 16:00:00,0.2918,0.2924,0.2913,0.2924,126063.5
2024-01-15 16:30:00,0.2925,0.2933,0.2924,0.2933,61750.0
2024-01-15 17:00:00,0.2935,0.2936,0.293,0.2935,26893.5
2024-01-15 17:30:00,0.2935,0.2936,0.2929,0.2936,64546.6
2024-01-15 18:00:00,0.2935,0.2941,0.2934,0.2941,169858.1
2024-01-15 18:30:00,0.2941,0.2943,0.2933,0.2933,111188.1
2024-01-15 19:00:00,0.2933,0.2941,0.2932,0.2941,29658.4
2024-01-15 19:30:00,0.294,0.294,0.2934,0.2934,15305.8
2024-01-15 20:00:00,0.2935,0.2941,0.2934,0.294,40208.0
2024-01-15 20:30:00,0.2936,0.2938,0.2931,0.2931,25355.3
2024-01-15 21:00:00,0.2932,0.2937,0.2931,0.2933,73236.6
2024-01-15 21:30:00,0.2934,0.2939,0.2934,0.2939,66824.0
2024-01-15 22:00:00,0.2939,0.294,0.293,0.2937,91405.8
2024-01-15 22:30:00,0.2937,0.294,0.2932,0.2936,75481.8
2024-01-15 23:00:00,0.2937,0.294,0.2933,0.2939,62586.8
2024-01-15 23:30:00,0.294,0.2945,0.2939,0.2943,128680.5
2024-01-16 00:00:00,0.2943,0.2947,0.2943,0.2946,154119.3
2024-01-16 00:30:00,0.2947,0.2948,0.2944,0.2947,51250.0
2024-01-16 01:00:00,0.2946,0.2951,0.2944,0.2948,143094.7
2024-01-16 01:30:00,0.2948,0.2949,0.2943,0.2949,51402.7
2024-01-16 02:00:00,0.2948,0.2951,0.2947,0.295,85246.2
2024-01-16 02:30:00,0.2951,0.2953,0.2947,0.2949,82634.0
2024-01-16 03:00:00,0.2949,0.2952,0.2947,0.2951,16481.4
2024-01-16 03:30:00,0.295,0.2954,0.295,0.2953,90473.9
2024-01-16 04:00:00,0.2953,0.2955,0.295,0.2952,122481.9
2024-01-16 04:30:00,0.2952,0.2955,0.2951,0.2954,57445.0
2024-01-16 05:00:00,0.2954,0.2958,0.2953,0.2958,90372.4
2024-01-16 05:30:00,0.2958,0.2958,0.2947,0.2949,97506.7
2024-01-16 06:00:00,0.2949,0.2949,0.2932,0.2939,209891.7
2024-01-16 06:30:00,0.2938,0.294,0.2934,0.2938,167662.9
2024-01-16 07:00:00,0.2938,0.2941,0.2931,0.2931,173776.0
2024-01-16 07:30:00,0.2932,0.2938,0.2931,0.2936,49479.9
2024-01-16 08:00:00,0.2936,0.2939,0.2931,0.2936,66660.1
2024-01-16 08:30:00,0.2937,0.2945,0.2937,0.2945,94395.2
2024-01-16 09:00:00,0.2945,0.2951,0.2945,0.295,178171.7
2024-01-16 09:30:00,0.295,0.2952,0.2946,0.2949,129618.9
2024-01-16 10:00:00,0.295,0.2952,0.2935,0.2936,158479.5
2024-01-16 10:30:00,0.2935,0.2939,0.2935,0.2935,38838.8
2024-01-16 11:00:00,0.2936,0.2939,0.2932,0.2933,133533.9
2024-01-16 11:30:00,0.2934,0.294,0.2931,0.2939,89147.4
2024-01-16 12:00:00,0.2939,0.2948,0.2938,0.2947,128507.5
2024-01-16 12:30:00,0.2948,0.295,0.2946,0.2948,137521.0
2024-01-16 13:00:00,0.2948,0.295,0.2939,0.294,74576.5
2024-01-16 13:30:00,0.294,0.294,0.2933,0.2934,88002.0
2024-01-16 14:00:00,0.2934,0.2936,0.2932,0.2933,36430.6
2024-01-16 14:30:00,0.2932,0.2934,0.2913,0.2925,673443.7
2024-01-16 15:00:00,0.2924,0.294,0.2924,0.2938,201084.4
2024-01-16 15:30:00,0.2938,0.2942,0.2933,0.2938,135600.3
2024-01-16 16:00:00,0.2938,0.2941,0.2932,0.2932,76647.0
2024-01-16 16:30:00,0.2935,0.294,0.2932,0.2938,59903.6
2024-01-16 17:00:00,0.2938,0.294,0.2933,0.2936,28569.1
2024-01-16 17:30:00,0.2936,0.2936,0.2931,0.2933,5287.1
2024-01-16 18:00:00,0.2932,0.2935,0.2928,0.293,53000.1
2024-01-16 18:30:00,0.2931,0.2933,0.2925,0.2931,102679.9
2024-01-16 19:00:00,0.293,0.2935,0.2928,0.2934,14719.0
2024-01-16 19:30:00,0.2934,0.2935,0.2933,0.2934,54266.3
2024-01-16 20:00:00,0.2934,0.2937,0.2931,0.2932,47628.8
2024-01-16 20:30:00,0.2932,0.2933,0.2927,0.2931,28115.3
2024-01-16 21:00:00,0.2932,0.2937,0.2931,0.2937,55299.7
2024-01-16 21:30:00,0.2937,0.294,0.2934,0.2938,53945.1
2024-01-16 22:00:00,0.2938,0.2939,0.2929,0.2933,70699.0
2024-01-16 22:30:00,0.2933,0.2933,0.2927,0.2929,23950.7
2024-01-16 23:00:00,0.2931,0.2934,0.293,0.293,25415.0
2024-01-16 23:30:00,0.293,0.293,0.2926,0.2928,17805.5
2024-01-17 00:00:00,0.2928,0.2932,0.2927,0.2932,21615.7
2024-01-17 00:30:00,0.2931,0.294,0.2929,0.2939,129681.6
2024-01-17 01:00:00,0.2939,0.2941,0.2935,0.294,103096.8
2024-01-17 01:30:00,0.294,0.2941,0.2933,0.2933,24794.8
2024-01-17 02:00:00,0.2932,0.2935,0.2929,0.2934,35472.2
2024-01-17 02:30:00,0.2933,0.294,0.2931,0.2936,155418.3
2024-01-17 03:00:00,0.2935,0.2939,0.2933,0.2937,47588.1
2024-01-17 03:30:00,0.2937,0.2937,0.293,0.293,102174.1
2024-01-17 04:00:00,0.2931,0.2932,0.2929,0.2929,15029.0
2024-01-17 04:30:00,0.2928,0.2935,0.2927,0.2933,16131.5
2024-01-17 05:00:00,0.2934,0.294,0.2933,0.294,35688.0
2024-01-17 05:30:00,0.2941,0.2941,0.2928,0.2928,41376.6
2024-01-17 06:00:00,0.2928,0.2933,0.2922,0.2922,79896.2
2024-01-17 06:30:00,0.2923,0.2928,0.2922,0.2926,18180.3
2024-01-17 07:00:00,0.2926,0.2928,0.2921,0.2923,56072.0
2024-01-17 07:30:00,0.2923,0.293,0.2923,0.2927,154056.3
2024-01-17 08:00:00,0.2929,0.2933,0.2923,0.2933,110412.3
2024-01-17 08:30:00,0.2933,0.2935,0.2932,0.2935,50302.3
2024-01-17 09:00:00,0.2936,0.2946,0.2936,0.2946,156600.2
2024-01-17 09:30:00,0.2946,0.2946,0.2943,0.2944,53910.2
2024-01-17 10:00:00,0.2946,0.2949,0.2945,0.2949,73721.5
2024-01-17 10:30:00,0.295,0.295,0.2947,0.2949,25542.8
2024-01-17 11:00:00,0.2949,0.295,0.2944,0.2945,74953.1
2024-01-17 11:30:00,0.2946,0.2947,0.2941,0.2943,26679.8
2024-01-17 12:00:00,0.2943,0.2943,0.2935,0.2936,37090.6
2024-01-17 12:30:00,0.2935,0.2939,0.2931,0.2939,53179.2
2024-01-17 13:00:00,0.2939,0.2939,0.2932,0.2933,24711.9
2024-01-17 13:30:00,0.2933,0.2936,0.293,0.2932,29907.5
2024-01-17 14:00:00,0.2932,0.2932,0.2927,0.2932,64527.4
2024-01-17 14:30:00,0.2932,0.2942,0.2925,0.2936,149232.8
2024-01-17 15:00:00,0.2934,0.2943,0.293,0.2942,82897.9
2024-01-17 15:30:00,0.2942,0.2943,0.2931,0.2933,53632.2
2024-01-17 16:00:00,0.2932,0.294,0.293,0.2939,35898.2
2024-01-17 16:30:00,0.2939,0.2941,0.2936,0.294,37879.7
2024-01-17 17:00:00,0.2937,0.2939,0.293,0.2939,98566.0
2024-01-17 17:30:00,0.2939,0.294,0.2936,0.2936,18201.2
2024-01-17 18:00:00,0.2938,0.2938,0.2928,0.2933,8855.8
2024-01-17 18:30:00,0.2932,0.2937,0.2928,0.2936,112405.8
2024-01-17 19:00:00,0.2937,0.2937,0.2928,0.293,19808.9
2024-01-17 19:30:00,0.2931,0.2932,0.2927,0.2927,20003.5
2024-01-17 20:00:00,0.2928,0.2928,0.2925,0.2926,29910.5
2024-01-17 20:30:00,0.2926,0.293,0.2924,0.2924,102015.3
2024-01-17 21:00:00,0.2925,0.293,0.2923,0.2929,28873.0
2024-01-17 21:30:00,0.2927,0.293,0.2923,0.2924,27545.9
2024-01-17 22:00:00,0.2923,0.2925,0.292,0.2922,148503.2
2024-01-17 22:30:00,0.2924,0.2929,0.2922,0.2929,10345.7
2024-01-17 23:00:00,0.2929,0.2934,0.2926,0.2934,7286.5
2024-01-17 23:30:00,0.2934,0.2938,0.2934,0.2937,48922.5
2024-01-18 00:00:00,0.2937,0.2949,0.2937,0.2949,225280.3
2024-01-18 00:30:00,0.2949,0.2954,0.2946,0.2953,316504.0
2024-01-18 01:00:00,0.2954,0.2964,0.2945,0.2961,572146.3
2024-01-18 01:30:00,0.2962,0.2973,0.2959,0.2973,888864.8
2024-01-18 02:00:00,0.2973,0.2975,0.2961,0.2974,445748.9
2024-01-18 02:30:00,0.2975,0.299,0.2975,0.2988,640516.9
2024-01-18 03:00:00,0.2988,0.2992,0.2961,0.2966,548698.3
2024-01-18 03:30:00,0.2967,0.2972,0.296,0.2972,218390.0
2024-01-18 04:00:00,0.2972,0.2987,0.2971,0.2987,457104.2
2024-01-18 04:30:00,0.2986,0.2988,0.2977,0.2977,101802.5
2024-01-18 05:00:00,0.2978,0.2978,0.2969,0.2976,101098.5
2024-01-18 05:30:00,0.2977,0.2984,0.2974,0.2984,207432.3
2024-01-18 06:00:00,0.2984,0.2984,0.2975,0.2978,131858.4
2024-01-18 06:30:00,0.2978,0.2983,0.2971,0.2983,33583.2
2024-01-18 07:00:00,0.2983,0.299,0.2977,0.299,278761.4
2024-01-18 07:30:00,0.299,0.2998,0.2987,0.2998,323948.4
2024-01-18 08:00:00,0.2998,0.3013,0.2997,0.3013,778577.0
2024-01-18 08:30:00,0.3012,0.3016,0.3003,0.3007,495420.2
2024-01-18 09:00:00,0.3007,0.301,0.2996,0.3,251314.6
2024-01-18 09:30:00,0.3,0.3002,0.2982,0.2982,306558.8
2024-01-18 10:00:00,0.2982,0.2992,0.2981,0.2991,135926.5
2024-01-18 10:30:00,0.2991,0.2991,0.2973,0.2974,567497.2
2024-01-18 11:00:00,0.2974,0.2981,0.2974,0.2977,58013.0
2024-01-18 11:30:00,0.2981,0.299,0.2975,0.2983,112462.1
2024-01-18 12:00:00,0.2982,0.2983,0.2963,0.2968,428493.0
2024-01-18 12:30:00,0.2968,0.2975,0.2966,0.2969,124059.5
2024-01-18 13:00:00,0.2969,0.2969,0.296,0.2966,362484.5
2024-01-18 13:30:00,0.2965,0.2982,0.2963,0.2981,239087.1
2024-01-18 14:00:00,0.298,0.2988,0.2978,0.2988,276933.5
2024-01-18 14:30:00,0.2988,0.2995,0.2983,0.2995,128757.8
2024-01-18 15:00:00,0.2995,0.3011,0.2994,0.3007,764842.7
2024-01-18 15:30:00,0.3007,0.3009,0.2998,0.3002,147798.3
2024-01-18 16:00:00,0.3002,0.3003,0.2981,0.2982,146954.4
2024-01-18 16:30:00,0.2983,0.2986,0.297,0.2977,488355.7
2024-01-18 17:00:00,0.2977,0.305,0.2962,0.2984,860477.2
2024-01-18 17:30:00,0.2984,0.2992,0.2963,0.2982,775651.1
2024-01-18 18:00:00,0.2982,0.2988,0.2964,0.2981,647255.2
2024-01-18 18:30:00,0.298,0.2987,0.2967,0.2968,344735.3
2024-01-18 19:00:00,0.2968,0.2973,0.2962,0.2969,424609.0
2024-01-18 19:30:00,0.297,0.2972,0.2954,0.2955,521053.3
2024-01-18 20:00:00,0.2956,0.2986,0.2954,0.2967,464421.3
2024-01-18 20:30:00,0.2966,0.2986,0.2964,0.2965,840518.5
2024-01-18 21:00:00,0.2966,0.2974,0.2962,0.2974,290898.5
2024-01-18 21:30:00,0.2973,0.2979,0.2968,0.2968,219941.5
2024-01-18 22:00:00,0.2968,0.297,0.2963,0.2967,122993.4
2024-01-18 22:30:00,0.2967,0.2971,0.2959,0.2966,296131.8
2024-01-18 23:00:00,0.2966,0.2973,0.296,0.2972,78996.9
2024-01-18 23:30:00,0.2971,0.298,0.297,0.2971,172584.6
2024-01-19 00:00:00,0.2972,0.2977,0.296,0.296,167845.7
2024-01-19 00:30:00,0.296,0.2964,0.2957,0.2961,252250.4
2024-01-19 01:00:00,0.2961,0.2963,0.2954,0.2956,159567.9
2024-01-19 01:30:00,0.2959,0.297,0.2954,0.2967,132135.4
2024-01-19 02:00:00,0.2968,0.2987,0.2968,0.2987,517780.1
2024-01-19 02:30:00,0.2987,0.3018,0.2987,0.3017,1804602.0
2024-01-19 03:00:00,0.3018,0.3028,0.2979,0.3,1469732.8
2024-01-19 03:30:00,0.2999,0.3025,0.2985,0.3023,1020625.4
2024-01-19 04:00:00,0.3024,0.3031,0.3,0.3001,851979.7
2024-01-19 04:30:00,0.3004,0.3007,0.2994,0.2999,219172.4
2024-01-19 05:00:00,0.3001,0.3037,0.2994,0.3035,645591.9
2024-01-19 05:30:00,0.3036,0.3057,0.3018,0.3036,1626987.5
2024-01-19 06:00:00,0.3035,0.3072,0.3032,0.3047,1243808.6
2024-01-19 06:30:00,0.3049,0.3054,0.3031,0.3032,521408.2
2024-01-19 07:00:00,0.3032,0.3042,0.3024,0.3041,379224.5
2024-01-19 07:30:00,0.3042,0.3051,0.3028,0.3031,602088.5
2024-01-19 08:00:00,0.3032,0.3032,0.3015,0.3018,671596.2
2024-01-19 08:30:00,0.3018,0.3021,0.3015,0.3018,267684.1
2024-01-19 09:00:00,0.3018,0.3033,0.3011,0.3012,625281.9
2024-01-19 09:30:00,0.3012,0.3013,0.3004,0.3006,579281.3
2024-01-19 10:00:00,0.3006,0.3009,0.2999,0.2999,416156.3
2024-01-19 10:30:00,0.2999,0.3014,0.2996,0.3014,300259.1
2024-01-19 11:00:00,0.3014,0.3019,0.3011,0.3015,214791.5
2024-01-19 11:30:00,0.3015,0.3015,0.2999,0.3008,267115.2
2024-01-19 12:00:00,0.3006,0.3011,0.2992,0.2997,444062.7
2024-01-19 12:30:00,0.2997,0.3003,0.2986,0.299,300056.2
2024-01-19 13:00:00,0.2989,0.2993,0.2986,0.2988,190998.5
2024-01-19 13:30:00,0.2986,0.299,0.2972,0.2982,401375.7
2024-01-19 14:00:00,0.2982,0.2984,0.2966,0.2966,797407.2
2024-01-19 14:30:00,0.2967,0.2975,0.2962,0.2965,506066.3
2024-01-19 15:00:00,0.2966,0.2969,0.2952,0.2955,730780.7
2024-01-19 15:30:00,0.2954,0.2964,0.295,0.2956,515919.8
2024-01-19 16:00:00,0.2956,0.2963,0.294,0.2941,864343.3
2024-01-19 16:30:00,0.2942,0.2944,0.2912,0.2922,1315030.4
2024-01-19 17:00:00,0.2921,0.2939,0.2917,0.2937,404395.0
2024-01-19 17:30:00,0.2937,0.2948,0.2934,0.2948,221589.0
2024-01-19 18:00:00,0.2949,0.2956,0.2945,0.2954,266220.1
2024-01-19 18:30:00,0.2955,0.2962,0.2952,0.296,237118.1
2024-01-19 19:00:00,0.296,0.296,0.2944,0.2951,45572.4
2024-01-19 19:30:00,0.2952,0.2955,0.2952,0.2955,58165.5
2024-01-19 20:00:00,0.2953,0.2962,0.2945,0.2946,230403.6
2024-01-19 20:30:00,0.2946,0.2951,0.2937,0.2938,146728.1
2024-01-19 21:00:00,0.2939,0.2945,0.2938,0.2941,31365.7
2024-01-19 21:30:00,0.2941,0.2947,0.2941,0.2946,25593.1
2024-01-19 22:00:00,0.2946,0.2954,0.2941,0.2951,143430.0
2024-01-19 22:30:00,0.2952,0.2955,0.2947,0.2955,55625.6
2024-01-19 23:00:00,0.2954,0.2959,0.2952,0.2953,152143.2
2024-01-19 23:30:00,0.2954,0.2958,0.2953,0.2958,21108.9
2024-01-20 00:00:00,0.2957,0.2958,0.295,0.2957,96753.5
2024-01-20 00:30:00,0.2958,0.296,0.2946,0.2947,228978.7
2024-01-20 01:00:00,0.2945,0.2963,0.2945,0.2963,200381.8
2024-01-20 01:30:00,0.2962,0.2975,0.296,0.2966,498008.4
2024-01-20 02:00:00,0.2966,0.2966,0.2959,0.2965,24885.3
2024-01-20 02:30:00,0.2965,0.2971,0.2959,0.2967,229519.3
2024-01-20 03:00:00,0.2968,0.297,0.2963,0.2967,19756.2
2024-01-20 03:30:00,0.2967,0.297,0.2965,0.297,32265.3
2024-01-20 04:00:00,0.297,0.2971,0.2964,0.2966,32236.0
2024-01-20 04:30:00,0.2965,0.2971,0.2964,0.297,35053.2
2024-01-20 05:00:00,0.2969,0.2969,0.2964,0.2969,28412.1
2024-01-20 05:30:00,0.2968,0.2968,0.2957,0.2964,179395.4
2024-01-20 06:00:00,0.2962,0.2966,0.2962,0.2962,34046.2
2024-01-20 06:30:00,0.2963,0.2963,0.2953,0.2954,152400.5
2024-01-20 07:00:00,0.2954,0.2959,0.2953,0.2955,138724.6
2024-01-20 07:30:00,0.2955,0.2956,0.2949,0.2949,30708.8
2024-01-20 08:00:00,0.2949,0.2954,0.2945,0.2945,103346.8
2024-01-20 08:30:00,0.2946,0.2947,0.2943,0.2947,41684.8
2024-01-20 09:00:00,0.2946,0.2949,0.2942,0.2944,101866.6
2024-01-20 09:30:00,0.2943,0.2948,0.2941,0.2941,94071.9
2024-01-20 10:00:00,0.2941,0.2948,0.2941,0.2947,31730.6
2024-01-20 10:30:00,0.2946,0.2946,0.294,0.294,57582.0
2024-01-20 11:00:00,0.2941,0.2942,0.294,0.2941,47908.4
2024-01-20 11:30:00,0.2942,0.2944,0.2939,0.294,51104.4
2024-01-20 12:00:00,0.294,0.2947,0.2939,0.2944,75565.1
2024-01-20 12:30:00,0.2944,0.2944,0.2939,0.294,77897.3
2024-01-20 13:00:00,0.294,0.2945,0.2939,0.2942,9310.8
2024-01-20 13:30:00,0.2942,0.2943,0.2939,0.2939,20992.8
2024-01-20 14:00:00,0.2939,0.2941,0.2936,0.2941,228964.9
2024-01-20 14:30:00,0.2941,0.2944,0.2937,0.2937,76588.1
2024-01-20 15:00:00,0.2937,0.2944,0.2934,0.2944,178645.7
2024-01-20 15:30:00,0.2944,0.2954,0.2944,0.2951,362155.5
2024-01-20 16:00:00,0.2951,0.2955,0.2945,0.2953,241612.3
2024-01-20 16:30:00,0.2954,0.2954,0.2948,0.2948,37283.3
2024-01-20 17:00:00,0.2948,0.2953,0.2945,0.2953,72261.9
2024-01-20 17:30:00,0.2953,0.2953,0.2936,0.2941,207021.9
2024-01-20 18:00:00,0.2941,0.2944,0.2937,0.2938,57202.6
2024-01-20 18:30:00,0.2938,0.294,0.2934,0.2935,143282.2
2024-01-20 19:00:00,0.2935,0.2942,0.2935,0.2942,16532.2
2024-01-20 19:30:00,0.2942,0.2946,0.2938,0.2944,80662.5
2024-01-20 20:00:00,0.2944,0.2946,0.2943,0.2943,35460.0
2024-01-20 20:30:00,0.2944,0.295,0.2944,0.2944,46805.0
2024-01-20 21:00:00,0.2945,0.295,0.2945,0.2949,28228.7
2024-01-20 21:30:00,0.2949,0.2951,0.2945,0.2945,17168.0
2024-01-20 22:00:00,0.2946,0.2948,0.2944,0.2946,19306.5
2024-01-20 22:30:00,0.2946,0.2949,0.2943,0.2949,19506.3
2024-01-20 23:00:00,0.295,0.295,0.2942,0.2942,63513.1
2024-01-20 23:30:00,0.2943,0.2947,0.2939,0.2945,246454.3
2024-01-21 00:00:00,0.2943,0.2944,0.2931,0.2937,217834.2
2024-01-21 00:30:00,0.2936,0.294,0.2932,0.2934,37941.4
2024-01-21 01:00:00,0.2934,0.2942,0.2934,0.294,38504.0
2024-01-21 01:30:00,0.294,0.2946,0.2938,0.2946,26882.3
2024-01-21 02:00:00,0.2946,0.2953,0.2945,0.2951,109742.4
2024-01-21 02:30:00,0.2951,0.2953,0.2947,0.2953,41114.2
2024-01-21 03:00:00,0.2953,0.2958,0.2953,0.2955,135162.9
2024-01-21 03:30:00,0.2954,0.2954,0.2946,0.2949,121727.8
2024-01-21 04:00:00,0.2947,0.2949,0.2943,0.2944,13907.5
2024-01-21 04:30:00,0.2944,0.2947,0.2942,0.2943,21968.7
2024-01-21 05:00:00,0.2943,0.2944,0.2939,0.2942,20645.3
2024-01-21 05:30:00,0.2942,0.2943,0.2938,0.294,24992.1
2024-01-21 06:00:00,0.2938,0.2941,0.2936,0.2939,102854.0
2024-01-21 06:30:00,0.2938,0.2938,0.2933,0.2937,131684.8
2024-01-21 07:00:00,0.2938,0.2942,0.2938,0.2942,18273.3
2024-01-21 07:30:00,0.2943,0.2945,0.2943,0.2943,20721.5
2024-01-21 08:00:00,0.2944,0.2946,0.2942,0.2946,13902.1
2024-01-21 08:30:00,0.2943,0.2944,0.2933,0.2934,114649.0
2024-01-21 09:00:00,0.2934,0.2937,0.2932,0.2934,108701.8
2024-01-21 09:30:00,0.2933,0.2937,0.2932,0.2936,61877.3
2024-01-21 10:00:00,0.2936,0.294,0.2935,0.294,27677.9
2024-01-21 10:30:00,0.294,0.2941,0.2937,0.2941,24894.2
2024-01-21 11:00:00,0.294,0.2943,0.2939,0.2943,21738.1
2024-01-21 11:30:00,0.294,0.2945,0.2939,0.2944,79952.6
2024-01-21 12:00:00,0.2943,0.2948,0.2943,0.2946,70878.3
2024-01-21 12:30:00,0.2946,0.295,0.2945,0.2949,112531.6
2024-01-21 13:00:00,0.2948,0.2952,0.2948,0.2951,31855.3
2024-01-21 13:30:00,0.2952,0.2954,0.2951,0.2953,54311.6
2024-01-21 14:00:00,0.2953,0.2955,0.2947,0.2947,84562.9
2024-01-21 14:30:00,0.2946,0.2948,0.2944,0.2946,48241.7
2024-01-21 15:00:00,0.2946,0.2948,0.2945,0.2946,49156.5
2024-01-21 15:30:00,0.2947,0.2947,0.2935,0.2937,128924.2
2024-01-21 16:00:00,0.2937,0.2938,0.2933,0.2933,82429.2
2024-01-21 16:30:00,0.2933,0.294,0.2932,0.294,129010.2
2024-01-21 17:00:00,0.2941,0.2943,0.2938,0.2943,99849.4
2024-01-21 17:30:00,0.2942,0.2943,0.2937,0.2938,33652.3
2024-01-21 18:00:00,0.2939,0.2941,0.2937,0.2939,25535.7
2024-01-21 18:30:00,0.294,0.2941,0.2939,0.2941,39987.2
2024-01-21 19:00:00,0.2942,0.2943,0.2939,0.2941,13811.5
2024-01-21 19:30:00,0.2942,0.2945,0.294,0.2943,20154.8
2024-01-21 20:00:00,0.2944,0.2944,0.2941,0.2942,29816.9
2024-01-21 20:30:00,0.2942,0.2946,0.2936,0.2937,41087.3
2024-01-21 21:00:00,0.2936,0.2941,0.2936,0.294,7358.8
2024-01-21 21:30:00,0.294,0.2944,0.2937,0.2943,66189.1
2024-01-21 22:00:00,0.2944,0.2944,0.2938,0.2938,30254.3
2024-01-21 22:30:00,0.2939,0.2941,0.2937,0.2937,16685.1
2024-01-21 23:00:00,0.2937,0.294,0.2932,0.2932,82481.2
2024-01-21 23:30:00,0.2932,0.2934,0.2931,0.2931,40276.6
2024-01-22 00:00:00,0.2931,0.2938,0.293,0.293,77722.5
2024-01-22 00:30:00,0.2931,0.294,0.2931,0.2936,131163.7
2024-01-22 01:00:00,0.2936,0.2938,0.2925,0.293,233724.7
2024-01-22 01:30:00,0.2929,0.2933,0.2923,0.2926,163451.1
2024-01-22 02:00:00,0.2926,0.293,0.2925,0.2927,31692.3
2024-01-22 02:30:00,0.2926,0.2926,0.2918,0.2922,201575.9
2024-01-22 03:00:00,0.2922,0.2925,0.2919,0.292,70629.3
2024-01-22 03:30:00,0.2921,0.2922,0.2913,0.2914,358403.1
2024-01-22 04:00:00,0.2915,0.2915,0.2898,0.2909,655395.5
2024-01-22 04:30:00,0.2909,0.2909,0.2897,0.2897,523775.4
2024-01-22 05:00:00,0.2897,0.2906,0.288,0.2906,903568.8
2024-01-22 05:30:00,0.2906,0.291,0.2905,0.2909,72167.3
2024-01-22 06:00:00,0.2908,0.291,0.2904,0.2904,20326.6
2024-01-22 06:30:00,0.2904,0.291,0.2904,0.2907,50897.0
2024-01-22 07:00:00,0.2907,0.2907,0.2899,0.2901,53982.4
2024-01-22 07:30:00,0.2901,0.2901,0.2896,0.2896,50222.8
2024-01-22 08:00:00,0.2895,0.2897,0.2893,0.2893,167944.7
2024-01-22 08:30:00,0.2893,0.2895,0.2889,0.2895,207161.6
2024-01-22 09:00:00,0.2895,0.2899,0.289,0.2898,61737.8
2024-01-22 09:30:00,0.2898,0.2898,0.2885,0.2889,188602.1
2024-01-22 10:00:00,0.2889,0.2896,0.2883,0.2883,216771.2
2024-01-22 10:30:00,0.2884,0.2893,0.2884,0.2892,49578.5
2024-01-22 11:00:00,0.2892,0.2899,0.2891,0.2899,29432.9
2024-01-22 11:30:00,0.29,0.2907,0.29,0.2907,114301.7
2024-01-22 12:00:00,0.2906,0.2906,0.2892,0.2892,99128.2
2024-01-22 12:30:00,0.2892,0.2897,0.2889,0.2895,80714.4
2024-01-22 13:00:00,0.2895,0.2909,0.2895,0.2904,265222.0
2024-01-22 13:30:00,0.2904,0.2904,0.2893,0.2893,49806.8
2024-01-22 14:00:00,0.2894,0.2896,0.2886,0.2886,196856.1
2024-01-22 14:30:00,0.2887,0.2893,0.2882,0.2891,365727.4
2024-01-22 15:00:00,0.2889,0.2889,0.2876,0.2883,376374.9
2024-01-22 15:30:00,0.2883,0.2888,0.2875,0.2879,249852.0
2024-01-22 16:00:00,0.288,0.2887,0.2878,0.2878,171202.3
2024-01-22 16:30:00,0.2878,0.2884,0.2877,0.2883,19345.1
2024-01-22 17:00:00,0.2883,0.2888,0.2879,0.2879,54862.3
2024-01-22 17:30:00,0.2879,0.2885,0.2878,0.2884,82384.2
2024-01-22 18:00:00,0.2883,0.2883,0.2878,0.2881,20848.3
2024-01-22 18:30:00,0.2879,0.2886,0.2872,0.2885,273055.4
2024-01-22 19:00:00,0.2883,0.2891,0.2873,0.2873,307207.5
2024-01-22 19:30:00,0.2873,0.288,0.2865,0.288,354902.8
2024-01-22 20:00:00,0.288,0.2891,0.288,0.2889,275217.4
2024-01-22 20:30:00,0.2886,0.2887,0.2879,0.2881,54369.0
2024-01-22 21:00:00,0.2878,0.288,0.2874,0.2875,48455.9
2024-01-22 21:30:00,0.2876,0.2881,0.2874,0.2877,5281.4
2024-01-22 22:00:00,0.2877,0.2883,0.287,0.2876,108493.9
2024-01-22 22:30:00,0.2878,0.2878,0.2868,0.2874,315250.2
2024-01-22 23:00:00,0.2876,0.2877,0.2868,0.2869,94718.3
2024-01-22 23:30:00,0.2869,0.2871,0.2867,0.2867,45547.1
2024-01-23 00:00:00,0.2871,0.2882,0.2869,0.288,97755.1
2024-01-23 00:30:00,0.2881,0.2882,0.287,0.2879,50709.1
2024-01-23 01:00:00,0.288,0.2884,0.2878,0.2878,86358.5
2024-01-23 01:30:00,0.2877,0.2883,0.2871,0.288,138976.4
2024-01-23 02:00:00,0.2881,0.2886,0.2881,0.2885,51106.0
2024-01-23 02:30:00,0.2885,0.289,0.2885,0.289,67787.5
2024-01-23 03:00:00,0.2891,0.2893,0.2888,0.2888,60445.9
2024-01-23 03:30:00,0.2888,0.2893,0.2888,0.2892,30601.5
2024-01-23 04:00:00,0.289,0.2895,0.289,0.2895,46608.2
2024-01-23 04:30:00,0.2896,0.2896,0.2892,0.2893,9110.5
2024-01-23 05:00:00,0.2891,0.2895,0.2887,0.2893,18348.8
2024-01-23 05:30:00,0.2893,0.2897,0.2893,0.2896,106056.6
2024-01-23 06:00:00,0.2894,0.2894,0.2887,0.2893,32056.4
2024-01-23 06:30:00,0.2891,0.2892,0.2883,0.2885,61531.1
2024-01-23 07:00:00,0.2885,0.2885,0.2874,0.2874,93270.6
2024-01-23 07:30:00,0.2874,0.2876,0.2868,0.2872,267011.5
2024-01-23 08:00:00,0.2873,0.2879,0.2865,0.287,159754.4
2024-01-23 08:30:00,0.287,0.287,0.2857,0.2865,388177.0
2024-01-23 09:00:00,0.2865,0.2866,0.283,0.2841,956252.7
2024-01-23 09:30:00,0.2841,0.2855,0.2833,0.2841,388929.5
2024-01-23 10:00:00,0.284,0.2854,0.284,0.2854,123950.1
2024-01-23 10:30:00,0.2853,0.2854,0.284,0.2841,196920.9
2024-01-23 11:00:00,0.2841,0.2848,0.2831,0.2836,394650.0
2024-01-23 11:30:00,0.2836,0.2839,0.2829,0.2838,515270.0
2024-01-23 12:00:00,0.284,0.2845,0.2833,0.2835,75913.4
2024-01-23 12:30:00,0.2835,0.2839,0.2829,0.2839,153962.4
2024-01-23 13:00:00,0.2838,0.2838,0.2829,0.2829,123365.8
2024-01-23 13:30:00,0.283,0.2839,0.2828,0.2828,105839.8
2024-01-23 14:00:00,0.2828,0.2833,0.2821,0.2832,330694.4
2024-01-23 14:30:00,0.2831,0.2837,0.2826,0.2837,63294.8
2024-01-23 15:00:00,0.2838,0.2847,0.2838,0.2846,191576.8
2024-01-23 15:30:00,0.2848,0.2855,0.2844,0.2848,217906.5
2024-01-23 16:00:00,0.2849,0.285,0.2828,0.2839,380168.8
2024-01-23 16:30:00,0.2839,0.2842,0.2829,0.2841,117266.8
2024-01-23 17:00:00,0.2838,0.2842,0.2833,0.2841,86909.2
2024-01-23 17:30:00,0.2841,0.2846,0.2832,0.2834,229101.5
2024-01-23 18:00:00,0.2836,0.2843,0.2833,0.2834,141645.9
2024-01-23 18:30:00,0.2834,0.2835,0.2828,0.2828,109263.5
2024-01-23 19:00:00,0.283,0.2832,0.2827,0.283,25525.3
2024-01-23 19:30:00,0.2829,0.2834,0.2827,0.2828,55676.5
2024-01-23 20:00:00,0.2828,0.2837,0.2828,0.283,22338.9
2024-01-23 20:30:00,0.2832,0.2836,0.2828,0.2833,40941.7
2024-01-23 21:00:00,0.2833,0.2838,0.2829,0.2833,106051.3
2024-01-23 21:30:00,0.2833,0.284,0.2833,0.284,21991.5
2024-01-23 22:00:00,0.2839,0.2846,0.2839,0.2846,145081.7
2024-01-23 22:30:00,0.2846,0.2848,0.2845,0.2845,76177.5
2024-01-23 23:00:00,0.2845,0.2858,0.2845,0.2857,188577.9
2024-01-23 23:30:00,0.2856,0.2858,0.2854,0.2858,63183.3
2024-01-24 00:00:00,0.2858,0.2861,0.2853,0.2861,106645.6
2024-01-24 00:30:00,0.286,0.2876,0.286,0.2874,496896.0
2024-01-24 01:00:00,0.2874,0.2874,0.2861,0.2863,50491.9
2024-01-24 01:30:00,0.2864,0.2864,0.2854,0.2854,26806.0
2024-01-24 02:00:00,0.2855,0.2855,0.2847,0.2847,134608.7
2024-01-24 02:30:00,0.2846,0.2851,0.2843,0.2845,154142.5
2024-01-24 03:00:00,0.2849,0.2851,0.2843,0.2843,67755.7
2024-01-24 03:30:00,0.2844,0.2851,0.2844,0.2844,19971.3
2024-01-24 04:00:00,0.2844,0.2849,0.2841,0.2843,92811.1
2024-01-24 04:30:00,0.2845,0.2849,0.2841,0.2841,63130.9
2024-01-24 05:00:00,0.2841,0.2856,0.2841,0.2856,70111.2
2024-01-24 05:30:00,0.2856,0.2859,0.2852,0.2856,55266.1
2024-01-24 06:00:00,0.2858,0.2859,0.2849,0.2857,103528.0
2024-01-24 06:30:00,0.2857,0.2867,0.2857,0.2867,221168.2
2024-01-24 07:00:00,0.2867,0.2876,0.2861,0.2875,473672.9
2024-01-24 07:30:00,0.2876,0.2876,0.2865,0.2868,27743.5
2024-01-24 08:00:00,0.2868,0.2877,0.2868,0.2873,178299.6
2024-01-24 08:30:00,0.2875,0.2877,0.287,0.2876,26457.2
2024-01-24 09:00:00,0.2876,0.2882,0.2875,0.2882,158520.1
2024-01-24 09:30:00,0.2881,0.2883,0.2877,0.2883,37257.8
2024-01-24 10:00:00,0.2882,0.2886,0.2882,0.2886,134012.2
2024-01-24 10:30:00,0.2886,0.2892,0.2884,0.2889,197799.0
2024-01-24 11:00:00,0.2889,0.2889,0.2874,0.2882,236855.3
2024-01-24 11:30:00,0.2882,0.2882,0.2875,0.2877,23189.1
2024-01-24 12:00:00,0.2878,0.2919,0.2878,0.2898,1503846.2
2024-01-24 12:30:00,0.2895,0.2909,0.2894,0.2905,314038.5
2024-01-24 13:00:00,0.2905,0.2907,0.29,0.2902,62027.5
2024-01-24 13:30:00,0.2902,0.2902,0.2884,0.2884,96246.1
2024-01-24 14:00:00,0.2883,0.2885,0.2877,0.2885,26688.2
2024-01-24 14:30:00,0.2885,0.2893,0.2874,0.2874,219903.8
2024-01-24 15:00:00,0.2875,0.2886,0.2872,0.2886,61993.4
2024-01-24 15:30:00,0.2887,0.289,0.288,0.2887,205106.7
2024-01-24 16:00:00,0.2887,0.2888,0.288,0.2887,25489.0
2024-01-24 16:30:00,0.2888,0.2896,0.2881,0.2894,336526.2
2024-01-24 17:00:00,0.2894,0.2894,0.2882,0.2885,64988.1
2024-01-24 17:30:00,0.2885,0.2889,0.288,0.2883,40213.3
2024-01-24 18:00:00,0.2884,0.2884,0.2864,0.2874,383950.7
2024-01-24 18:30:00,0.2875,0.2879,0.2873,0.2875,54223.2
2024-01-24 19:00:00,0.2875,0.2879,0.2875,0.2875,5493.9
2024-01-24 19:30:00,0.2876,0.2878,0.2867,0.2877,123207.4
2024-01-24 20:00:00,0.2876,0.2881,0.2875,0.2877,19628.6
2024-01-24 20:30:00,0.2877,0.2877,0.2868,0.2872,26687.3
2024-01-24 21:00:00,0.2871,0.2876,0.2871,0.2876,6785.8
2024-01-24 21:30:00,0.2876,0.2876,0.2872,0.2876,5765.3
2024-01-24 22:00:00,0.2876,0.2881,0.2875,0.288,38965.9
2024-01-24 22:30:00,0.288,0.2884,0.288,0.2884,16609.8
2024-01-24 23:00:00,0.2884,0.289,0.2883,0.289,228889.2
2024-01-24 23:30:00,0.289,0.2892,0.2889,0.2889,20505.1
2024-01-25 00:00:00,0.2887,0.2892,0.2885,0.2889,52465.4
2024-01-25 00:30:00,0.2888,0.2894,0.2884,0.2885,168569.7
2024-01-25 01:00:00,0.2885,0.289,0.2884,0.2887,33688.7
2024-01-25 01:30:00,0.2887,0.2887,0.2873,0.2873,133444.0
2024-01-25 02:00:00,0.2873,0.2878,0.2868,0.2872,241197.8
2024-01-25 02:30:00,0.2872,0.2873,0.2867,0.2867,74582.1
2024-01-25 03:00:00,0.2867,0.2876,0.2867,0.2876,60650.4
2024-01-25 03:30:00,0.2875,0.2876,0.2872,0.2876,27609.2
2024-01-25 04:00:00,0.2874,0.288,0.2873,0.2875,56586.8
2024-01-25 04:30:00,0.2875,0.2877,0.287,0.2872,33726.5
2024-01-25 05:00:00,0.2873,0.2873,0.2864,0.2867,147209.2
2024-01-25 05:30:00,0.2868,0.2875,0.2866,0.2873,36536.3
2024-01-25 06:00:00,0.2872,0.2878,0.2869,0.2869,40415.0
2024-01-25 06:30:00,0.287,0.2874,0.2866,0.2874,97754.9
2024-01-25 07:00:00,0.2874,0.2879,0.2873,0.2879,73881.3
2024-01-25 07:30:00,0.2879,0.2881,0.2875,0.2881,19725.2
2024-01-25 08:00:00,0.2881,0.2882,0.2876,0.2876,98231.8
2024-01-25 08:30:00,0.2876,0.2876,0.2874,0.2876,7511.5
2024-01-25 09:00:00,0.2876,0.2881,0.2876,0.288,15753.6
2024-01-25 09:30:00,0.2877,0.288,0.2867,0.2867,88975.9
2024-01-25 10:00:00,0.2867,0.2871,0.286,0.2863,82462.0
2024-01-25 10:30:00,0.2863,0.2871,0.2863,0.2869,39409.9
2024-01-25 11:00:00,0.287,0.2871,0.2867,0.2869,50323.5
2024-01-25 11:30:00,0.2871,0.2873,0.2864,0.2864,55061.4
2024-01-25 12:00:00,0.2864,0.2866,0.286,0.286,102082.9
2024-01-25 12:30:00,0.286,0.2861,0.2853,0.286,232624.3
2024-01-25 13:00:00,0.2858,0.2858,0.2854,0.2854,58179.8
2024-01-25 13:30:00,0.2855,0.2861,0.2854,0.2857,29138.1
2024-01-25 14:00:00,0.2858,0.2859,0.2855,0.2855,17628.2
2024-01-25 14:30:00,0.2855,0.2862,0.2854,0.2861,12192.6
2024-01-25 15:00:00,0.2861,0.2863,0.2854,0.2855,92975.0
2024-01-25 15:30:00,0.2855,0.286,0.2853,0.286,28416.9
2024-01-25 16:00:00,0.2857,0.2864,0.2855,0.2864,67312.9
2024-01-25 16:30:00,0.2865,0.2866,0.2861,0.2862,50723.9
2024-01-25 17:00:00,0.286,0.2863,0.2856,0.2863,28124.3
2024-01-25 17:30:00,0.2864,0.287,0.2864,0.287,32362.8
2024-01-25 18:00:00,0.287,0.2878,0.287,0.2875,169496.9
2024-01-25 18:30:00,0.2877,0.2877,0.2864,0.2864,103446.8
2024-01-25 19:00:00,0.2867,0.2873,0.2866,0.2871,15398.7
2024-01-25 19:30:00,0.287,0.2876,0.2868,0.2872,130766.9
2024-01-25 20:00:00,0.2873,0.2874,0.2867,0.2868,35522.8
2024-01-25 20:30:00,0.2869,0.287,0.2862,0.2868,32553.9
2024-01-25 21:00:00,0.2868,0.2873,0.2866,0.2869,69771.7
2024-01-25 21:30:00,0.2869,0.2869,0.2864,0.2869,8941.5
2024-01-25 22:00:00,0.2868,0.2868,0.2863,0.2863,37304.6
2024-01-25 22:30:00,0.2864,0.2873,0.2862,0.2873,68194.6
2024-01-25 23:00:00,0.2871,0.2871,0.2864,0.2864,7866.5
2024-01-25 23:30:00,0.2864,0.2868,0.2864,0.2867,2913.7
2024-01-26 00:00:00,0.2865,0.2866,0.2861,0.2861,92737.5
2024-01-26 00:30:00,0.2862,0.2867,0.2861,0.2865,23947.8
2024-01-26 01:00:00,0.2863,0.2867,0.2861,0.2867,34722.3
2024-01-26 01:30:00,0.2867,0.2871,0.2866,0.2869,13424.6
2024-01-26 02:00:00,0.287,0.2881,0.287,0.2876,148205.2
2024-01-26 02:30:00,0.2877,0.2879,0.2872,0.2873,48906.2
2024-01-26 03:00:00,0.2874,0.2875,0.287,0.2871,64430.5
2024-01-26 03:30:00,0.2872,0.2873,0.2867,0.2869,81254.3
2024-01-26 04:00:00,0.2869,0.2871,0.2867,0.2869,50301.9
2024-01-26 04:30:00,0.2868,0.2871,0.2867,0.2867,43523.9
2024-01-26 05:00:00,0.2869,0.2871,0.2867,0.2871,14059.9
2024-01-26 05:30:00,0.2871,0.2874,0.287,0.2872,19748.0
2024-01-26 06:00:00,0.2872,0.2875,0.2872,0.2874,15401.3
2024-01-26 06:30:00,0.2874,0.2875,0.2866,0.2867,40626.3
2024-01-26 07:00:00,0.2866,0.2868,0.2866,0.2866,7661.6
2024-01-26 07:30:00,0.2866,0.2873,0.2866,0.2868,38836.9
2024-01-26 08:00:00,0.2869,0.2877,0.2869,0.2876,32317.9
2024-01-26 08:30:00,0.2876,0.2881,0.2876,0.2881,11664.7
2024-01-26 09:00:00,0.2881,0.2881,0.288,0.288,2939.6
2024-01-26 09:30:00,0.288,0.2884,0.2874,0.2876,152504.1
2024-01-26 10:00:00,0.2874,0.2885,0.2874,0.2884,84256.6
2024-01-26 10:30:00,0.2885,0.2893,0.2884,0.2893,148187.6
2024-01-26 11:00:00,0.2893,0.2898,0.2892,0.2897,97679.8
2024-01-26 11:30:00,0.2898,0.2903,0.2896,0.2899,132183.8
2024-01-26 12:00:00,0.29,0.2901,0.2888,0.2895,89825.8
2024-01-26 12:30:00,0.2894,0.2895,0.2884,0.2884,41398.0
2024-01-26 13:00:00,0.2886,0.289,0.2886,0.2889,14474.3
2024-01-26 13:30:00,0.289,0.289,0.2874,0.288,135987.0
2024-01-26 14:00:00,0.2881,0.2889,0.2881,0.2886,125218.5
2024-01-26 14:30:00,0.2885,0.2891,0.2885,0.2891,144009.5
2024-01-26 15:00:00,0.2891,0.2892,0.2885,0.2887,121289.6
2024-01-26 15:30:00,0.2886,0.2892,0.2886,0.2892,17982.5
2024-01-26 16:00:00,0.2892,0.2899,0.2891,0.2897,104807.3
2024-01-26 16:30:00,0.2898,0.2902,0.2891,0.29,98021.4
2024-01-26 17:00:00,0.2899,0.2901,0.289,0.2891,87883.9
2024-01-26 17:30:00,0.2891,0.2915,0.2878,0.2888,657234.5
2024-01-26 18:00:00,0.2888,0.2893,0.2887,0.2891,71160.4
2024-01-26 18:30:00,0.2891,0.2894,0.2889,0.2891,22542.4
2024-01-26 19:00:00,0.2892,0.2893,0.2886,0.2888,23024.2
2024-01-26 19:30:00,0.2887,0.2888,0.2881,0.2884,133944.8
2024-01-26 20:00:00,0.2885,0.2893,0.2883,0.2889,97105.3
2024-01-26 20:30:00,0.2889,0.289,0.288,0.2883,107023.9
2024-01-26 21:00:00,0.2883,0.2884,0.2878,0.2882,73110.2
2024-01-26 21:30:00,0.2883,0.2885,0.288,0.2883,14295.2
2024-01-26 22:00:00,0.2883,0.2887,0.2879,0.2887,17767.0
2024-01-26 22:30:00,0.2886,0.2892,0.2886,0.2892,82080.7
2024-01-26 23:00:00,0.2893,0.2894,0.289,0.289,9663.0
2024-01-26 23:30:00,0.2891,0.2892,0.2887,0.289,8172.2
2024-01-27 00:00:00,0.2891,0.2897,0.2889,0.2895,35239.2
2024-01-27 00:30:00,0.2893,0.2897,0.2889,0.2895,17966.8
2024-01-27 01:00:00,0.2894,0.2896,0.2892,0.2893,6922.9
2024-01-27 01:30:00,0.2894,0.2895,0.2888,0.2888,43788.5
2024-01-27 02:00:00,0.2888,0.2894,0.2888,0.2893,18648.6
2024-01-27 02:30:00,0.2893,0.2896,0.2893,0.2896,26975.9
2024-01-27 03:00:00,0.2897,0.2897,0.2895,0.2895,8258.2
2024-01-27 03:30:00,0.2895,0.2898,0.2895,0.2898,873.9
2024-01-27 04:00:00,0.2897,0.2899,0.2897,0.2897,2975.0
2024-01-27 04:30:00,0.2896,0.2897,0.2894,0.2895,5082.9
2024-01-27 05:00:00,0.2894,0.2895,0.289,0.289,17001.6
2024-01-27 05:30:00,0.289,0.2892,0.2878,0.288,207842.2
2024-01-27 06:00:00,0.2879,0.2886,0.2879,0.2884,7876.2
2024-01-27 06:30:00,0.288,0.2881,0.2878,0.288,25930.3
2024-01-27 07:00:00,0.288,0.2881,0.2876,0.2876,76290.9
2024-01-27 07:30:00,0.2876,0.2881,0.2876,0.2881,12744.1
2024-01-27 08:00:00,0.2882,0.2882,0.2877,0.288,8033.7
2024-01-27 08:30:00,0.288,0.2883,0.2876,0.2877,33957.1
2024-01-27 09:00:00,0.2877,0.2884,0.2877,0.2882,15854.7
2024-01-27 09:30:00,0.2883,0.2888,0.2883,0.2888,12804.6
2024-01-27 10:00:00,0.2887,0.2888,0.2884,0.2884,15989.5
2024-01-27 10:30:00,0.2884,0.2885,0.2881,0.2881,21178.8
2024-01-27 11:00:00,0.2881,0.2883,0.2879,0.2882,39383.9
2024-01-27 11:30:00,0.2882,0.2882,0.2877,0.2878,14251.3
2024-01-27 12:00:00,0.2878,0.2882,0.2877,0.2882,11387.2
2024-01-27 12:30:00,0.2881,0.2882,0.2876,0.2877,13460.4
2024-01-27 13:00:00,0.2876,0.288,0.2875,0.2877,48243.8
2024-01-27 13:30:00,0.2875,0.2878,0.2875,0.2875,18994.1
2024-01-27 14:00:00,0.2876,0.2879,0.2876,0.2879,19204.6
2024-01-27 14:30:00,0.2879,0.2881,0.2876,0.2877,14223.2
2024-01-27 15:00:00,0.2877,0.288,0.2876,0.288,9396.1
2024-01-27 15:30:00,0.288,0.2881,0.2878,0.2878,9991.6
2024-01-27 16:00:00,0.2877,0.2883,0.2876,0.2882,29712.6
2024-01-27 16:30:00,0.2883,0.2883,0.2877,0.2878,12860.0
2024-01-27 17:00:00,0.2877,0.2877,0.2874,0.2876,19007.5
2024-01-27 17:30:00,0.2875,0.2876,0.2874,0.2875,19145.6
2024-01-27 18:00:00,0.2874,0.2878,0.2874,0.2878,48415.5
2024-01-27 18:30:00,0.2879,0.288,0.2875,0.2876,38735.6
2024-01-27 19:00:00,0.2875,0.2877,0.2874,0.2875,16521.5
2024-01-27 19:30:00,0.2874,0.2878,0.2874,0.2877,20489.9
2024-01-27 20:00:00,0.2877,0.2882,0.2877,0.2882,32891.6
2024-01-27 20:30:00,0.2882,0.2884,0.2881,0.2883,34426.6
2024-01-27 21:00:00,0.2883,0.2886,0.2883,0.2886,6456.8
2024-01-27 21:30:00,0.2886,0.2887,0.2885,0.2887,9112.5
2024-01-27 22:00:00,0.2887,0.2888,0.2886,0.2888,13325.7
2024-01-27 22:30:00,0.2888,0.2889,0.2887,0.2888,5459.2
2024-01-27 23:00:00,0.2886,0.2886,0.288,0.2883,23654.2
2024-01-27 23:30:00,0.2883,0.2884,0.2879,0.2883,40345.4
2024-01-28 00:00:00,0.2882,0.2888,0.2881,0.2881,16041.4
2024-01-28 00:30:00,0.2881,0.2884,0.2879,0.2884,15726.6
2024-01-28 01:00:00,0.2884,0.2893,0.2884,0.2893,102466.3
2024-01-28 01:30:00,0.2893,0.2895,0.2883,0.2885,85149.9
2024-01-28 02:00:00,0.2886,0.289,0.2884,0.2885,62296.0
2024-01-28 02:30:00,0.2886,0.2888,0.2882,0.2886,4666.5
2024-01-28 03:00:00,0.2885,0.2887,0.2884,0.2886,4552.2
2024-01-28 03:30:00,0.2885,0.2889,0.2884,0.2889,26193.8
2024-01-28 04:00:00,0.2889,0.2892,0.2889,0.2892,15228.9
2024-01-28 04:30:00,0.2891,0.2897,0.2891,0.2897,90110.2
2024-01-28 05:00:00,0.2897,0.2899,0.2894,0.2895,42560.6
2024-01-28 05:30:00,0.2895,0.2895,0.2886,0.2887,43045.7
2024-01-28 06:00:00,0.2887,0.2887,0.2883,0.2883,81759.6
2024-01-28 06:30:00,0.2883,0.2884,0.2879,0.2882,129866.5
2024-01-28 07:00:00,0.2882,0.2885,0.2881,0.2881,39987.2
2024-01-28 07:30:00,0.2882,0.2882,0.288,0.2881,40552.0
2024-01-28 08:00:00,0.2879,0.2883,0.2877,0.2883,55376.6
2024-01-28 08:30:00,0.2884,0.2887,0.2882,0.2885,17371.8
2024-01-28 09:00:00,0.2882,0.2884,0.2881,0.2884,6324.8
2024-01-28 09:30:00,0.2883,0.2888,0.2882,0.2883,52330.9
2024-01-28 10:00:00,0.2883,0.2888,0.288,0.2887,107018.7
2024-01-28 10:30:00,0.2886,0.2893,0.2886,0.2889,31337.8
2024-01-28 11:00:00,0.2889,0.2891,0.2882,0.2883,69220.9
2024-01-28 11:30:00,0.2882,0.2882,0.2877,0.288,51859.8
2024-01-28 12:00:00,0.288,0.288,0.2867,0.2873,348762.3
2024-01-28 12:30:00,0.2874,0.2876,0.2866,0.2876,186352.9
2024-01-28 13:00:00,0.2875,0.2878,0.2872,0.2878,9840.8
2024-01-28 13:30:00,0.2878,0.2878,0.2872,0.2875,20718.4
2024-01-28 14:00:00,0.2876,0.2884,0.2874,0.2884,27118.9
2024-01-28 14:30:00,0.2883,0.2883,0.2871,0.2871,15726.0
2024-01-28 15:00:00,0.2871,0.2876,0.2871,0.2876,22506.3
2024-01-28 15:30:00,0.2876,0.288,0.2872,0.2875,7543.6
2024-01-28 16:00:00,0.2875,0.2879,0.2875,0.2877,7200.9
2024-01-28 16:30:00,0.2877,0.2879,0.2872,0.2879,16852.1
2024-01-28 17:00:00,0.2879,0.2879,0.2876,0.2877,7278.3
2024-01-28 17:30:00,0.2876,0.2876,0.2871,0.2875,14493.8
2024-01-28 18:00:00,0.2874,0.2874,0.2867,0.2869,56807.0
2024-01-28 18:30:00,0.2868,0.2874,0.2868,0.2873,13077.5
2024-01-28 19:00:00,0.2872,0.288,0.287,0.2879,23848.4
2024-01-28 19:30:00,0.2878,0.2878,0.2868,0.2868,62575.2
2024-01-28 20:00:00,0.2868,0.2873,0.2865,0.2872,99361.7
2024-01-28 20:30:00,0.2873,0.2875,0.2872,0.2874,28436.0
2024-01-28 21:00:00,0.2877,0.2877,0.2874,0.2874,7708.3
2024-01-28 21:30:00,0.2875,0.2879,0.2872,0.2878,16329.1
2024-01-28 22:00:00,0.2878,0.2878,0.2874,0.2875,1224.4
2024-01-28 22:30:00,0.2874,0.2875,0.2867,0.2872,61855.9
2024-01-28 23:00:00,0.2872,0.2875,0.2868,0.2875,8264.9
2024-01-28 23:30:00,0.2875,0.2876,0.2872,0.2873,45978.0
2024-01-29 00:00:00,0.2872,0.2873,0.2866,0.2873,54748.8
2024-01-29 00:30:00,0.2874,0.2876,0.2869,0.2869,52211.1
2024-01-29 01:00:00,0.2869,0.2881,0.2869,0.288,61501.3
2024-01-29 01:30:00,0.2879,0.2883,0.2875,0.2876,16793.3
2024-01-29 02:00:00,0.2876,0.288,0.2874,0.2879,7814.5
2024-01-29 02:30:00,0.2879,0.2881,0.2875,0.2876,37074.1
2024-01-29 03:00:00,0.2876,0.2882,0.2876,0.2882,24350.2
2024-01-29 03:30:00,0.2882,0.2884,0.2882,0.2882,2008.4
2024-01-29 04:00:00,0.2882,0.2883,0.288,0.288,7062.4
2024-01-29 04:30:00,0.2879,0.2881,0.2879,0.2881,3284.8
2024-01-29 05:00:00,0.2881,0.2883,0.2876,0.2876,48067.0
2024-01-29 05:30:00,0.2876,0.2878,0.2876,0.2877,10295.4
2024-01-29 06:00:00,0.2878,0.288,0.2876,0.288,6566.3
2024-01-29 06:30:00,0.2879,0.2881,0.2879,0.2879,3192.6
2024-01-29 07:00:00,0.2881,0.2884,0.2881,0.2882,14120.3
2024-01-29 07:30:00,0.2881,0.2881,0.2873,0.2875,35264.7
2024-01-29 08:00:00,0.2876,0.2882,0.2867,0.2873,132925.6
2024-01-29 08:30:00,0.2874,0.288,0.2873,0.288,19925.1
2024-01-29 09:00:00,0.288,0.2885,0.2875,0.2884,17606.4
2024-01-29 09:30:00,0.2884,0.2887,0.2884,0.2887,35954.0
2024-01-29 10:00:00,0.2887,0.2888,0.2884,0.2884,8818.8
2024-01-29 10:30:00,0.2884,0.289,0.2884,0.2887,19863.9
2024-01-29 11:00:00,0.2888,0.2888,0.2882,0.2882,21678.9
2024-01-29 11:30:00,0.2881,0.2881,0.2874,0.2874,35841.6
2024-01-29 12:00:00,0.2875,0.2881,0.2873,0.2875,46269.3
2024-01-29 12:30:00,0.2873,0.2874,0.2869,0.2873,137698.7
2024-01-29 13:00:00,0.2871,0.2873,0.2867,0.2867,79162.1
2024-01-29 13:30:00,0.2868,0.2872,0.2865,0.2869,97756.4
2024-01-29 14:00:00,0.2868,0.2874,0.286,0.2864,148298.8
2024-01-29 14:30:00,0.2866,0.2868,0.2848,0.2863,362745.7
2024-01-29 15:00:00,0.2863,0.2865,0.2845,0.2858,420279.9
2024-01-29 15:30:00,0.2857,0.2868,0.2856,0.2868,99266.2
2024-01-29 16:00:00,0.2868,0.2873,0.2863,0.287,104706.5
2024-01-29 16:30:00,0.287,0.2887,0.2868,0.2877,431527.3
2024-01-29 17:00:00,0.2878,0.2899,0.2875,0.2888,1003309.9
2024-01-29 17:30:00,0.2887,0.2891,0.2879,0.2879,64977.1
2024-01-29 18:00:00,0.2879,0.2888,0.2879,0.2884,26899.7
2024-01-29 18:30:00,0.2884,0.2885,0.2878,0.2883,25260.1
2024-01-29 19:00:00,0.2883,0.2887,0.2863,0.2877,321648.7
2024-01-29 19:30:00,0.2878,0.288,0.2873,0.2874,64471.4
2024-01-29 20:00:00,0.2873,0.288,0.2872,0.2874,30011.5
2024-01-29 20:30:00,0.2875,0.2879,0.2875,0.2879,11156.6
2024-01-29 21:00:00,0.2878,0.2882,0.2876,0.2881,39638.5
2024-01-29 21:30:00,0.288,0.2882,0.2879,0.2882,20572.4
2024-01-29 22:00:00,0.2881,0.2882,0.2878,0.2882,13291.2
2024-01-29 22:30:00,0.2883,0.2885,0.2878,0.2881,44311.2
2024-01-29 23:00:00,0.2882,0.2882,0.2878,0.2879,16025.8
2024-01-29 23:30:00,0.2878,0.2884,0.2878,0.288,25619.6
2024-01-30 00:00:00,0.288,0.2881,0.2875,0.288,28649.8
2024-01-30 00:30:00,0.2877,0.2877,0.2873,0.2875,29110.4
2024-01-30 01:00:00,0.2875,0.2885,0.2875,0.2885,81658.6
2024-01-30 01:30:00,0.2886,0.2891,0.2879,0.288,84580.5
2024-01-30 02:00:00,0.2881,0.2886,0.2879,0.2882,16560.3
2024-01-30 02:30:00,0.288,0.289,0.2876,0.2877,158818.4
2024-01-30 03:00:00,0.2878,0.2885,0.2874,0.2875,54000.2
2024-01-30 03:30:00,0.2876,0.2881,0.2875,0.2881,56671.4
2024-01-30 04:00:00,0.2882,0.2887,0.2881,0.2886,16326.0
2024-01-30 04:30:00,0.2886,0.2893,0.2886,0.2891,129275.4
2024-01-30 05:00:00,0.2891,0.2896,0.2889,0.2889,50838.1
2024-01-30 05:30:00,0.2889,0.2889,0.2882,0.2885,53663.6
2024-01-30 06:00:00,0.2884,0.2884,0.2878,0.2879,47581.8
2024-01-30 06:30:00,0.2878,0.2887,0.2874,0.2886,133931.0
2024-01-30 07:00:00,0.2887,0.289,0.2883,0.289,16636.9
2024-01-30 07:30:00,0.289,0.289,0.2884,0.2886,20680.3
2024-01-30 08:00:00,0.2888,0.2895,0.2883,0.2895,62057.5
2024-01-30 08:30:00,0.2895,0.2904,0.2895,0.2903,317454.3
2024-01-30 09:00:00,0.2904,0.2911,0.2898,0.2898,135021.3
2024-01-30 09:30:00,0.2898,0.2903,0.2897,0.2898,23889.1
2024-01-30 10:00:00,0.2898,0.2903,0.2896,0.2903,18954.0
2024-01-30 10:30:00,0.2904,0.2909,0.2904,0.2909,31520.9
2024-01-30 11:00:00,0.2909,0.291,0.2906,0.291,7577.7
2024-01-30 11:30:00,0.291,0.2912,0.2905,0.2911,95231.8
2024-01-30 12:00:00,0.2911,0.2913,0.2901,0.2901,80633.1
2024-01-30 12:30:00,0.29,0.2902,0.2892,0.2896,85415.4
2024-01-30 13:00:00,0.2896,0.2899,0.2884,0.2888,27061.8
2024-01-30 13:30:00,0.2888,0.2894,0.2888,0.2894,16932.2
2024-01-30 14:00:00,0.2894,0.2896,0.2886,0.2895,37537.7
2024-01-30 14:30:00,0.2893,0.2896,0.289,0.2895,34885.9
2024-01-30 15:00:00,0.2896,0.2904,0.2891,0.2904,111418.4
2024-01-30 15:30:00,0.2902,0.2907,0.2898,0.2898,86867.9
2024-01-30 16:00:00,0.2898,0.2904,0.2893,0.2903,42321.5
2024-01-30 16:30:00,0.2905,0.2908,0.2904,0.2907,26471.3
2024-01-30 17:00:00,0.2907,0.291,0.29,0.29,44318.5
2024-01-30 17:30:00,0.29,0.2901,0.2898,0.2901,19885.3
2024-01-30 18:00:00,0.2901,0.2901,0.2893,0.2895,69503.7
2024-01-30 18:30:00,0.2895,0.2898,0.2895,0.2895,2547.9
2024-01-30 19:00:00,0.2894,0.2894,0.2889,0.289,62920.5
2024-01-30 19:30:00,0.289,0.2895,0.2888,0.2894,78190.6
2024-01-30 20:00:00,0.2894,0.2897,0.289,0.2893,39602.8
2024-01-30 20:30:00,0.2893,0.2895,0.2889,0.289,6022.1
2024-01-30 21:00:00,0.2889,0.289,0.2887,0.2889,61347.6
2024-01-30 21:30:00,0.2889,0.2891,0.2888,0.2888,7714.0
2024-01-30 22:00:00,0.2887,0.2888,0.2886,0.2887,20252.6
2024-01-30 22:30:00,0.2885,0.2891,0.2885,0.2885,8692.4
2024-01-30 23:00:00,0.2886,0.289,0.2882,0.2882,76518.3
2024-01-30 23:30:00,0.2882,0.2887,0.288,0.2882,113035.2
2024-01-31 00:00:00,0.2883,0.2883,0.2874,0.288,246568.5
2024-01-31 00:30:00,0.2879,0.2884,0.2874,0.2884,41157.5
2024-01-31 01:00:00,0.2887,0.289,0.2881,0.2881,53974.8
2024-01-31 01:30:00,0.2879,0.2885,0.2876,0.2883,16696.9
2024-01-31 02:00:00,0.2884,0.2886,0.2875,0.2885,123443.7
2024-01-31 02:30:00,0.2885,0.2888,0.2881,0.2887,12193.4
2024-01-31 03:00:00,0.2888,0.289,0.2887,0.2889,15042.3
2024-01-31 03:30:00,0.289,0.2894,0.2888,0.2893,7617.3
2024-01-31 04:00:00,0.2894,0.2896,0.2889,0.289,53116.3
2024-01-31 04:30:00,0.2889,0.2889,0.2884,0.2888,3161.5
2024-01-31 05:00:00,0.289,0.2893,0.2881,0.2881,63210.4
2024-01-31 05:30:00,0.2881,0.2892,0.2881,0.2888,20831.0
2024-01-31 06:00:00,0.2889,0.289,0.2885,0.2889,4354.8
2024-01-31 06:30:00,0.289,0.289,0.2881,0.2881,9352.7
2024-01-31 07:00:00,0.2882,0.289,0.2881,0.2888,51975.5
2024-01-31 07:30:00,0.2888,0.289,0.2885,0.2885,19507.4
2024-01-31 08:00:00,0.2885,0.2888,0.2874,0.2882,170036.6
2024-01-31 08:30:00,0.2882,0.2883,0.2876,0.2878,16611.7
2024-01-31 09:00:00,0.2877,0.288,0.2871,0.2873,155150.9
2024-01-31 09:30:00,0.2873,0.2878,0.2871,0.2871,65891.0
2024-01-31 10:00:00,0.2871,0.2875,0.2871,0.2872,51876.8
2024-01-31 10:30:00,0.2873,0.2873,0.2866,0.2867,139288.1
2024-01-31 11:00:00,0.2867,0.2867,0.2861,0.2864,230463.0
2024-01-31 11:30:00,0.2864,0.287,0.2864,0.287,9044.1
2024-01-31 12:00:00,0.287,0.287,0.2864,0.2868,23433.3
2024-01-31 12:30:00,0.2868,0.2868,0.2864,0.2867,22840.2
2024-01-31 13:00:00,0.2866,0.2866,0.2861,0.2863,57536.6
2024-01-31 13:30:00,0.2863,0.2872,0.2863,0.2863,23927.8
2024-01-31 14:00:00,0.2863,0.2864,0.2858,0.2864,187787.6
2024-01-31 14:30:00,0.2863,0.2873,0.2861,0.2861,94511.7
2024-01-31 15:00:00,0.2861,0.2865,0.2853,0.2865,288688.4
2024-01-31 15:30:00,0.2865,0.2873,0.2865,0.287,114437.5
2024-01-31 16:00:00,0.2872,0.2873,0.2867,0.2873,23191.3
2024-01-31 16:30:00,0.2873,0.2875,0.2867,0.2872,64864.1
2024-01-31 17:00:00,0.2871,0.2874,0.2864,0.2865,33792.0
2024-01-31 17:30:00,0.2868,0.2871,0.2866,0.2871,20376.9
2024-01-31 18:00:00,0.2872,0.2872,0.2867,0.287,20397.3
2024-01-31 18:30:00,0.287,0.287,0.2859,0.286,47107.4
2024-01-31 19:00:00,0.2861,0.2864,0.2855,0.2858,157761.5
2024-01-31 19:30:00,0.2858,0.2869,0.2856,0.2862,107027.6
2024-01-31 20:00:00,0.2862,0.2867,0.2854,0.2865,232262.9
2024-01-31 20:30:00,0.2864,0.2864,0.2855,0.2855,54333.5
2024-01-31 21:00:00,0.2855,0.2859,0.2852,0.2852,148564.3
2024-01-31 21:30:00,0.2852,0.2857,0.2851,0.2856,63296.5
2024-01-31 22:00:00,0.2856,0.2859,0.2851,0.2855,24117.4
2024-01-31 22:30:00,0.2855,0.2861,0.2855,0.2858,19912.9
2024-01-31 23:00:00,0.2858,0.2862,0.2856,0.2857,12828.1
2024-01-31 23:30:00,0.2857,0.2858,0.2854,0.2855,6722.3
2024-02-01 00:00:00,0.2855,0.2866,0.2855,0.2865,42478.1
2024-02-01 00:30:00,0.2864,0.2865,0.2858,0.2864,12680.8
2024-02-01 01:00:00,0.2861,0.2861,0.2838,0.2846,495508.9
2024-02-01 01:30:00,0.2847,0.2852,0.2842,0.2847,191248.2
2024-02-01 02:00:00,0.2847,0.2857,0.2846,0.2854,28850.3
2024-02-01 02:30:00,0.2852,0.2856,0.2851,0.2855,12457.6
2024-02-01 03:00:00,0.2856,0.2859,0.285,0.285,77738.6
2024-02-01 03:30:00,0.2851,0.2853,0.2844,0.2847,93415.1
2024-02-01 04:00:00,0.2847,0.2849,0.2846,0.2848,13333.4
2024-02-01 04:30:00,0.2848,0.2853,0.2845,0.2849,99880.8
2024-02-01 05:00:00,0.2849,0.2852,0.2846,0.2846,7907.4
2024-02-01 05:30:00,0.2846,0.2852,0.2846,0.2852,5231.6
2024-02-01 06:00:00,0.2851,0.2851,0.2844,0.2845,43468.5
2024-02-01 06:30:00,0.2846,0.2854,0.2846,0.2854,6550.4
2024-02-01 07:00:00,0.2853,0.2857,0.285,0.2857,9196.4
2024-02-01 07:30:00,0.2858,0.2861,0.2851,0.2851,20504.8
2024-02-01 08:00:00,0.2851,0.2857,0.285,0.2857,17590.5
2024-02-01 08:30:00,0.2856,0.2861,0.2856,0.2859,7166.4
2024-02-01 09:00:00,0.286,0.2862,0.2858,0.2861,9322.6
2024-02-01 09:30:00,0.2861,0.2861,0.2858,0.286,6309.0
2024-02-01 10:00:00,0.286,0.2862,0.286,0.2861,8333.4
2024-02-01 10:30:00,0.2861,0.2862,0.2859,0.286,24012.3
2024-02-01 11:00:00,0.286,0.2861,0.2858,0.286,8329.5
2024-02-01 11:30:00,0.286,0.2862,0.2857,0.2858,29258.5
2024-02-01 12:00:00,0.2859,0.2863,0.2859,0.2863,44906.1
2024-02-01 12:30:00,0.2862,0.2862,0.286,0.286,4107.9
2024-02-01 13:00:00,0.286,0.286,0.2855,0.286,13624.5
2024-02-01 13:30:00,0.2861,0.2862,0.286,0.2862,2787.4
2024-02-01 14:00:00,0.2862,0.2864,0.2861,0.2864,24049.2
2024-02-01 14:30:00,0.2864,0.2867,0.2861,0.2861,114430.7
2024-02-01 15:00:00,0.2861,0.2868,0.2861,0.2866,41560.7
2024-02-01 15:30:00,0.2867,0.2867,0.2856,0.2857,25501.0
2024-02-01 16:00:00,0.2857,0.2857,0.285,0.285,58538.0
2024-02-01 16:30:00,0.285,0.286,0.2848,0.2859,109008.8
2024-02-01 17:00:00,0.2859,0.2863,0.2857,0.2861,71063.6
2024-02-01 17:30:00,0.2862,0.2865,0.2857,0.286,24691.4
2024-02-01 18:00:00,0.2861,0.2861,0.2855,0.2856,11467.9
2024-02-01 18:30:00,0.2856,0.286,0.2852,0.2854,44776.2
2024-02-01 19:00:00,0.2855,0.286,0.2855,0.2858,6814.0
2024-02-01 19:30:00,0.2858,0.2868,0.2858,0.2865,126284.7
2024-02-01 20:00:00,0.2866,0.2867,0.2855,0.2858,181528.8
2024-02-01 20:30:00,0.2855,0.2857,0.2852,0.2852,15158.4
2024-02-01 21:00:00,0.2854,0.2859,0.2853,0.2857,5541.4
2024-02-01 21:30:00,0.2853,0.2854,0.2853,0.2854,412.3
2024-02-01 22:00:00,0.2854,0.2854,0.285,0.2851,51620.7
2024-02-01 22:30:00,0.285,0.2852,0.285,0.2851,26115.2
2024-02-01 23:00:00,0.2851,0.2852,0.2849,0.2852,9421.4
2024-02-01 23:30:00,0.2852,0.2855,0.2852,0.2855,9420.7
2024-02-02 00:00:00,0.2855,0.2861,0.2853,0.2859,18179.3
2024-02-02 00:30:00,0.2857,0.2859,0.2857,0.2857,9612.9
2024-02-02 01:00:00,0.2858,0.2862,0.2857,0.2861,50512.1
2024-02-02 01:30:00,0.286,0.2861,0.2854,0.2855,11075.3
2024-02-02 02:00:00,0.2854,0.2855,0.2851,0.2851,33870.5
2024-02-02 02:30:00,0.2851,0.2854,0.285,0.2853,9615.3
2024-02-02 03:00:00,0.2853,0.2853,0.2849,0.285,15217.5
2024-02-02 03:30:00,0.2852,0.2852,0.2849,0.285,1231.9
2024-02-02 04:00:00,0.285,0.285,0.2845,0.285,295033.3
2024-02-02 04:30:00,0.2849,0.2849,0.2844,0.2844,5605.6
2024-02-02 05:00:00,0.2844,0.2846,0.2843,0.2846,25859.6
2024-02-02 05:30:00,0.2847,0.2847,0.2845,0.2847,6706.5
2024-02-02 06:00:00,0.2848,0.2854,0.2848,0.2854,23919.1
2024-02-02 06:30:00,0.2853,0.2855,0.2852,0.2855,13213.0
2024-02-02 07:00:00,0.2854,0.2855,0.2852,0.2854,28308.5
2024-02-02 07:30:00,0.2854,0.2857,0.2851,0.2851,54034.3
2024-02-02 08:00:00,0.2852,0.2854,0.2845,0.2847,66219.8
2024-02-02 08:30:00,0.2847,0.2848,0.2843,0.2844,80171.2
2024-02-02 09:00:00,0.2844,0.2846,0.2842,0.2846,18340.7
2024-02-02 09:30:00,0.2847,0.2847,0.2845,0.2845,2303.2
2024-02-02 10:00:00,0.2845,0.2848,0.2842,0.2848,22734.2
2024-02-02 10:30:00,0.2848,0.2853,0.2848,0.2853,8734.7
2024-02-02 11:00:00,0.2854,0.2855,0.285,0.2855,17128.6
2024-02-02 11:30:00,0.2855,0.2855,0.2852,0.2853,7832.7
2024-02-02 12:00:00,0.2853,0.2855,0.2851,0.2855,8861.4
2024-02-02 12:30:00,0.2855,0.2855,0.285,0.2851,9086.5
2024-02-02 13:00:00,0.2851,0.2851,0.2849,0.285,6980.3
2024-02-02 13:30:00,0.2849,0.2849,0.2838,0.2839,63882.3
2024-02-02 14:00:00,0.284,0.2848,0.284,0.2848,22227.5
2024-02-02 14:30:00,0.2849,0.2851,0.2847,0.285,6124.7
2024-02-02 15:00:00,0.2847,0.2854,0.2847,0.2851,71976.0
2024-02-02 15:30:00,0.2853,0.2857,0.2851,0.2856,44022.9
2024-02-02 16:00:00,0.2857,0.2859,0.2851,0.2853,70137.6
2024-02-02 16:30:00,0.2853,0.2857,0.2852,0.2856,13636.0
2024-02-02 17:00:00,0.2856,0.2857,0.2853,0.2853,8121.1
2024-02-02 17:30:00,0.2855,0.2855,0.2846,0.2847,24421.3
2024-02-02 18:00:00,0.2847,0.2848,0.2843,0.2846,73734.8
2024-02-02 18:30:00,0.2846,0.2847,0.2845,0.2846,7873.9
2024-02-02 19:00:00,0.2849,0.2849,0.2844,0.2845,8127.3
2024-02-02 19:30:00,0.2846,0.2851,0.2844,0.2851,6003.9
2024-02-02 20:00:00,0.2851,0.2852,0.2847,0.2851,15066.1
2024-02-02 20:30:00,0.2851,0.2852,0.2848,0.2848,10362.6
2024-02-02 21:00:00,0.2849,0.2857,0.2849,0.2857,5590.3
2024-02-02 21:30:00,0.2856,0.2857,0.2851,0.2852,26219.8
2024-02-02 22:00:00,0.2852,0.2859,0.2852,0.2858,42566.4
2024-02-02 22:30:00,0.2858,0.2858,0.2852,0.2855,11567.3
2024-02-02 23:00:00,0.2855,0.2857,0.2852,0.2853,5088.8
2024-02-02 23:30:00,0.2851,0.2853,0.2851,0.2853,752.0
2024-02-03 00:00:00,0.2856,0.286,0.2854,0.286,14062.3
2024-02-03 00:30:00,0.286,0.286,0.2853,0.2853,9894.9
2024-02-03 01:00:00,0.2854,0.286,0.2854,0.2859,10330.4
2024-02-03 01:30:00,0.2858,0.2858,0.2855,0.2857,5054.7
2024-02-03 02:00:00,0.2857,0.2858,0.2851,0.2851,10036.4
2024-02-03 02:30:00,0.2851,0.2852,0.2848,0.2848,7187.7
2024-02-03 03:00:00,0.285,0.2851,0.2847,0.2847,22545.1
2024-02-03 03:30:00,0.2848,0.2851,0.2846,0.285,48784.1
2024-02-03 04:00:00,0.285,0.2851,0.285,0.285,15639.1
2024-02-03 04:30:00,0.285,0.285,0.2848,0.285,6102.1
2024-02-03 05:00:00,0.285,0.2852,0.285,0.2851,6018.7
2024-02-03 05:30:00,0.2851,0.2852,0.285,0.2852,6476.7
2024-02-03 06:00:00,0.2852,0.2854,0.2848,0.2848,10155.3
2024-02-03 06:30:00,0.2848,0.2848,0.2846,0.2847,51243.0
2024-02-03 07:00:00,0.2847,0.2847,0.2844,0.2846,25350.7
2024-02-03 07:30:00,0.2846,0.2847,0.284,0.2842,107751.5
2024-02-03 08:00:00,0.2843,0.2847,0.2843,0.2845,10365.2
2024-02-03 08:30:00,0.2846,0.2847,0.2843,0.2843,3835.9
2024-02-03 09:00:00,0.2844,0.2848,0.2843,0.2848,17471.2
2024-02-03 09:30:00,0.2849,0.2849,0.2849,0.2849,702.9
2024-02-03 10:00:00,0.2848,0.2848,0.2846,0.2846,19484.4
2024-02-03 10:30:00,0.2845,0.2846,0.2843,0.2846,7704.0
2024-02-03 11:00:00,0.2846,0.2849,0.2843,0.2843,9437.0
2024-02-03 11:30:00,0.2842,0.2847,0.2842,0.2846,33067.6
2024-02-03 12:00:00,0.2846,0.2847,0.2832,0.2839,276398.1
2024-02-03 12:30:00,0.284,0.2842,0.2838,0.2842,33163.0
2024-02-03 13:00:00,0.2843,0.2843,0.2841,0.2842,1164.0
2024-02-03 13:30:00,0.2843,0.2845,0.2841,0.2845,9099.2
2024-02-03 14:00:00,0.2844,0.2844,0.2839,0.2841,10919.9
2024-02-03 14:30:00,0.2841,0.2841,0.2838,0.2838,29035.2
2024-02-03 15:00:00,0.2838,0.2842,0.2835,0.2842,76076.3
2024-02-03 15:30:00,0.2841,0.2844,0.284,0.2843,7685.4
2024-02-03 16:00:00,0.2843,0.2846,0.2843,0.2843,6835.1
2024-02-03 16:30:00,0.2843,0.2843,0.2841,0.2843,7596.2
2024-02-03 17:00:00,0.2843,0.2844,0.2836,0.2837,112779.8
2024-02-03 17:30:00,0.2837,0.2839,0.2826,0.2831,644917.1
2024-02-03 18:00:00,0.2832,0.2846,0.283,0.2834,113478.0
2024-02-03 18:30:00,0.2834,0.2834,0.2826,0.2828,65925.1
2024-02-03 19:00:00,0.2829,0.2832,0.2827,0.2831,15536.8
2024-02-03 19:30:00,0.283,0.2833,0.2829,0.2833,11398.0
2024-02-03 20:00:00,0.2834,0.2834,0.2827,0.2828,28527.3
2024-02-03 20:30:00,0.2828,0.2833,0.2827,0.2829,41040.4
2024-02-03 21:00:00,0.2831,0.2832,0.2827,0.2828,3582.1
2024-02-03 21:30:00,0.2828,0.283,0.2827,0.2827,1679.1
2024-02-03 22:00:00,0.2829,0.283,0.2826,0.283,16938.5
2024-02-03 22:30:00,0.283,0.2832,0.2828,0.2828,2900.5
2024-02-03 23:00:00,0.2829,0.2834,0.2828,0.2831,9940.0
2024-02-03 23:30:00,0.283,0.2831,0.2828,0.283,16674.6
2024-02-04 00:00:00,0.283,0.2833,0.2825,0.2826,82247.9
2024-02-04 00:30:00,0.2827,0.2829,0.2823,0.2825,115375.5
2024-02-04 01:00:00,0.2825,0.2827,0.2824,0.2827,45451.7
2024-02-04 01:30:00,0.2827,0.283,0.2827,0.283,3742.9
2024-02-04 02:00:00,0.2829,0.2829,0.2826,0.2827,3390.8
2024-02-04 02:30:00,0.2827,0.2828,0.2823,0.2823,3905.0
2024-02-04 03:00:00,0.2823,0.2826,0.2823,0.2824,2021.6
2024-02-04 03:30:00,0.2824,0.2825,0.2824,0.2825,2188.5
2024-02-04 04:00:00,0.2825,0.2825,0.2819,0.2821,64563.4
2024-02-04 04:30:00,0.2822,0.2823,0.2821,0.2821,15819.2
2024-02-04 05:00:00,0.282,0.2822,0.282,0.2822,5311.8
2024-02-04 05:30:00,0.282,0.2821,0.282,0.282,9668.0
2024-02-04 06:00:00,0.2821,0.2827,0.282,0.282,35121.6
2024-02-04 06:30:00,0.282,0.2822,0.2819,0.2819,16112.1
2024-02-04 07:00:00,0.282,0.2823,0.2818,0.2822,39194.1
2024-02-04 07:30:00,0.2823,0.2824,0.2818,0.2821,25388.6
2024-02-04 08:00:00,0.2821,0.2831,0.282,0.2825,54612.9
2024-02-04 08:30:00,0.2826,0.2826,0.2818,0.2818,10165.8
2024-02-04 09:00:00,0.282,0.2826,0.2817,0.2826,29955.2
2024-02-04 09:30:00,0.2825,0.2825,0.2822,0.2823,2214.7
2024-02-04 10:00:00,0.2822,0.2822,0.2821,0.2821,193.5
2024-02-04 10:30:00,0.2821,0.2822,0.2816,0.2818,82113.3
2024-02-04 11:00:00,0.2821,0.2824,0.282,0.2824,11021.5
2024-02-04 11:30:00,0.2823,0.2825,0.2822,0.2822,11625.6
2024-02-04 12:00:00,0.2822,0.2826,0.2821,0.2826,11185.2
2024-02-04 12:30:00,0.2828,0.2829,0.2821,0.2821,24505.3
2024-02-04 13:00:00,0.2821,0.2824,0.2821,0.2822,4653.7
2024-02-04 13:30:00,0.2822,0.2822,0.2821,0.2822,1966.4
2024-02-04 14:00:00,0.2822,0.2825,0.282,0.2824,16962.1
2024-02-04 14:30:00,0.2824,0.2824,0.282,0.282,6727.4
2024-02-04 15:00:00,0.282,0.2822,0.2818,0.2819,29835.7
2024-02-04 15:30:00,0.2823,0.2826,0.2823,0.2826,1804.9
2024-02-04 16:00:00,0.2826,0.2826,0.282,0.282,4261.0
2024-02-04 16:30:00,0.2823,0.2824,0.282,0.2824,12740.8
2024-02-04 17:00:00,0.2821,0.2824,0.2816,0.282,49303.2
2024-02-04 17:30:00,0.2821,0.2822,0.2818,0.2822,8713.3
2024-02-04 18:00:00,0.2823,0.2825,0.2818,0.2819,28367.0
2024-02-04 18:30:00,0.2818,0.282,0.2817,0.2818,6782.7
2024-02-04 19:00:00,0.2819,0.2821,0.2814,0.2818,72807.4
2024-02-04 19:30:00,0.2818,0.2818,0.2816,0.2818,3005.7
2024-02-04 20:00:00,0.2818,0.2821,0.2809,0.2809,321585.7
2024-02-04 20:30:00,0.2809,0.2823,0.2807,0.282,89158.7
2024-02-04 21:00:00,0.2823,0.2823,0.2819,0.2819,2137.6
2024-02-04 21:30:00,0.2821,0.2821,0.281,0.2812,53294.9
2024-02-04 22:00:00,0.2812,0.2814,0.2807,0.2809,72175.1
2024-02-04 22:30:00,0.2809,0.2809,0.2802,0.2806,102654.0
2024-02-04 23:00:00,0.2806,0.2808,0.2806,0.2807,19960.1
2024-02-04 23:30:00,0.2807,0.2808,0.2806,0.2807,13242.7
2024-02-05 00:00:00,0.2807,0.2812,0.2802,0.2812,102299.8
2024-02-05 00:30:00,0.2812,0.2812,0.2805,0.2805,16824.0
2024-02-05 01:00:00,0.2805,0.2807,0.2802,0.2803,129860.5
2024-02-05 01:30:00,0.2804,0.281,0.2804,0.2808,46625.5
2024-02-05 02:00:00,0.2809,0.2812,0.2807,0.2811,7387.3
2024-02-05 02:30:00,0.2809,0.2813,0.2809,0.2809,6271.4
2024-02-05 03:00:00,0.2809,0.2815,0.2807,0.2815,44185.7
2024-02-05 03:30:00,0.2814,0.2816,0.2813,0.2816,23588.2
2024-02-05 04:00:00,0.2816,0.2817,0.2815,0.2815,30350.3
2024-02-05 04:30:00,0.2814,0.2814,0.2808,0.281,12229.0
2024-02-05 05:00:00,0.281,0.281,0.2809,0.2809,299.3
2024-02-05 05:30:00,0.2808,0.281,0.2808,0.281,5664.6
2024-02-05 06:00:00,0.2809,0.2812,0.2809,0.2811,5044.7
2024-02-05 06:30:00,0.281,0.281,0.2804,0.2809,25463.1
2024-02-05 07:00:00,0.281,0.2813,0.2807,0.2813,11626.7
2024-02-05 07:30:00,0.2813,0.2815,0.2811,0.2811,20517.7
2024-02-05 08:00:00,0.2809,0.2811,0.2804,0.2805,13625.3
2024-02-05 08:30:00,0.2806,0.2807,0.2804,0.2806,12983.9
2024-02-05 09:00:00,0.2807,0.2807,0.2805,0.2805,3015.2
2024-02-05 09:30:00,0.2804,0.2805,0.2804,0.2805,21148.0
2024-02-05 10:00:00,0.2805,0.2812,0.2805,0.2812,12698.8
2024-02-05 10:30:00,0.2811,0.2813,0.2811,0.2811,1004.4
2024-02-05 11:00:00,0.2812,0.2814,0.281,0.2811,19054.3
2024-02-05 11:30:00,0.2812,0.2817,0.2811,0.2817,20709.3
2024-02-05 12:00:00,0.2817,0.2817,0.2809,0.2811,10373.3
2024-02-05 12:30:00,0.281,0.2814,0.281,0.2813,10236.0
2024-02-05 13:00:00,0.2813,0.2814,0.2811,0.2812,15523.0
2024-02-05 13:30:00,0.2812,0.2819,0.2812,0.2815,52583.0
2024-02-05 14:00:00,0.2814,0.2819,0.2814,0.2818,8107.2
2024-02-05 14:30:00,0.2815,0.2818,0.2808,0.2809,11922.9
2024-02-05 15:00:00,0.2808,0.281,0.2801,0.2804,72135.1
2024-02-05 15:30:00,0.2804,0.2807,0.2798,0.2798,137187.8
2024-02-05 16:00:00,0.2801,0.2805,0.2797,0.2797,30678.7
2024-02-05 16:30:00,0.28,0.2804,0.28,0.2803,30292.5
2024-02-05 17:00:00,0.2803,0.2805,0.2798,0.2798,15827.6
2024-02-05 17:30:00,0.2801,0.2805,0.28,0.28,12643.8
2024-02-05 18:00:00,0.2801,0.2803,0.2797,0.2798,43716.5
2024-02-05 18:30:00,0.2798,0.2801,0.2797,0.2801,17790.8
2024-02-05 19:00:00,0.2802,0.2803,0.2802,0.2803,3101.1
2024-02-05 19:30:00,0.2804,0.2804,0.2797,0.2798,11624.6
2024-02-05 20:00:00,0.2797,0.2798,0.2794,0.2798,94951.7
2024-02-05 20:30:00,0.28,0.2804,0.28,0.2804,4521.7
2024-02-05 21:00:00,0.2804,0.2805,0.2797,0.2797,14571.6
2024-02-05 21:30:00,0.2798,0.2798,0.2794,0.2794,2303.0
2024-02-05 22:00:00,0.2793,0.2797,0.2793,0.2793,33891.7
2024-02-05 22:30:00,0.2793,0.2796,0.2791,0.2795,23679.2
2024-02-05 23:00:00,0.2794,0.2799,0.2793,0.2799,8616.3
2024-02-05 23:30:00,0.28,0.2822,0.2751,0.2804,903421.2
2024-02-06 00:00:00,0.2803,0.2803,0.2794,0.2794,30729.5
2024-02-06 00:30:00,0.2795,0.2798,0.2794,0.2794,21838.7
2024-02-06 01:00:00,0.2795,0.2802,0.2793,0.28,41772.8
2024-02-06 01:30:00,0.28,0.28,0.2794,0.2795,3623.7
2024-02-06 02:00:00,0.2795,0.28,0.2795,0.28,12826.9
2024-02-06 02:30:00,0.28,0.2804,0.28,0.28,47337.6
2024-02-06 03:00:00,0.2801,0.2802,0.28,0.2801,9291.1
2024-02-06 03:30:00,0.2799,0.2801,0.2796,0.2799,52561.4
2024-02-06 04:00:00,0.2799,0.28,0.2795,0.2799,11856.8
2024-02-06 04:30:00,0.2798,0.28,0.2797,0.2797,31857.6
2024-02-06 05:00:00,0.2797,0.2797,0.2781,0.2791,353603.8
2024-02-06 05:30:00,0.2789,0.2792,0.2789,0.2789,11519.8
2024-02-06 06:00:00,0.2789,0.2792,0.2789,0.2791,29676.5
2024-02-06 06:30:00,0.2792,0.2794,0.2792,0.2794,325.5
2024-02-06 07:00:00,0.2794,0.2794,0.279,0.2792,5908.3
2024-02-06 07:30:00,0.2792,0.2794,0.279,0.2792,39633.9
2024-02-06 08:00:00,0.2792,0.2797,0.279,0.2792,20231.2
2024-02-06 08:30:00,0.2792,0.2795,0.2791,0.2794,11804.6
2024-02-06 09:00:00,0.2794,0.2796,0.279,0.2793,24013.5
2024-02-06 09:30:00,0.2792,0.2793,0.2791,0.2792,2233.1
2024-02-06 10:00:00,0.2791,0.2792,0.2791,0.2791,10369.2
2024-02-06 10:30:00,0.2792,0.2794,0.2787,0.2791,87695.4
2024-02-06 11:00:00,0.2792,0.2793,0.2787,0.2793,84088.1
2024-02-06 11:30:00,0.2791,0.2792,0.2789,0.279,946.1
2024-02-06 12:00:00,0.279,0.2793,0.2787,0.2789,32792.1
2024-02-06 12:30:00,0.279,0.2791,0.2781,0.2789,50888.5
2024-02-06 13:00:00,0.2789,0.2792,0.2787,0.2792,14686.4
2024-02-06 13:30:00,0.2793,0.2795,0.2787,0.2788,93141.4
2024-02-06 14:00:00,0.2788,0.2789,0.2785,0.2787,27800.5
2024-02-06 14:30:00,0.2788,0.2792,0.2784,0.2784,101062.9
2024-02-06 15:00:00,0.2784,0.2791,0.2784,0.279,78951.1
2024-02-06 15:30:00,0.2789,0.2792,0.2787,0.279,13381.4
2024-02-06 16:00:00,0.2792,0.2793,0.2787,0.2792,12601.6
2024-02-06 16:30:00,0.2792,0.2794,0.2788,0.2788,8552.9
2024-02-06 17:00:00,0.2787,0.2791,0.2785,0.2789,28745.7
2024-02-06 17:30:00,0.2788,0.2788,0.2784,0.2785,5819.8
2024-02-06 18:00:00,0.2784,0.2785,0.2784,0.2784,21987.9
2024-02-06 18:30:00,0.2784,0.279,0.2783,0.2789,36916.3
2024-02-06 19:00:00,0.279,0.2793,0.2787,0.279,27284.7
2024-02-06 19:30:00,0.279,0.2792,0.2788,0.2792,11288.1
2024-02-06 20:00:00,0.2792,0.2795,0.2788,0.2788,28491.8
2024-02-06 20:30:00,0.2788,0.2792,0.2788,0.2792,6172.8
2024-02-06 21:00:00,0.2792,0.2792,0.2789,0.2791,3455.5
2024-02-06 21:30:00,0.2788,0.2789,0.2788,0.2789,3383.3
2024-02-06 22:00:00,0.2788,0.279,0.2787,0.279,3323.5
2024-02-06 22:30:00,0.279,0.2794,0.279,0.2794,1166.7
2024-02-06 23:00:00,0.2793,0.2793,0.2787,0.2788,19644.0
2024-02-06 23:30:00,0.279,0.2791,0.2785,0.2786,29004.8
2024-02-07 00:00:00,0.2788,0.2792,0.2784,0.2791,11486.0
2024-02-07 00:30:00,0.2792,0.2792,0.2789,0.2789,1105.2
2024-02-07 01:00:00,0.2792,0.2796,0.2791,0.2792,89283.6
2024-02-07 01:30:00,0.2792,0.2795,0.2791,0.2791,4411.3
2024-02-07 02:00:00,0.2792,0.2792,0.2789,0.279,12529.5
2024-02-07 02:30:00,0.2789,0.2793,0.2789,0.2793,3303.8
2024-02-07 03:00:00,0.279,0.279,0.2788,0.279,5572.6
2024-02-07 03:30:00,0.2787,0.2791,0.2786,0.2787,38179.6
2024-02-07 04:00:00,0.2787,0.279,0.2786,0.2788,9057.9
2024-02-07 04:30:00,0.2787,0.279,0.2785,0.2786,40366.3
2024-02-07 05:00:00,0.2786,0.279,0.2785,0.2789,26509.7
2024-02-07 05:30:00,0.2788,0.2792,0.2788,0.2789,15389.5
2024-02-07 06:00:00,0.2787,0.2787,0.2784,0.2785,23922.8
2024-02-07 06:30:00,0.2785,0.2786,0.2784,0.2785,6676.1
2024-02-07 07:00:00,0.2784,0.2788,0.2784,0.2787,27474.8
2024-02-07 07:30:00,0.2787,0.2787,0.2784,0.2785,25353.1
2024-02-07 08:00:00,0.2785,0.2785,0.2784,0.2785,27317.8
2024-02-07 08:30:00,0.2784,0.2787,0.2779,0.2787,67223.3
2024-02-07 09:00:00,0.2787,0.2787,0.2782,0.2785,42124.8
2024-02-07 09:30:00,0.2785,0.2789,0.2784,0.2786,16191.6
2024-02-07 10:00:00,0.2785,0.2788,0.2784,0.2786,97524.6
2024-02-07 10:30:00,0.2786,0.2787,0.2782,0.2782,46300.1
2024-02-07 11:00:00,0.2783,0.2788,0.2782,0.2786,20977.0
2024-02-07 11:30:00,0.2786,0.2786,0.2768,0.2781,525082.7
2024-02-07 12:00:00,0.2782,0.2783,0.2779,0.278,6050.9
2024-02-07 12:30:00,0.278,0.2782,0.2779,0.2782,5173.8
2024-02-07 13:00:00,0.2781,0.2783,0.2779,0.278,16054.3
2024-02-07 13:30:00,0.2781,0.2782,0.2778,0.2781,29298.0
2024-02-07 14:00:00,0.278,0.2783,0.2774,0.2776,149333.9
2024-02-07 14:30:00,0.2776,0.2781,0.2773,0.2774,35186.6
2024-02-07 15:00:00,0.2774,0.2781,0.2773,0.2781,18830.2
2024-02-07 15:30:00,0.2781,0.2781,0.2778,0.278,4756.1
2024-02-07 16:00:00,0.278,0.2787,0.278,0.2782,163909.3
2024-02-07 16:30:00,0.2783,0.2786,0.2782,0.2785,9003.6
2024-02-07 17:00:00,0.2785,0.2788,0.2785,0.2788,57220.9
2024-02-07 17:30:00,0.2788,0.2792,0.2784,0.2787,86387.9
2024-02-07 18:00:00,0.2787,0.2792,0.2787,0.2789,41664.0
2024-02-07 18:30:00,0.2791,0.2792,0.2786,0.2791,22848.6
2024-02-07 19:00:00,0.2791,0.2792,0.2785,0.2788,8799.1
2024-02-07 19:30:00,0.2787,0.279,0.2785,0.2789,13988.3
2024-02-07 20:00:00,0.2791,0.2792,0.2787,0.2791,47105.7
2024-02-07 20:30:00,0.2792,0.2794,0.2791,0.2794,39012.4
2024-02-07 21:00:00,0.2794,0.2794,0.2791,0.2793,19804.5
2024-02-07 21:30:00,0.2794,0.2797,0.2792,0.2797,68401.0
2024-02-07 22:00:00,0.2797,0.2799,0.2795,0.2796,13664.8
2024-02-07 22:30:00,0.2796,0.2797,0.279,0.2791,18340.9
2024-02-07 23:00:00,0.2792,0.2794,0.2791,0.2794,21628.0
2024-02-07 23:30:00,0.2792,0.2794,0.2792,0.2794,9630.6
2024-02-08 00:00:00,0.2794,0.2797,0.2792,0.2795,69800.3
2024-02-08 00:30:00,0.2795,0.2799,0.2793,0.2798,11598.3
2024-02-08 01:00:00,0.2799,0.2799,0.2795,0.2798,39337.2
2024-02-08 01:30:00,0.2797,0.2799,0.2793,0.2799,4417.2
2024-02-08 02:00:00,0.2798,0.2799,0.2794,0.2796,17302.4
2024-02-08 02:30:00,0.2799,0.2799,0.2795,0.2799,11257.3
2024-02-08 03:00:00,0.2798,0.2799,0.2797,0.2799,7959.4
2024-02-08 03:30:00,0.2797,0.2798,0.2797,0.2797,4424.7
2024-02-08 04:00:00,0.2798,0.28,0.2797,0.28,13056.5
2024-02-08 04:30:00,0.2799,0.2803,0.2799,0.2802,55587.0
2024-02-08 05:00:00,0.2802,0.2802,0.2795,0.2798,18935.8
2024-02-08 05:30:00,0.2798,0.2806,0.2795,0.2802,381399.8
2024-02-08 06:00:00,0.2802,0.2806,0.2802,0.2806,55761.4
2024-02-08 06:30:00,0.2805,0.2806,0.2802,0.2803,11136.3
2024-02-08 07:00:00,0.2803,0.2805,0.2801,0.2804,34289.5
2024-02-08 07:30:00,0.2804,0.2808,0.2804,0.2807,69421.6
2024-02-08 08:00:00,0.2808,0.281,0.2806,0.2806,78354.5
2024-02-08 08:30:00,0.2805,0.2807,0.2804,0.2804,24233.8
2024-02-08 09:00:00,0.2805,0.2805,0.2801,0.2803,45035.9
2024-02-08 09:30:00,0.2804,0.2806,0.2801,0.2804,32254.1
2024-02-08 10:00:00,0.2803,0.2805,0.2802,0.2804,11169.4
2024-02-08 10:30:00,0.2805,0.2806,0.2802,0.2803,39895.5
2024-02-08 11:00:00,0.2802,0.2803,0.28,0.2801,5721.9
2024-02-08 11:30:00,0.28,0.28,0.2793,0.2793,85135.9
2024-02-08 12:00:00,0.2793,0.2795,0.2791,0.2795,41972.5
2024-02-08 12:30:00,0.2794,0.2795,0.2789,0.2794,61727.7
2024-02-08 13:00:00,0.2794,0.2797,0.2788,0.2791,59088.7
2024-02-08 13:30:00,0.2791,0.2795,0.2786,0.2795,80202.5
2024-02-08 14:00:00,0.2795,0.28,0.2794,0.28,55748.0
2024-02-08 14:30:00,0.28,0.2801,0.2795,0.2798,72679.7
2024-02-08 15:00:00,0.2798,0.2801,0.2792,0.28,34622.3
2024-02-08 15:30:00,0.28,0.2802,0.2798,0.2798,4909.3
2024-02-08 16:00:00,0.2798,0.2801,0.2793,0.2794,19020.1
2024-02-08 16:30:00,0.2794,0.2794,0.2786,0.279,111812.9
2024-02-08 17:00:00,0.2789,0.2797,0.2789,0.2797,26477.7
2024-02-08 17:30:00,0.2798,0.2799,0.2797,0.2798,9666.4
2024-02-08 18:00:00,0.2798,0.2801,0.2796,0.2801,25768.8
2024-02-08 18:30:00,0.2801,0.2801,0.2796,0.2798,30813.4
2024-02-08 19:00:00,0.2798,0.2798,0.2794,0.2796,1303.0
2024-02-08 19:30:00,0.2795,0.2795,0.2794,0.2795,19923.1
2024-02-08 20:00:00,0.2795,0.28,0.2795,0.2799,5475.5
2024-02-08 20:30:00,0.2798,0.2801,0.2796,0.2801,20594.6
2024-02-08 21:00:00,0.28,0.2802,0.2799,0.2801,47147.2
2024-02-08 21:30:00,0.28,0.2802,0.28,0.28,5922.4
2024-02-08 22:00:00,0.2799,0.2802,0.2797,0.2799,5309.3
2024-02-08 22:30:00,0.28,0.2801,0.2799,0.28,2297.8
2024-02-08 23:00:00,0.2799,0.2801,0.2799,0.28,4047.7
2024-02-08 23:30:00,0.2801,0.2803,0.2801,0.2801,1421.2
2024-02-09 00:00:00,0.2801,0.2804,0.2801,0.2803,64083.4
2024-02-09 00:30:00,0.2801,0.2802,0.2799,0.28,4322.4
2024-02-09 01:00:00,0.2802,0.2803,0.28,0.2802,28095.9
2024-02-09 01:30:00,0.2802,0.2805,0.2802,0.2805,1600.7
2024-02-09 02:00:00,0.2805,0.2807,0.2804,0.2806,51185.6
2024-02-09 02:30:00,0.2806,0.281,0.2805,0.281,143418.5
2024-02-09 03:00:00,0.2809,0.281,0.2806,0.2809,43428.3
2024-02-09 03:30:00,0.2809,0.281,0.2808,0.2808,13465.2
2024-02-09 04:00:00,0.2809,0.2811,0.2805,0.2806,68473.3
2024-02-09 04:30:00,0.2805,0.2806,0.2796,0.28,177798.2
2024-02-09 05:00:00,0.28,0.2801,0.2796,0.2801,36353.3
2024-02-09 05:30:00,0.2799,0.2802,0.2798,0.2802,29407.5
2024-02-09 06:00:00,0.2801,0.2801,0.2797,0.2798,8619.2
2024-02-09 06:30:00,0.2797,0.2802,0.2797,0.2802,5557.3
2024-02-09 07:00:00,0.2801,0.2806,0.2801,0.2805,11415.7
2024-02-09 07:30:00,0.2805,0.2808,0.2804,0.2807,25762.4
2024-02-09 08:00:00,0.2807,0.281,0.2806,0.281,167633.3
2024-02-09 08:30:00,0.281,0.2813,0.281,0.2813,75929.0
2024-02-09 09:00:00,0.2813,0.2814,0.281,0.2814,44377.1
2024-02-09 09:30:00,0.2813,0.2815,0.281,0.281,22415.1
2024-02-09 10:00:00,0.2811,0.2818,0.2811,0.2816,149801.9
2024-02-09 10:30:00,0.2816,0.2816,0.281,0.2814,112686.4
2024-02-09 11:00:00,0.2813,0.2816,0.2811,0.2813,6552.8
2024-02-09 11:30:00,0.2813,0.2819,0.2812,0.2819,99946.5
2024-02-09 12:00:00,0.2819,0.2829,0.2816,0.2816,256390.8
2024-02-09 12:30:00,0.2819,0.2825,0.2819,0.2825,86443.2
2024-02-09 13:00:00,0.2825,0.2826,0.2823,0.2826,45893.8
2024-02-09 13:30:00,0.2826,0.2827,0.2823,0.2826,57231.3
2024-02-09 14:00:00,0.2827,0.283,0.2801,0.281,424281.5
2024-02-09 14:30:00,0.2811,0.2816,0.2805,0.2808,159771.3
2024-02-09 15:00:00,0.2809,0.2809,0.2804,0.2807,66617.7
2024-02-09 15:30:00,0.2808,0.2813,0.2807,0.2808,33102.7
2024-02-09 16:00:00,0.2808,0.2814,0.2806,0.281,192913.0
2024-02-09 16:30:00,0.2809,0.2816,0.2809,0.2813,20240.7
2024-02-09 17:00:00,0.2814,0.2816,0.2806,0.2816,169449.0
2024-02-09 17:30:00,0.2816,0.2821,0.2815,0.282,144760.8
2024-02-09 18:00:00,0.2821,0.2823,0.2819,0.2823,106369.4
2024-02-09 18:30:00,0.2823,0.2824,0.2816,0.2818,49244.5
2024-02-09 19:00:00,0.2819,0.2821,0.2813,0.2816,41248.0
2024-02-09 19:30:00,0.2818,0.282,0.2816,0.282,12483.0
2024-02-09 20:00:00,0.2819,0.2826,0.2819,0.2821,165033.5
2024-02-09 20:30:00,0.282,0.2826,0.282,0.2824,31638.4
2024-02-09 21:00:00,0.2825,0.2826,0.2817,0.2819,153026.5
2024-02-09 21:30:00,0.2818,0.2826,0.2818,0.2826,18854.2
2024-02-09 22:00:00,0.2827,0.2827,0.2818,0.2824,38715.2
2024-02-09 22:30:00,0.2824,0.2824,0.2819,0.2821,40595.0
2024-02-09 23:00:00,0.2821,0.2827,0.2821,0.2824,17665.8
2024-02-09 23:30:00,0.2824,0.2827,0.2821,0.2826,22026.4
2024-02-10 00:00:00,0.2827,0.283,0.2827,0.2829,116931.6
2024-02-10 00:30:00,0.2828,0.2828,0.2822,0.2825,125625.4
2024-02-10 01:00:00,0.2825,0.2829,0.2822,0.2828,17782.4
2024-02-10 01:30:00,0.2828,0.2831,0.2827,0.2831,62387.7
2024-02-10 02:00:00,0.2831,0.2831,0.283,0.2831,62103.8
2024-02-10 02:30:00,0.283,0.2832,0.283,0.2832,14480.9
2024-02-10 03:00:00,0.2832,0.2834,0.2831,0.2833,50090.2
2024-02-10 03:30:00,0.2833,0.2834,0.2829,0.2829,14442.0
2024-02-10 04:00:00,0.283,0.283,0.2819,0.2819,79687.3
2024-02-10 04:30:00,0.2819,0.2829,0.2819,0.2829,34488.4
2024-02-10 05:00:00,0.2829,0.2829,0.2823,0.2824,15222.9
2024-02-10 05:30:00,0.2823,0.2825,0.2821,0.2821,15062.6
2024-02-10 06:00:00,0.2822,0.2824,0.2821,0.2821,17295.8
2024-02-10 06:30:00,0.2821,0.2824,0.282,0.2821,12425.1
2024-02-10 07:00:00,0.2821,0.2821,0.2817,0.2818,65486.1
2024-02-10 07:30:00,0.2817,0.2824,0.2816,0.2822,99609.1
2024-02-10 08:00:00,0.2818,0.2819,0.2817,0.2818,9264.0
2024-02-10 08:30:00,0.2817,0.2818,0.2814,0.2814,53102.9
2024-02-10 09:00:00,0.2814,0.2816,0.2814,0.2815,4381.3
2024-02-10 09:30:00,0.2816,0.2816,0.2813,0.2813,44732.9
2024-02-10 10:00:00,0.2813,0.2815,0.281,0.2811,192986.4
2024-02-10 10:30:00,0.2812,0.2812,0.2801,0.2805,280788.0
2024-02-10 11:00:00,0.2806,0.281,0.2805,0.281,9788.9
2024-02-10 11:30:00,0.281,0.2811,0.2807,0.281,7913.6
2024-02-10 12:00:00,0.281,0.281,0.2806,0.2807,12303.2
2024-02-10 12:30:00,0.2806,0.2809,0.2806,0.2807,20986.2
2024-02-10 13:00:00,0.2807,0.2807,0.2804,0.2806,43191.6
2024-02-10 13:30:00,0.2805,0.281,0.2805,0.281,15895.2
2024-02-10 14:00:00,0.281,0.281,0.2806,0.2808,13800.7
2024-02-10 14:30:00,0.2808,0.281,0.2805,0.2808,13471.7
2024-02-10 15:00:00,0.2808,0.281,0.2805,0.2808,17547.7
2024-02-10 15:30:00,0.2808,0.2809,0.2807,0.2808,11563.3
2024-02-10 16:00:00,0.281,0.2812,0.2806,0.2812,74745.1
2024-02-10 16:30:00,0.2813,0.2815,0.2812,0.2813,38822.1
2024-02-10 17:00:00,0.2812,0.2815,0.2811,0.2813,11864.7
2024-02-10 17:30:00,0.2813,0.2814,0.281,0.281,3469.4
2024-02-10 18:00:00,0.2809,0.2809,0.2806,0.2809,50910.7
2024-02-10 18:30:00,0.2809,0.2809,0.2805,0.2806,14114.5
2024-02-10 19:00:00,0.2806,0.281,0.2804,0.2809,55934.7
2024-02-10 19:30:00,0.2809,0.2809,0.2804,0.2804,39377.0
2024-02-10 20:00:00,0.2805,0.2807,0.2805,0.2805,15650.3
2024-02-10 20:30:00,0.2804,0.2813,0.2804,0.2812,26830.7
2024-02-10 21:00:00,0.2811,0.2816,0.2811,0.2816,67703.9
2024-02-10 21:30:00,0.2816,0.2818,0.2814,0.2818,42839.7
2024-02-10 22:00:00,0.2816,0.2817,0.2809,0.281,18643.9
2024-02-10 22:30:00,0.2811,0.2811,0.2806,0.2807,24614.7
2024-02-10 23:00:00,0.2808,0.281,0.2806,0.2806,8397.7
2024-02-10 23:30:00,0.2806,0.2807,0.2805,0.2806,18122.7
2024-02-11 00:00:00,0.2808,0.2808,0.2806,0.2808,12156.2
2024-02-11 00:30:00,0.2809,0.2813,0.2809,0.2812,10597.3
2024-02-11 01:00:00,0.2813,0.2817,0.2809,0.281,7891.5
2024-02-11 01:30:00,0.2812,0.2815,0.2812,0.2812,4675.1
2024-02-11 02:00:00,0.2814,0.2817,0.2814,0.2815,36449.8
2024-02-11 02:30:00,0.2814,0.2815,0.2812,0.2812,1018.7
2024-02-11 03:00:00,0.2812,0.2814,0.2812,0.2814,5578.8
2024-02-11 03:30:00,0.2815,0.2817,0.2812,0.2814,76965.1
2024-02-11 04:00:00,0.2814,0.2819,0.2814,0.2819,7181.6
2024-02-11 04:30:00,0.2818,0.2819,0.2814,0.2814,31312.5
2024-02-11 05:00:00,0.2813,0.2817,0.2812,0.2816,5485.6
2024-02-11 05:30:00,0.2816,0.2817,0.2815,0.2816,9044.0
2024-02-11 06:00:00,0.2817,0.2819,0.2815,0.2815,24283.4
2024-02-11 06:30:00,0.2816,0.2819,0.2816,0.2817,17176.5
2024-02-11 07:00:00,0.2817,0.282,0.2817,0.282,64849.4
2024-02-11 07:30:00,0.282,0.282,0.2817,0.282,22817.0
2024-02-11 08:00:00,0.282,0.2824,0.2818,0.2824,90603.2
2024-02-11 08:30:00,0.2824,0.283,0.2821,0.2828,201542.2
2024-02-11 09:00:00,0.283,0.2831,0.2827,0.283,70195.4
2024-02-11 09:30:00,0.283,0.283,0.2821,0.2821,21270.0
2024-02-11 10:00:00,0.2821,0.2822,0.2817,0.2822,42674.1
2024-02-11 10:30:00,0.2823,0.2824,0.2819,0.282,28622.7
2024-02-11 11:00:00,0.282,0.2827,0.282,0.2823,109613.4
2024-02-11 11:30:00,0.2823,0.2826,0.282,0.2824,42638.8
2024-02-11 12:00:00,0.2824,0.2831,0.2823,0.2828,29955.0
2024-02-11 12:30:00,0.2829,0.2836,0.2829,0.2834,149750.9
2024-02-11 13:00:00,0.2834,0.2839,0.2827,0.2828,126515.8
2024-02-11 13:30:00,0.2831,0.2835,0.2825,0.2828,39201.4
2024-02-11 14:00:00,0.2829,0.2832,0.2815,0.2824,141480.9
2024-02-11 14:30:00,0.2824,0.2835,0.2824,0.2829,23755.0
2024-02-11 15:00:00,0.283,0.2831,0.2826,0.2827,18373.3
2024-02-11 15:30:00,0.2826,0.2827,0.2824,0.2825,45118.7
2024-02-11 16:00:00,0.2825,0.2828,0.282,0.282,45853.8
2024-02-11 16:30:00,0.2821,0.2822,0.2818,0.2821,14069.4
2024-02-11 17:00:00,0.282,0.2825,0.282,0.2822,17318.6
2024-02-11 17:30:00,0.2824,0.2827,0.2822,0.2827,17616.7
2024-02-11 18:00:00,0.2825,0.2826,0.282,0.282,11675.8
2024-02-11 18:30:00,0.282,0.2825,0.2817,0.2824,15501.4
2024-02-11 19:00:00,0.2822,0.2827,0.2822,0.2826,11471.9
2024-02-11 19:30:00,0.2827,0.2828,0.2824,0.2824,13584.5
2024-02-11 20:00:00,0.2825,0.2827,0.2824,0.2826,2019.7
2024-02-11 20:30:00,0.2827,0.2828,0.2814,0.2814,94633.6
2024-02-11 21:00:00,0.2814,0.2819,0.2813,0.2814,45796.2
2024-02-11 21:30:00,0.2814,0.282,0.2814,0.2818,8713.9
2024-02-11 22:00:00,0.2818,0.2823,0.2818,0.2822,10908.9
2024-02-11 22:30:00,0.2823,0.2824,0.2819,0.2819,23256.4
2024-02-11 23:00:00,0.2819,0.282,0.2816,0.2818,12919.9
2024-02-11 23:30:00,0.2818,0.2822,0.2815,0.2822,10994.5
2024-02-12 00:00:00,0.2823,0.2827,0.2821,0.2827,41242.3
2024-02-12 00:30:00,0.2827,0.2829,0.2824,0.2829,15219.3
2024-02-12 01:00:00,0.283,0.283,0.2823,0.2827,26347.6
2024-02-12 01:30:00,0.2828,0.2828,0.2822,0.2826,5985.0
2024-02-12 02:00:00,0.2826,0.2827,0.2817,0.2817,66021.2
2024-02-12 02:30:00,0.2818,0.2818,0.281,0.2813,174362.6
2024-02-12 03:00:00,0.2813,0.2818,0.2811,0.2818,33841.0
2024-02-12 03:30:00,0.2818,0.2818,0.2816,0.2816,5447.5
2024-02-12 04:00:00,0.2815,0.2815,0.281,0.2814,31008.6
2024-02-12 04:30:00,0.2814,0.2814,0.2809,0.2812,51202.7
2024-02-12 05:00:00,0.2813,0.2816,0.2812,0.2816,8681.9
2024-02-12 05:30:00,0.2817,0.2817,0.2811,0.2812,37958.1
2024-02-12 06:00:00,0.2811,0.2811,0.281,0.281,14836.6
2024-02-12 06:30:00,0.281,0.2814,0.2803,0.2813,157159.2
2024-02-12 07:00:00,0.2814,0.2819,0.2812,0.2819,20434.1
2024-02-12 07:30:00,0.2819,0.2819,0.2813,0.2816,10547.0
2024-02-12 08:00:00,0.2815,0.2817,0.2814,0.2817,4542.7
2024-02-12 08:30:00,0.2817,0.2818,0.2813,0.2813,4992.5
2024-02-12 09:00:00,0.2812,0.2812,0.2807,0.2808,49870.0
2024-02-12 09:30:00,0.2808,0.2809,0.2804,0.2809,112782.3
2024-02-12 10:00:00,0.2808,0.2814,0.2808,0.2814,25595.0
2024-02-12 10:30:00,0.2815,0.2819,0.2814,0.2817,20235.0
2024-02-12 11:00:00,0.2815,0.2817,0.2805,0.2805,35753.0
2024-02-12 11:30:00,0.2806,0.2806,0.2804,0.2806,33245.3
2024-02-12 12:00:00,0.2808,0.2813,0.2805,0.2808,21523.1
2024-02-12 12:30:00,0.2808,0.2809,0.2803,0.2808,36941.5
2024-02-12 13:00:00,0.2807,0.2807,0.2803,0.2805,46696.3
2024-02-12 13:30:00,0.2806,0.2806,0.2805,0.2805,8626.4
2024-02-12 14:00:00,0.2804,0.2809,0.2803,0.2809,12258.0
2024-02-12 14:30:00,0.2808,0.2819,0.2808,0.2819,35597.4
2024-02-12 15:00:00,0.2818,0.2823,0.2814,0.2823,107284.1
2024-02-12 15:30:00,0.2822,0.2824,0.2815,0.2816,208381.6
2024-02-12 16:00:00,0.2816,0.2818,0.2806,0.2817,93694.0
2024-02-12 16:30:00,0.2817,0.2821,0.2814,0.2821,56374.8
2024-02-12 17:00:00,0.282,0.2828,0.282,0.2827,176636.3
2024-02-12 17:30:00,0.2826,0.2833,0.2818,0.282,212906.2
2024-02-12 18:00:00,0.2822,0.2834,0.2822,0.2832,49602.9
2024-02-12 18:30:00,0.2831,0.2839,0.2829,0.2836,194585.6
2024-02-12 19:00:00,0.2834,0.2839,0.2834,0.2837,57420.6
2024-02-12 19:30:00,0.2839,0.2839,0.2818,0.2819,56704.2
2024-02-12 20:00:00,0.2819,0.2832,0.2819,0.283,24771.4
2024-02-12 20:30:00,0.2831,0.2831,0.2824,0.2831,35187.4
2024-02-12 21:00:00,0.283,0.2834,0.2822,0.2831,84619.6
2024-02-12 21:30:00,0.2832,0.2832,0.2822,0.2823,17888.6
2024-02-12 22:00:00,0.2823,0.2831,0.2823,0.2831,38632.5
2024-02-12 22:30:00,0.2832,0.2837,0.283,0.2836,103892.5
2024-02-12 23:00:00,0.2836,0.2841,0.2835,0.2839,127128.1
2024-02-12 23:30:00,0.2838,0.2841,0.2836,0.2838,55087.4
2024-02-13 00:00:00,0.2839,0.2843,0.2835,0.2839,150940.2
2024-02-13 00:30:00,0.2841,0.2843,0.2838,0.2842,42424.3
2024-02-13 01:00:00,0.2842,0.2843,0.284,0.284,13895.6
2024-02-13 01:30:00,0.2839,0.2842,0.2834,0.2837,19051.3
2024-02-13 02:00:00,0.2837,0.2837,0.2827,0.2831,34794.7
2024-02-13 02:30:00,0.2829,0.2829,0.2822,0.2823,32792.1
2024-02-13 03:00:00,0.2824,0.2828,0.2823,0.2825,34226.3
2024-02-13 03:30:00,0.2824,0.2824,0.2815,0.2819,316011.0
2024-02-13 04:00:00,0.2821,0.2826,0.2821,0.2823,31395.2
2024-02-13 04:30:00,0.2823,0.2892,0.2823,0.2883,3022365.0
2024-02-13 05:00:00,0.2882,0.2882,0.2861,0.2862,108814.1
2024-02-13 05:30:00,0.2862,0.2862,0.2853,0.2861,75090.4
2024-02-13 06:00:00,0.2861,0.2862,0.2854,0.2855,51264.9
2024-02-13 06:30:00,0.2855,0.2861,0.2851,0.2859,67398.8
2024-02-13 07:00:00,0.286,0.2867,0.286,0.2862,44876.7
2024-02-13 07:30:00,0.2862,0.2871,0.2861,0.287,79139.2
2024-02-13 08:00:00,0.2871,0.2873,0.2868,0.2873,71253.4
2024-02-13 08:30:00,0.2873,0.2875,0.2867,0.2874,44514.7
2024-02-13 09:00:00,0.2872,0.2874,0.2868,0.2872,18220.4
2024-02-13 09:30:00,0.2872,0.2876,0.2872,0.2875,90328.7
2024-02-13 10:00:00,0.2873,0.2877,0.2866,0.2872,33442.5
2024-02-13 10:30:00,0.2872,0.2874,0.2858,0.2858,25948.6
2024-02-13 11:00:00,0.2858,0.2867,0.2855,0.2862,42164.9
2024-02-13 11:30:00,0.2859,0.2867,0.2859,0.2866,16518.7
2024-02-13 12:00:00,0.2865,0.2866,0.286,0.2864,43925.7
2024-02-13 12:30:00,0.2863,0.2866,0.2859,0.2862,47646.2
2024-02-13 13:00:00,0.2861,0.2861,0.2852,0.2853,105049.2
2024-02-13 13:30:00,0.2853,0.286,0.2833,0.2851,722876.9
2024-02-13 14:00:00,0.2851,0.2856,0.2834,0.2839,437723.9
2024-02-13 14:30:00,0.2838,0.2846,0.2835,0.2837,137046.0
2024-02-13 15:00:00,0.2838,0.2845,0.2834,0.2844,43194.8
2024-02-13 15:30:00,0.2844,0.2852,0.2842,0.2846,44386.5
2024-02-13 16:00:00,0.2848,0.2853,0.284,0.2843,57735.5
2024-02-13 16:30:00,0.2847,0.2849,0.2836,0.2837,134186.7
2024-02-13 17:00:00,0.2837,0.2847,0.2836,0.2846,26027.1
2024-02-13 17:30:00,0.2847,0.2852,0.2844,0.2851,18797.2
2024-02-13 18:00:00,0.2851,0.2856,0.2848,0.2853,44549.1
2024-02-13 18:30:00,0.2853,0.2857,0.285,0.2857,34621.5
2024-02-13 19:00:00,0.2857,0.2857,0.2849,0.285,23964.1
2024-02-13 19:30:00,0.2853,0.2854,0.2845,0.2845,15833.4
2024-02-13 20:00:00,0.2846,0.285,0.2845,0.2849,21140.3
2024-02-13 20:30:00,0.2851,0.2853,0.2842,0.2849,64662.0
2024-02-13 21:00:00,0.285,0.2854,0.2848,0.2852,24085.6
2024-02-13 21:30:00,0.2852,0.2853,0.2844,0.2844,16621.2
2024-02-13 22:00:00,0.2848,0.285,0.2843,0.2845,23312.9
2024-02-13 22:30:00,0.2845,0.2857,0.2845,0.2855,33765.9
2024-02-13 23:00:00,0.2856,0.2865,0.2856,0.2858,124584.2
2024-02-13 23:30:00,0.2859,0.2867,0.2855,0.2859,221710.2
2024-02-14 00:00:00,0.2861,0.2861,0.2859,0.2859,12054.2
2024-02-14 00:30:00,0.2861,0.2861,0.2851,0.2852,47956.3
2024-02-14 01:00:00,0.2852,0.2852,0.2845,0.2845,31568.5
2024-02-14 01:30:00,0.2846,0.2848,0.2843,0.2846,17451.4
2024-02-14 02:00:00,0.2847,0.2853,0.2847,0.2848,23282.5
2024-02-14 02:30:00,0.2851,0.2858,0.2851,0.2857,24723.4
2024-02-14 03:00:00,0.2858,0.2861,0.2857,0.286,47124.7
2024-02-14 03:30:00,0.2859,0.286,0.2854,0.2857,31733.2
2024-02-14 04:00:00,0.2857,0.2861,0.2855,0.2855,47095.0
2024-02-14 04:30:00,0.2855,0.2864,0.2854,0.286,90411.7
2024-02-14 05:00:00,0.286,0.2864,0.2818,0.2842,2154840.5
2024-02-14 05:30:00,0.2842,0.2846,0.2838,0.2843,53092.4
2024-02-14 06:00:00,0.284,0.2865,0.2837,0.2856,1286781.2
2024-02-14 06:30:00,0.2858,0.2891,0.2855,0.2872,1477655.1
2024-02-14 07:00:00,0.2872,0.2875,0.287,0.2872,34941.6
2024-02-14 07:30:00,0.2874,0.2884,0.287,0.2879,340426.0
2024-02-14 08:00:00,0.2881,0.2882,0.2871,0.2876,77106.8
2024-02-14 08:30:00,0.2877,0.2888,0.2876,0.2886,136433.2
2024-02-14 09:00:00,0.2886,0.2892,0.2878,0.2881,171482.8
2024-02-14 09:30:00,0.2881,0.2895,0.2881,0.289,125714.5
2024-02-14 10:00:00,0.2888,0.2889,0.2879,0.2882,51189.7
2024-02-14 10:30:00,0.2883,0.2889,0.2882,0.2887,50110.4
2024-02-14 11:00:00,0.2888,0.2888,0.2878,0.2887,45987.5
2024-02-14 11:30:00,0.2884,0.289,0.2884,0.2887,146634.3
2024-02-14 12:00:00,0.2888,0.2891,0.2887,0.289,73828.1
2024-02-14 12:30:00,0.289,0.2891,0.2875,0.2876,78612.0
2024-02-14 13:00:00,0.2876,0.2886,0.2876,0.2885,37423.7
2024-02-14 13:30:00,0.2884,0.2887,0.2879,0.2885,107242.2
2024-02-14 14:00:00,0.2884,0.2884,0.2875,0.2878,75862.1
2024-02-14 14:30:00,0.2877,0.2881,0.2867,0.2868,28932.4
2024-02-14 15:00:00,0.2869,0.2873,0.2858,0.2873,174786.0
2024-02-14 15:30:00,0.2872,0.2877,0.2869,0.2871,51394.6
2024-02-14 16:00:00,0.2872,0.2877,0.2861,0.287,27765.9
2024-02-14 16:30:00,0.287,0.2872,0.2866,0.2866,69273.1
2024-02-14 17:00:00,0.2866,0.2879,0.2865,0.2879,74856.3
2024-02-14 17:30:00,0.2878,0.2885,0.2877,0.2885,199317.0
2024-02-14 18:00:00,0.2884,0.2887,0.2881,0.2882,138592.0
2024-02-14 18:30:00,0.2883,0.2888,0.2883,0.2886,46951.5
2024-02-14 19:00:00,0.2886,0.2887,0.2879,0.2885,47500.7
2024-02-14 19:30:00,0.2884,0.2888,0.2884,0.2888,69819.8
2024-02-14 20:00:00,0.2888,0.289,0.2886,0.2889,49827.9
2024-02-14 20:30:00,0.2889,0.2891,0.2888,0.289,87860.9
2024-02-14 21:00:00,0.2889,0.2892,0.2887,0.2889,57862.7
2024-02-14 21:30:00,0.289,0.2894,0.2888,0.2893,115229.0
2024-02-14 22:00:00,0.2894,0.2895,0.289,0.2891,29390.5
2024-02-14 22:30:00,0.2892,0.2897,0.2889,0.2896,80418.9
2024-02-14 23:00:00,0.2895,0.2897,0.2888,0.2894,134194.0
2024-02-14 23:30:00,0.2894,0.2898,0.2891,0.2893,57885.4
2024-02-15 00:00:00,0.2894,0.2901,0.2894,0.29,245103.9
2024-02-15 00:30:00,0.29,0.2902,0.289,0.2897,193380.6
2024-02-15 01:00:00,0.2897,0.2897,0.2878,0.2881,100431.4
2024-02-15 01:30:00,0.2881,0.2885,0.2875,0.2882,99157.7
2024-02-15 02:00:00,0.2882,0.2889,0.288,0.2886,65579.8
2024-02-15 02:30:00,0.2886,0.289,0.2882,0.2889,80031.6
2024-02-15 03:00:00,0.2889,0.2894,0.2889,0.2892,66868.1
2024-02-15 03:30:00,0.2893,0.2897,0.2892,0.2896,186350.3
2024-02-15 04:00:00,0.2896,0.2898,0.2894,0.2896,96453.7
2024-02-15 04:30:00,0.2897,0.2897,0.2886,0.2893,130077.4
2024-02-15 05:00:00,0.2892,0.2904,0.2887,0.2904,432858.2
2024-02-15 05:30:00,0.2904,0.2905,0.2882,0.289,197082.3
2024-02-15 06:00:00,0.2892,0.2894,0.2886,0.289,70540.7
2024-02-15 06:30:00,0.289,0.29,0.289,0.2897,47756.3
2024-02-15 07:00:00,0.2896,0.2905,0.2895,0.2904,168581.8
2024-02-15 07:30:00,0.2903,0.2905,0.2894,0.2903,119797.1
2024-02-15 08:00:00,0.2902,0.2913,0.2898,0.2912,420563.8
2024-02-15 08:30:00,0.2912,0.2912,0.2908,0.2911,49672.2
2024-02-15 09:00:00,0.2911,0.2911,0.2904,0.291,73841.2
2024-02-15 09:30:00,0.291,0.2916,0.2909,0.2915,132008.7
2024-02-15 10:00:00,0.2916,0.2919,0.2913,0.2918,188386.4
2024-02-15 10:30:00,0.2917,0.2921,0.2913,0.2918,107548.2
2024-02-15 11:00:00,0.2917,0.2921,0.2917,0.292,55426.3
2024-02-15 11:30:00,0.2921,0.2922,0.2899,0.2906,482981.5
2024-02-15 12:00:00,0.2907,0.2913,0.2896,0.2907,156426.3
2024-02-15 12:30:00,0.2908,0.2913,0.2906,0.2912,121723.7
2024-02-15 13:00:00,0.2912,0.2915,0.2906,0.291,181079.4
2024-02-15 13:30:00,0.291,0.292,0.291,0.2918,246613.5
2024-02-15 14:00:00,0.2918,0.2926,0.2914,0.2926,504154.8
2024-02-15 14:30:00,0.2926,0.2933,0.2924,0.2932,444501.3
2024-02-15 15:00:00,0.2932,0.2936,0.2925,0.2932,258249.8
2024-02-15 15:30:00,0.2932,0.2933,0.2903,0.2923,832382.3
2024-02-15 16:00:00,0.2922,0.2924,0.2895,0.2912,583093.5
2024-02-15 16:30:00,0.2914,0.2919,0.2911,0.2917,267112.6
2024-02-15 17:00:00,0.292,0.292,0.2911,0.2916,83769.3
2024-02-15 17:30:00,0.2918,0.2919,0.2908,0.2909,60660.3
2024-02-15 18:00:00,0.291,0.2917,0.2907,0.2916,45746.1
2024-02-15 18:30:00,0.2916,0.292,0.2915,0.2918,56229.4
2024-02-15 19:00:00,0.2918,0.292,0.2913,0.2913,57394.5
2024-02-15 19:30:00,0.2913,0.2921,0.2911,0.2916,121281.7
2024-02-15 20:00:00,0.2916,0.2918,0.2902,0.2903,75081.0
2024-02-15 20:30:00,0.2903,0.291,0.2902,0.2906,113149.6
2024-02-15 21:00:00,0.2907,0.2915,0.2903,0.291,50190.4
2024-02-15 21:30:00,0.291,0.2912,0.2901,0.2902,74699.1
2024-02-15 22:00:00,0.2902,0.2913,0.2902,0.2912,59444.0
2024-02-15 22:30:00,0.2912,0.2914,0.291,0.2913,32365.3
2024-02-15 23:00:00,0.2913,0.2914,0.2911,0.2914,17170.2
2024-02-15 23:30:00,0.2914,0.2918,0.2914,0.2917,80322.1
2024-02-16 00:00:00,0.2917,0.2918,0.2908,0.2908,68561.8
2024-02-16 00:30:00,0.2908,0.2915,0.2893,0.2912,472104.8
2024-02-16 01:00:00,0.2911,0.2919,0.291,0.2915,79084.1
2024-02-16 01:30:00,0.2915,0.2922,0.2913,0.2921,116616.3
2024-02-16 02:00:00,0.2921,0.2922,0.2914,0.2915,178912.3
2024-02-16 02:30:00,0.2914,0.2917,0.2913,0.2916,57466.3
2024-02-16 03:00:00,0.2916,0.2916,0.2913,0.2914,85755.6
2024-02-16 03:30:00,0.2914,0.2921,0.2911,0.2915,166566.7
2024-02-16 04:00:00,0.2914,0.2914,0.2907,0.2908,102029.6
2024-02-16 04:30:00,0.2908,0.292,0.2908,0.2917,148149.1
2024-02-16 05:00:00,0.2919,0.2922,0.2914,0.2917,69400.9
2024-02-16 05:30:00,0.2916,0.2917,0.2913,0.2913,19615.4
2024-02-16 06:00:00,0.2914,0.2922,0.2913,0.2921,106114.2
2024-02-16 06:30:00,0.2921,0.2921,0.2912,0.2913,136715.9
2024-02-16 07:00:00,0.2913,0.2917,0.2907,0.2909,142600.9
2024-02-16 07:30:00,0.2909,0.2911,0.2906,0.2906,169758.8
2024-02-16 08:00:00,0.2906,0.2918,0.2906,0.2911,83297.1
2024-02-16 08:30:00,0.2911,0.2913,0.2903,0.2911,132077.3
2024-02-16 09:00:00,0.2911,0.2913,0.2902,0.2909,134723.2
2024-02-16 09:30:00,0.2908,0.2913,0.2907,0.2912,64721.9
2024-02-16 10:00:00,0.2913,0.2922,0.2913,0.2915,182489.9
2024-02-16 10:30:00,0.2916,0.2926,0.2915,0.2926,139165.2
2024-02-16 11:00:00,0.2926,0.2927,0.2918,0.2919,69632.8
2024-02-16 11:30:00,0.2919,0.2928,0.2918,0.2923,193901.0
2024-02-16 12:00:00,0.2924,0.2924,0.2916,0.292,75935.2
2024-02-16 12:30:00,0.292,0.2929,0.2919,0.2928,91710.2
2024-02-16 13:00:00,0.2928,0.2931,0.2926,0.293,62764.3
2024-02-16 13:30:00,0.2929,0.2929,0.2914,0.292,105955.0
2024-02-16 14:00:00,0.2919,0.2922,0.2905,0.2909,242285.4
2024-02-16 14:30:00,0.2909,0.2913,0.288,0.2899,589974.6
2024-02-16 15:00:00,0.2899,0.2902,0.2888,0.2895,583972.0
2024-02-16 15:30:00,0.2896,0.2901,0.289,0.2901,199622.9
2024-02-16 16:00:00,0.2902,0.2907,0.2896,0.2904,61861.1
2024-02-16 16:30:00,0.2903,0.2903,0.289,0.2891,106330.7
2024-02-16 17:00:00,0.2891,0.2894,0.2888,0.289,129876.2
2024-02-16 17:30:00,0.2891,0.2891,0.2887,0.289,99582.5
2024-02-16 18:00:00,0.289,0.2892,0.2886,0.2889,126615.4
2024-02-16 18:30:00,0.289,0.2897,0.2887,0.2895,90348.7
2024-02-16 19:00:00,0.2894,0.2908,0.2889,0.2906,345639.4
2024-02-16 19:30:00,0.2906,0.2911,0.2897,0.2898,168905.6
2024-02-16 20:00:00,0.2898,0.2907,0.2896,0.2907,42928.3
2024-02-16 20:30:00,0.2907,0.2911,0.2907,0.2908,59856.9
2024-02-16 21:00:00,0.2908,0.2911,0.29,0.291,63325.9
2024-02-16 21:30:00,0.2909,0.2916,0.2908,0.2912,204274.7
2024-02-16 22:00:00,0.2914,0.2916,0.2908,0.2911,37367.2
2024-02-16 22:30:00,0.2911,0.2916,0.2909,0.2916,33407.1
2024-02-16 23:00:00,0.2915,0.2917,0.2914,0.2915,60926.2
2024-02-16 23:30:00,0.2915,0.292,0.2915,0.2915,131599.4
2024-02-17 00:00:00,0.2917,0.2921,0.2916,0.2917,149750.0
2024-02-17 00:30:00,0.2917,0.2921,0.2915,0.292,82458.9
2024-02-17 01:00:00,0.2919,0.2919,0.2912,0.2913,96446.0
2024-02-17 01:30:00,0.2915,0.2917,0.2905,0.2911,49174.9
2024-02-17 02:00:00,0.2911,0.2914,0.2908,0.2908,25397.4
2024-02-17 02:30:00,0.2908,0.2914,0.2906,0.2914,55817.4
2024-02-17 03:00:00,0.2914,0.2914,0.2911,0.2911,4910.7
2024-02-17 03:30:00,0.2911,0.2916,0.2911,0.2916,22104.7
2024-02-17 04:00:00,0.2916,0.2916,0.2908,0.2909,60957.1
2024-02-17 04:30:00,0.2909,0.2913,0.2908,0.2909,36115.1
2024-02-17 05:00:00,0.291,0.291,0.2905,0.2907,22879.7
2024-02-17 05:30:00,0.2906,0.291,0.2904,0.2908,31909.9
2024-02-17 06:00:00,0.2907,0.291,0.2902,0.2905,29128.8
2024-02-17 06:30:00,0.2906,0.2906,0.2896,0.2901,157992.6
2024-02-17 07:00:00,0.29,0.2902,0.2898,0.2901,110348.8
2024-02-17 07:30:00,0.29,0.2902,0.29,0.29,18299.9
2024-02-17 08:00:00,0.2899,0.2904,0.2896,0.2897,127630.5
2024-02-17 08:30:00,0.2898,0.29,0.289,0.2894,266607.1
2024-02-17 09:00:00,0.2895,0.2902,0.2892,0.2896,102834.6
2024-02-17 09:30:00,0.2897,0.2899,0.2891,0.2891,68330.3
2024-02-17 10:00:00,0.2891,0.2896,0.289,0.2892,47469.6
2024-02-17 10:30:00,0.2892,0.2896,0.2891,0.2893,19233.3
2024-02-17 11:00:00,0.2897,0.2897,0.2893,0.2893,16064.3
2024-02-17 11:30:00,0.2893,0.29,0.2892,0.2897,66901.4
2024-02-17 12:00:00,0.2897,0.2901,0.2856,0.2895,857112.9
2024-02-17 12:30:00,0.2895,0.2903,0.2895,0.2903,70922.4
2024-02-17 13:00:00,0.2902,0.291,0.2896,0.2897,194162.8
2024-02-17 13:30:00,0.2901,0.2902,0.289,0.2891,103406.6
2024-02-17 14:00:00,0.2891,0.2896,0.2891,0.2892,15563.1
2024-02-17 14:30:00,0.2892,0.2893,0.286,0.289,1701930.1
2024-02-17 15:00:00,0.2891,0.2909,0.289,0.2908,674585.8
2024-02-17 15:30:00,0.2908,0.2912,0.2906,0.291,264211.0
2024-02-17 16:00:00,0.2911,0.2911,0.2901,0.2901,37638.2
2024-02-17 16:30:00,0.2902,0.2907,0.2896,0.2905,48753.1
2024-02-17 17:00:00,0.2905,0.2912,0.2905,0.2911,139836.6
2024-02-17 17:30:00,0.291,0.2912,0.2904,0.2905,44584.8
2024-02-17 18:00:00,0.2906,0.2907,0.29,0.2902,44121.6
2024-02-17 18:30:00,0.2905,0.2906,0.2902,0.2903,14338.9
2024-02-17 19:00:00,0.2904,0.291,0.2902,0.291,28404.6
2024-02-17 19:30:00,0.291,0.291,0.2905,0.2907,8677.5
2024-02-17 20:00:00,0.2909,0.2913,0.2909,0.2913,60584.4
2024-02-17 20:30:00,0.2913,0.2916,0.2912,0.2914,95463.0
2024-02-17 21:00:00,0.2914,0.2918,0.2913,0.2916,84471.6
2024-02-17 21:30:00,0.2917,0.2919,0.2915,0.2918,62582.7
2024-02-17 22:00:00,0.2919,0.2921,0.2916,0.2919,184715.0
2024-02-17 22:30:00,0.2921,0.2922,0.2917,0.2921,39940.5
2024-02-17 23:00:00,0.2921,0.2922,0.2918,0.292,15485.6
2024-02-17 23:30:00,0.2921,0.2921,0.2919,0.2921,53640.2
2024-02-18 00:00:00,0.2921,0.2924,0.2916,0.2916,93691.0
2024-02-18 00:30:00,0.2916,0.292,0.2909,0.292,45626.2
2024-02-18 01:00:00,0.2919,0.2922,0.2915,0.2916,125203.5
2024-02-18 01:30:00,0.2915,0.2918,0.2911,0.2912,56650.3
2024-02-18 02:00:00,0.2913,0.2921,0.291,0.2921,140488.4
2024-02-18 02:30:00,0.2921,0.2922,0.2915,0.2917,86478.4
2024-02-18 03:00:00,0.2919,0.2922,0.2918,0.2922,37396.3
2024-02-18 03:30:00,0.2921,0.2922,0.292,0.2921,56256.4
2024-02-18 04:00:00,0.2922,0.2926,0.2921,0.2926,215445.5
2024-02-18 04:30:00,0.2926,0.2928,0.2923,0.2927,133919.2
2024-02-18 05:00:00,0.2928,0.2933,0.2925,0.2933,118713.6
2024-02-18 05:30:00,0.2933,0.2938,0.2931,0.2937,250330.1
2024-02-18 06:00:00,0.2938,0.2939,0.2929,0.293,109047.3
2024-02-18 06:30:00,0.2929,0.293,0.2918,0.2923,210727.0
2024-02-18 07:00:00,0.2924,0.2931,0.2918,0.2929,67521.0
2024-02-18 07:30:00,0.293,0.2934,0.2924,0.2934,151911.6
2024-02-18 08:00:00,0.2934,0.2935,0.2926,0.293,55655.9
2024-02-18 08:30:00,0.293,0.2935,0.293,0.2934,186491.4
2024-02-18 09:00:00,0.2935,0.2937,0.2932,0.2935,71383.8
2024-02-18 09:30:00,0.2936,0.2938,0.2933,0.2937,66743.3
2024-02-18 10:00:00,0.2938,0.294,0.2936,0.2937,147729.7
2024-02-18 10:30:00,0.2936,0.2939,0.2932,0.2935,68553.5
2024-02-18 11:00:00,0.2936,0.2939,0.2926,0.2926,197442.6
2024-02-18 11:30:00,0.2927,0.293,0.2926,0.2929,38993.9
2024-02-18 12:00:00,0.2929,0.2935,0.2927,0.2927,50468.0
2024-02-18 12:30:00,0.2927,0.2929,0.2919,0.2922,201385.9
2024-02-18 13:00:00,0.2923,0.2928,0.292,0.2924,48456.4
2024-02-18 13:30:00,0.2924,0.2925,0.2918,0.2919,135850.6
2024-02-18 14:00:00,0.292,0.2926,0.2918,0.2921,22714.4
2024-02-18 14:30:00,0.2921,0.2928,0.2921,0.2926,49175.0
2024-02-18 15:00:00,0.2927,0.2935,0.2926,0.2934,83720.4
2024-02-18 15:30:00,0.2935,0.2938,0.2931,0.2938,128650.1
2024-02-18 16:00:00,0.2937,0.2938,0.2932,0.2936,118669.1
2024-02-18 16:30:00,0.2935,0.294,0.2935,0.2939,78297.9
2024-02-18 17:00:00,0.2938,0.294,0.2931,0.294,102223.5
2024-02-18 17:30:00,0.2939,0.294,0.2935,0.294,43280.8
2024-02-18 18:00:00,0.2939,0.2941,0.2932,0.2936,73472.9
2024-02-18 18:30:00,0.2935,0.2937,0.2926,0.2937,135495.8
2024-02-18 19:00:00,0.2938,0.2939,0.2935,0.2939,52684.9
2024-02-18 19:30:00,0.2938,0.294,0.2935,0.2935,32792.8
2024-02-18 20:00:00,0.2934,0.2938,0.2924,0.2926,71672.7
2024-02-18 20:30:00,0.2927,0.2927,0.2922,0.2924,61759.3
2024-02-18 21:00:00,0.2926,0.2931,0.2924,0.2931,33314.4
2024-02-18 21:30:00,0.293,0.2934,0.2928,0.293,41278.4
2024-02-18 22:00:00,0.2932,0.2939,0.2929,0.2938,66563.2
2024-02-18 22:30:00,0.2938,0.2939,0.2929,0.2936,88516.0
2024-02-18 23:00:00,0.2935,0.294,0.2934,0.2934,62767.7
2024-02-18 23:30:00,0.2934,0.2935,0.2928,0.2929,38534.1
2024-02-19 00:00:00,0.2929,0.2941,0.2929,0.2941,52177.8
2024-02-19 00:30:00,0.294,0.2944,0.2939,0.294,105696.6
2024-02-19 01:00:00,0.2939,0.2939,0.293,0.293,20580.8
2024-02-19 01:30:00,0.2931,0.2935,0.293,0.2935,25910.0
2024-02-19 02:00:00,0.2936,0.294,0.2935,0.2939,22190.5
2024-02-19 02:30:00,0.2939,0.2943,0.2939,0.2942,69821.6
2024-02-19 03:00:00,0.2942,0.2945,0.2942,0.2945,43499.5
2024-02-19 03:30:00,0.2944,0.2946,0.294,0.2946,23302.4
2024-02-19 04:00:00,0.2945,0.2946,0.2938,0.2946,64835.4
2024-02-19 04:30:00,0.2946,0.2948,0.2945,0.2948,85836.9
2024-02-19 05:00:00,0.2948,0.2949,0.2944,0.2948,61268.3
2024-02-19 05:30:00,0.2948,0.2952,0.2945,0.2951,128707.5
2024-02-19 06:00:00,0.2951,0.2954,0.295,0.2953,77755.6
2024-02-19 06:30:00,0.2953,0.2957,0.2953,0.2956,157829.9
2024-02-19 07:00:00,0.2956,0.2958,0.2953,0.2955,132102.3
2024-02-19 07:30:00,0.2956,0.2957,0.2948,0.2954,114487.0
2024-02-19 08:00:00,0.2954,0.2954,0.2948,0.295,92699.5
2024-02-19 08:30:00,0.295,0.2952,0.293,0.293,412502.7
2024-02-19 09:00:00,0.2931,0.2945,0.2928,0.2942,216169.7
2024-02-19 09:30:00,0.2943,0.2944,0.2933,0.2937,104446.1
2024-02-19 10:00:00,0.2937,0.2942,0.2928,0.2932,220399.9
2024-02-19 10:30:00,0.2933,0.2944,0.2932,0.2944,54973.4
2024-02-19 11:00:00,0.2943,0.2948,0.2943,0.2947,195571.9
2024-02-19 11:30:00,0.2946,0.2948,0.2946,0.2948,25847.3
2024-02-19 12:00:00,0.2947,0.2951,0.2943,0.2948,230472.6
2024-02-19 12:30:00,0.2949,0.2949,0.2938,0.2938,127542.5
2024-02-19 13:00:00,0.2938,0.2947,0.2936,0.2944,86008.1
2024-02-19 13:30:00,0.2946,0.2946,0.2932,0.2935,147448.4
2024-02-19 14:00:00,0.2934,0.2938,0.2927,0.2933,247254.0
2024-02-19 14:30:00,0.2932,0.2939,0.2928,0.2938,115605.6
2024-02-19 15:00:00,0.2938,0.2948,0.2938,0.2944,197611.5
2024-02-19 15:30:00,0.2944,0.2945,0.2937,0.294,51192.8
2024-02-19 16:00:00,0.2941,0.2949,0.2938,0.2948,151630.3
2024-02-19 16:30:00,0.2946,0.2948,0.2921,0.2927,563187.8
2024-02-19 17:00:00,0.2925,0.2935,0.2921,0.2935,256677.9
2024-02-19 17:30:00,0.2935,0.2939,0.2931,0.2932,41991.9
2024-02-19 18:00:00,0.2933,0.294,0.2932,0.2936,34481.9
2024-02-19 18:30:00,0.2937,0.294,0.2933,0.2938,61083.9
2024-02-19 19:00:00,0.2938,0.294,0.2936,0.2938,38738.4
2024-02-19 19:30:00,0.2938,0.294,0.2936,0.2938,71673.7
2024-02-19 20:00:00,0.2937,0.2948,0.2936,0.2943,158005.2
2024-02-19 20:30:00,0.2942,0.2943,0.2939,0.294,144549.9
2024-02-19 21:00:00,0.2939,0.2941,0.2937,0.294,38838.1
2024-02-19 21:30:00,0.2941,0.2945,0.2937,0.2941,77274.7
2024-02-19 22:00:00,0.2942,0.2948,0.2941,0.2943,81734.7
2024-02-19 22:30:00,0.2942,0.2947,0.2937,0.2946,74887.3
2024-02-19 23:00:00,0.2947,0.2948,0.2941,0.2942,72283.4
2024-02-19 23:30:00,0.2942,0.2948,0.2935,0.2938,72727.9
2024-02-20 00:00:00,0.2938,0.2943,0.2937,0.2941,46388.8
2024-02-20 00:30:00,0.2942,0.2942,0.2929,0.293,178707.7
2024-02-20 01:00:00,0.293,0.2936,0.2923,0.2925,241006.7
2024-02-20 01:30:00,0.2924,0.293,0.2922,0.293,111907.4
2024-02-20 02:00:00,0.2928,0.2935,0.2928,0.2935,22194.8
2024-02-20 02:30:00,0.2936,0.2939,0.2932,0.2939,116507.5
2024-02-20 03:00:00,0.294,0.294,0.2928,0.293,34012.7
2024-02-20 03:30:00,0.293,0.2931,0.2921,0.2922,116526.3
2024-02-20 04:00:00,0.2922,0.2924,0.2919,0.2921,221288.4
2024-02-20 04:30:00,0.292,0.2928,0.2919,0.2928,85672.2
2024-02-20 05:00:00,0.2928,0.2938,0.2928,0.2937,108085.1
2024-02-20 05:30:00,0.2937,0.2939,0.2935,0.2939,29461.2
2024-02-20 06:00:00,0.2939,0.2942,0.2936,0.294,102851.9
2024-02-20 06:30:00,0.294,0.2943,0.2934,0.2937,177585.7
2024-02-20 07:00:00,0.2937,0.2937,0.2925,0.2937,153853.4
2024-02-20 07:30:00,0.2935,0.2938,0.293,0.293,87432.3
2024-02-20 08:00:00,0.293,0.2933,0.2921,0.2925,174200.6
2024-02-20 08:30:00,0.2925,0.2937,0.2925,0.2934,97372.9
2024-02-20 09:00:00,0.2934,0.2937,0.2927,0.2927,222636.8
2024-02-20 09:30:00,0.2927,0.2927,0.291,0.2922,386094.3
2024-02-20 10:00:00,0.2923,0.2934,0.2923,0.2934,127774.9
2024-02-20 10:30:00,0.2934,0.2937,0.293,0.2936,199465.9
2024-02-20 11:00:00,0.2936,0.2944,0.2933,0.294,307806.1
2024-02-20 11:30:00,0.294,0.2944,0.2939,0.2941,80435.8
2024-02-20 12:00:00,0.2942,0.2944,0.2935,0.2941,93206.5
2024-02-20 12:30:00,0.2942,0.2943,0.2926,0.2927,91925.7
2024-02-20 13:00:00,0.2927,0.2934,0.2924,0.2932,72981.4
2024-02-20 13:30:00,0.293,0.2945,0.293,0.2945,209966.8
2024-02-20 14:00:00,0.2945,0.2945,0.2922,0.2927,216831.2
2024-02-20 14:30:00,0.2926,0.2928,0.2908,0.291,947109.8
2024-02-20 15:00:00,0.291,0.2914,0.2897,0.2899,839822.0
2024-02-20 15:30:00,0.2899,0.2899,0.289,0.2891,901443.5
2024-02-20 16:00:00,0.2892,0.2897,0.2888,0.2891,214326.6
2024-02-20 16:30:00,0.2891,0.2891,0.2882,0.2883,496250.2
2024-02-20 17:00:00,0.2883,0.2889,0.2873,0.2874,724820.7
2024-02-20 17:30:00,0.2874,0.2876,0.287,0.2873,226148.0
2024-02-20 18:00:00,0.2872,0.2882,0.287,0.288,87833.1
2024-02-20 18:30:00,0.288,0.2888,0.288,0.2885,87840.2
2024-02-20 19:00:00,0.2885,0.2885,0.2877,0.2884,24732.8
2024-02-20 19:30:00,0.2884,0.2893,0.2884,0.2891,342982.3
2024-02-20 20:00:00,0.2892,0.2898,0.2889,0.2895,273986.2
2024-02-20 20:30:00,0.2896,0.2897,0.2894,0.2897,9934.1
2024-02-20 21:00:00,0.2896,0.2901,0.2878,0.2899,356298.2
2024-02-20 21:30:00,0.29,0.29,0.2896,0.2899,35631.1
2024-02-20 22:00:00,0.2899,0.2903,0.2899,0.2899,85172.8
2024-02-20 22:30:00,0.2899,0.2903,0.2894,0.2902,74749.2
2024-02-20 23:00:00,0.2902,0.2906,0.2899,0.2901,186923.8
2024-02-20 23:30:00,0.2901,0.2901,0.2899,0.29,21244.9
2024-02-21 00:00:00,0.2899,0.2907,0.2898,0.2905,135541.2
2024-02-21 00:30:00,0.2905,0.2908,0.2903,0.2907,149948.7
2024-02-21 01:00:00,0.2906,0.291,0.29,0.2909,227322.4
2024-02-21 01:30:00,0.2908,0.2909,0.2901,0.2904,84030.1
2024-02-21 02:00:00,0.2904,0.2906,0.2896,0.2903,44527.2
2024-02-21 02:30:00,0.2901,0.2904,0.2899,0.2901,14065.7
2024-02-21 03:00:00,0.2901,0.2906,0.2901,0.2905,50360.6
2024-02-21 03:30:00,0.2905,0.2907,0.2903,0.2905,70679.7
2024-02-21 04:00:00,0.2906,0.291,0.2905,0.2906,92630.9
2024-02-21 04:30:00,0.2906,0.2908,0.2899,0.2902,77816.0
2024-02-21 05:00:00,0.2903,0.2907,0.2902,0.2902,70961.1
2024-02-21 05:30:00,0.2903,0.2903,0.2891,0.2891,64377.9
2024-02-21 06:00:00,0.2891,0.2897,0.2889,0.2891,93710.8
2024-02-21 06:30:00,0.289,0.2892,0.2883,0.2883,358906.7
2024-02-21 07:00:00,0.2883,0.2886,0.2879,0.2881,266152.8
2024-02-21 07:30:00,0.2882,0.2892,0.2879,0.288,217228.1
2024-02-21 08:00:00,0.2881,0.2885,0.2877,0.2883,121850.0
2024-02-21 08:30:00,0.2884,0.2888,0.2878,0.2888,56130.0
2024-02-21 09:00:00,0.2888,0.2888,0.2874,0.2877,99640.6
2024-02-21 09:30:00,0.2878,0.2894,0.2872,0.2872,921199.1
2024-02-21 10:00:00,0.2871,0.2879,0.2867,0.2879,401718.9
2024-02-21 10:30:00,0.288,0.2885,0.2878,0.2883,100800.1
2024-02-21 11:00:00,0.2883,0.2886,0.2879,0.288,41345.8
2024-02-21 11:30:00,0.2879,0.288,0.2866,0.2869,136221.6
2024-02-21 12:00:00,0.2869,0.2882,0.2854,0.2881,407500.3
2024-02-21 12:30:00,0.2882,0.2887,0.2879,0.2883,108459.9
2024-02-21 13:00:00,0.2884,0.2887,0.2875,0.2875,59670.1
2024-02-21 13:30:00,0.2875,0.2875,0.287,0.2871,66420.2
2024-02-21 14:00:00,0.2871,0.2871,0.2858,0.2859,907384.3
2024-02-21 14:30:00,0.2859,0.2867,0.2838,0.2848,1192335.7
2024-02-21 15:00:00,0.2848,0.2861,0.2845,0.2861,166004.0
2024-02-21 15:30:00,0.2861,0.2863,0.2851,0.2852,90638.5
2024-02-21 16:00:00,0.2853,0.2853,0.2828,0.2832,1951835.2
2024-02-21 16:30:00,0.2832,0.285,0.2829,0.2845,336100.1
2024-02-21 17:00:00,0.2845,0.2855,0.284,0.2842,247625.9
2024-02-21 17:30:00,0.2842,0.2853,0.2836,0.2839,650278.0
2024-02-21 18:00:00,0.2839,0.2844,0.2831,0.2834,346209.3
2024-02-21 18:30:00,0.2834,0.2839,0.2834,0.2838,85191.3
2024-02-21 19:00:00,0.2838,0.2847,0.2833,0.2842,76607.1
2024-02-21 19:30:00,0.2843,0.2851,0.2843,0.285,109665.7
2024-02-21 20:00:00,0.285,0.2867,0.2843,0.2851,546580.6
2024-02-21 20:30:00,0.2851,0.2853,0.2844,0.2851,112541.2
2024-02-21 21:00:00,0.2851,0.2858,0.2845,0.2857,131828.5
2024-02-21 21:30:00,0.2857,0.288,0.2853,0.2874,467027.0
2024-02-21 22:00:00,0.2876,0.2877,0.2857,0.2865,166520.4
2024-02-21 22:30:00,0.2864,0.2869,0.2862,0.2869,140946.3
2024-02-21 23:00:00,0.2869,0.2872,0.2866,0.2869,101603.9
2024-02-21 23:30:00,0.2869,0.2874,0.2867,0.287,133232.3
2024-02-22 00:00:00,0.287,0.2874,0.2867,0.2873,57381.1
2024-02-22 00:30:00,0.2873,0.2873,0.286,0.2864,94096.6
2024-02-22 01:00:00,0.2864,0.2869,0.286,0.2862,64164.0
2024-02-22 01:30:00,0.2861,0.2861,0.2851,0.2851,153009.8
2024-02-22 02:00:00,0.2851,0.2861,0.2851,0.2857,45576.8
2024-02-22 02:30:00,0.2858,0.2861,0.2849,0.2856,69223.5
2024-02-22 03:00:00,0.2857,0.2864,0.2855,0.2864,27814.4
2024-02-22 03:30:00,0.2865,0.2867,0.2862,0.2865,25697.2
2024-02-22 04:00:00,0.2865,0.2867,0.2862,0.2864,18649.6
2024-02-22 04:30:00,0.2863,0.2864,0.2858,0.286,17139.9
2024-02-22 05:00:00,0.286,0.2867,0.286,0.2867,38486.8
2024-02-22 05:30:00,0.2867,0.2869,0.2864,0.2864,14454.5
2024-02-22 06:00:00,0.2864,0.2873,0.2864,0.2873,118574.8
2024-02-22 06:30:00,0.2872,0.2877,0.287,0.2875,217395.0
2024-02-22 07:00:00,0.2875,0.2877,0.2867,0.2877,53061.1
2024-02-22 07:30:00,0.2877,0.2883,0.2875,0.2881,239079.0
2024-02-22 08:00:00,0.2882,0.2907,0.2881,0.2904,1392455.1
2024-02-22 08:30:00,0.2905,0.2927,0.2904,0.2924,1427847.1
2024-02-22 09:00:00,0.2924,0.2954,0.2923,0.2941,2188711.0
2024-02-22 09:30:00,0.2942,0.2952,0.2941,0.2952,299311.2
2024-02-22 10:00:00,0.2952,0.3036,0.295,0.3017,5248321.2
2024-02-22 10:30:00,0.3017,0.3053,0.3007,0.3026,2838324.1
2024-02-22 11:00:00,0.3026,0.306,0.3012,0.3016,1797180.2
2024-02-22 11:30:00,0.3015,0.3028,0.3006,0.302,916774.1
2024-02-22 12:00:00,0.3021,0.3035,0.3016,0.3033,445154.7
2024-02-22 12:30:00,0.3033,0.3034,0.2998,0.3014,618189.6
2024-02-22 13:00:00,0.3014,0.3022,0.2994,0.3004,1057117.9
2024-02-22 13:30:00,0.3004,0.3009,0.2963,0.2992,1711632.5
2024-02-22 14:00:00,0.2992,0.3003,0.299,0.3002,290319.6
2024-02-22 14:30:00,0.3002,0.3007,0.2992,0.2996,222636.7
2024-02-22 15:00:00,0.2995,0.3008,0.2994,0.3003,267055.5
2024-02-22 15:30:00,0.3005,0.3011,0.2997,0.3005,233832.4
2024-02-22 16:00:00,0.3005,0.3008,0.2991,0.2991,116747.1
2024-02-22 16:30:00,0.2991,0.2999,0.299,0.2998,106260.0
2024-02-22 17:00:00,0.2998,0.3009,0.2998,0.3007,143954.4
2024-02-22 17:30:00,0.3007,0.301,0.3,0.3007,179411.4
2024-02-22 18:00:00,0.3007,0.3007,0.3,0.3006,115555.4
2024-02-22 18:30:00,0.3005,0.301,0.3,0.301,104108.9
2024-02-22 19:00:00,0.301,0.301,0.3001,0.3003,52922.0
2024-02-22 19:30:00,0.3004,0.3004,0.2998,0.3002,40988.1
2024-02-22 20:00:00,0.3002,0.3005,0.2994,0.3004,141221.9
2024-02-22 20:30:00,0.3005,0.3006,0.2993,0.2995,80037.3
2024-02-22 21:00:00,0.2997,0.2999,0.2984,0.2999,243620.3
2024-02-22 21:30:00,0.2999,0.2999,0.2988,0.2994,295137.4
2024-02-22 22:00:00,0.2995,0.2998,0.2981,0.2986,178901.9
2024-02-22 22:30:00,0.2985,0.3,0.2984,0.2998,107229.8
2024-02-22 23:00:00,0.2998,0.2999,0.299,0.2998,27956.5
2024-02-22 23:30:00,0.2998,0.3002,0.2994,0.2995,22834.0
2024-02-23 00:00:00,0.2995,0.3002,0.299,0.2996,139614.5
2024-02-23 00:30:00,0.2997,0.3002,0.2991,0.3002,141510.9
2024-02-23 01:00:00,0.3002,0.3006,0.2997,0.2999,120657.7
2024-02-23 01:30:00,0.3001,0.3004,0.2983,0.2986,379703.5
2024-02-23 02:00:00,0.2988,0.2992,0.2983,0.2987,130749.2
2024-02-23 02:30:00,0.2985,0.2991,0.2978,0.2979,132342.2
2024-02-23 03:00:00,0.2979,0.2983,0.297,0.2975,477470.4
2024-02-23 03:30:00,0.2975,0.2988,0.2972,0.2987,211777.8
2024-02-23 04:00:00,0.2988,0.299,0.2977,0.2986,283842.9
2024-02-23 04:30:00,0.2987,0.2992,0.2975,0.2982,331482.7
2024-02-23 05:00:00,0.2982,0.2988,0.2979,0.2986,33322.0
2024-02-23 05:30:00,0.2987,0.2991,0.2979,0.2985,73173.0
2024-02-23 06:00:00,0.2985,0.2991,0.2977,0.299,279459.7
2024-02-23 06:30:00,0.2991,0.2997,0.2989,0.2995,324816.9
2024-02-23 07:00:00,0.2995,0.3001,0.2994,0.2998,301125.2
2024-02-23 07:30:00,0.2998,0.3001,0.2978,0.2979,259691.0
2024-02-23 08:00:00,0.2979,0.2988,0.2979,0.2982,158669.1
2024-02-23 08:30:00,0.2982,0.2989,0.2974,0.2976,349645.4
2024-02-23 09:00:00,0.2976,0.2985,0.2973,0.2977,123617.6
2024-02-23 09:30:00,0.2977,0.2979,0.2971,0.2978,220550.7
2024-02-23 10:00:00,0.2978,0.2986,0.2976,0.2985,98727.0
2024-02-23 10:30:00,0.2986,0.2991,0.2984,0.2991,132946.0
2024-02-23 11:00:00,0.2991,0.2991,0.2983,0.2987,80234.4
2024-02-23 11:30:00,0.2987,0.2992,0.2987,0.2991,152444.0
2024-02-23 12:00:00,0.2991,0.2993,0.2974,0.2977,168470.6
2024-02-23 12:30:00,0.2976,0.3248,0.2973,0.3119,15753980.3
2024-02-23 13:00:00,0.312,0.3122,0.303,0.3049,4740867.8
2024-02-23 13:30:00,0.305,0.3082,0.3048,0.3075,1373294.8
2024-02-23 14:00:00,0.3076,0.3086,0.3055,0.3081,971694.1
2024-02-23 14:30:00,0.3082,0.3084,0.3041,0.3052,1516790.1
2024-02-23 15:00:00,0.3052,0.3052,0.3009,0.3014,2299732.5
2024-02-23 15:30:00,0.3015,0.3026,0.3009,0.3012,755628.3
2024-02-23 16:00:00,0.3013,0.3016,0.2977,0.3006,1488845.0
2024-02-23 16:30:00,0.3005,0.3022,0.2998,0.3012,281334.0
2024-02-23 17:00:00,0.3011,0.3022,0.3008,0.3013,167216.2
2024-02-23 17:30:00,0.3015,0.3025,0.3013,0.3025,268377.1
2024-02-23 18:00:00,0.3025,0.3025,0.3008,0.3022,104895.9
2024-02-23 18:30:00,0.3021,0.3022,0.3014,0.3016,69159.4
2024-02-23 19:00:00,0.3016,0.3029,0.301,0.3026,225378.4
2024-02-23 19:30:00,0.3025,0.3027,0.302,0.3024,57989.3
2024-02-23 20:00:00,0.3024,0.303,0.3017,0.3019,98437.3
2024-02-23 20:30:00,0.3019,0.303,0.3019,0.3029,91185.1
2024-02-23 21:00:00,0.3028,0.3028,0.302,0.3024,28642.9
2024-02-23 21:30:00,0.3024,0.303,0.3022,0.3022,73508.8
2024-02-23 22:00:00,0.3023,0.3027,0.3022,0.3025,64608.3
2024-02-23 22:30:00,0.3026,0.3026,0.3016,0.3025,107488.6
2024-02-23 23:00:00,0.3026,0.3028,0.3014,0.3027,108652.7
2024-02-23 23:30:00,0.3028,0.3031,0.3017,0.302,94472.5
2024-02-24 00:00:00,0.302,0.3026,0.3007,0.3015,219834.2
2024-02-24 00:30:00,0.3014,0.3029,0.3008,0.3027,199319.9
2024-02-24 01:00:00,0.3027,0.3032,0.3007,0.3007,515569.5
2024-02-24 01:30:00,0.3008,0.3016,0.3001,0.3005,396627.9
2024-02-24 02:00:00,0.3004,0.3009,0.3,0.3002,250862.4
2024-02-24 02:30:00,0.3004,0.3016,0.3004,0.301,83410.9
2024-02-24 03:00:00,0.3009,0.3009,0.2995,0.3001,351354.3
2024-02-24 03:30:00,0.3002,0.3013,0.2999,0.3013,103277.3
2024-02-24 04:00:00,0.3013,0.3019,0.3011,0.3018,39148.4
2024-02-24 04:30:00,0.3018,0.3024,0.3015,0.3022,248969.1
2024-02-24 05:00:00,0.3022,0.3026,0.3016,0.3025,141211.1
2024-02-24 05:30:00,0.3025,0.3028,0.3019,0.3024,118662.9
2024-02-24 06:00:00,0.3025,0.3027,0.3019,0.302,83732.7
2024-02-24 06:30:00,0.302,0.3024,0.3019,0.3023,56435.6
2024-02-24 07:00:00,0.3022,0.3031,0.3019,0.303,145778.5
2024-02-24 07:30:00,0.303,0.3036,0.303,0.3035,277466.0
2024-02-24 08:00:00,0.3033,0.3045,0.3033,0.3042,357556.3
2024-02-24 08:30:00,0.3043,0.3051,0.3038,0.3047,578695.8
2024-02-24 09:00:00,0.3047,0.3054,0.3047,0.3052,209494.9
2024-02-24 09:30:00,0.3052,0.3057,0.305,0.305,174175.7
2024-02-24 10:00:00,0.3051,0.3053,0.3045,0.305,205063.8
2024-02-24 10:30:00,0.3051,0.3051,0.3044,0.3047,77063.7
2024-02-24 11:00:00,0.3046,0.3047,0.3038,0.3042,102132.3
2024-02-24 11:30:00,0.3042,0.3047,0.3041,0.3045,52173.7
2024-02-24 12:00:00,0.3045,0.305,0.3039,0.3041,123099.3
2024-02-24 12:30:00,0.304,0.3043,0.3029,0.3031,260209.7
2024-02-24 13:00:00,0.3032,0.3049,0.3029,0.3047,273636.9
2024-02-24 13:30:00,0.3048,0.3052,0.3044,0.3052,190556.9
2024-02-24 14:00:00,0.3051,0.3051,0.3039,0.3047,107127.3
2024-02-24 14:30:00,0.3048,0.3051,0.3034,0.3041,119584.0
2024-02-24 15:00:00,0.3041,0.3046,0.3039,0.3039,34918.5
2024-02-24 15:30:00,0.3039,0.3043,0.303,0.3036,308705.5
2024-02-24 16:00:00,0.3036,0.3039,0.3028,0.3035,326870.2
2024-02-24 16:30:00,0.3036,0.3042,0.3036,0.3039,59601.9
2024-02-24 17:00:00,0.3039,0.3043,0.3033,0.3033,82438.0
2024-02-24 17:30:00,0.3033,0.3044,0.3033,0.304,123875.0
2024-02-24 18:00:00,0.3039,0.3049,0.3039,0.3045,95027.7
2024-02-24 18:30:00,0.3044,0.3044,0.3033,0.3036,97015.5
2024-02-24 19:00:00,0.3036,0.3042,0.3034,0.3037,42883.9
2024-02-24 19:30:00,0.3037,0.3044,0.3037,0.3038,39759.7
2024-02-24 20:00:00,0.3039,0.3039,0.3033,0.3038,23205.5
2024-02-24 20:30:00,0.3039,0.3041,0.3036,0.3039,79697.8
2024-02-24 21:00:00,0.304,0.304,0.3035,0.3038,19482.3
2024-02-24 21:30:00,0.3037,0.3044,0.3028,0.3038,93897.9
2024-02-24 22:00:00,0.3037,0.304,0.3029,0.3032,79654.2
2024-02-24 22:30:00,0.3031,0.3033,0.3028,0.3032,55880.4
2024-02-24 23:00:00,0.3032,0.3039,0.3032,0.3034,15724.3
2024-02-24 23:30:00,0.3032,0.304,0.3029,0.3033,21488.2
2024-02-25 00:00:00,0.3034,0.304,0.3029,0.3035,58363.9
2024-02-25 00:30:00,0.3037,0.304,0.3032,0.304,23103.8
2024-02-25 01:00:00,0.304,0.3049,0.3036,0.3045,188843.5
2024-02-25 01:30:00,0.3046,0.3054,0.3039,0.3054,242629.0
2024-02-25 02:00:00,0.3053,0.3058,0.305,0.3056,159876.3
2024-02-25 02:30:00,0.3055,0.3057,0.3044,0.3047,133826.2
2024-02-25 03:00:00,0.3047,0.3047,0.3034,0.3042,147577.8
2024-02-25 03:30:00,0.3045,0.3059,0.3043,0.3054,257380.7
2024-02-25 04:00:00,0.3054,0.3055,0.3048,0.3048,22439.1
2024-02-25 04:30:00,0.3049,0.3056,0.3047,0.3049,106728.4
2024-02-25 05:00:00,0.3049,0.3049,0.3044,0.3045,61696.8
2024-02-25 05:30:00,0.3046,0.3047,0.3037,0.3042,61901.1
2024-02-25 06:00:00,0.3042,0.3049,0.3038,0.3048,84540.7
2024-02-25 06:30:00,0.3047,0.305,0.3043,0.3046,43745.2
2024-02-25 07:00:00,0.3045,0.3047,0.3042,0.3043,25519.6
2024-02-25 07:30:00,0.3043,0.3055,0.304,0.3054,138088.3
2024-02-25 08:00:00,0.3053,0.306,0.3046,0.3058,291803.9
2024-02-25 08:30:00,0.3057,0.3064,0.3043,0.3048,179532.3
2024-02-25 09:00:00,0.3049,0.3055,0.304,0.3053,191194.0
2024-02-25 09:30:00,0.3054,0.3065,0.3052,0.3062,355922.6
2024-02-25 10:00:00,0.3062,0.3069,0.3061,0.3064,163055.8
2024-02-25 10:30:00,0.3065,0.3073,0.3062,0.3069,195396.6
2024-02-25 11:00:00,0.3069,0.3076,0.3065,0.3071,134053.4
2024-02-25 11:30:00,0.3069,0.3079,0.3069,0.3076,133915.9
2024-02-25 12:00:00,0.3077,0.3081,0.3074,0.3077,132890.5
2024-02-25 12:30:00,0.3077,0.3077,0.3074,0.3075,65165.9
2024-02-25 13:00:00,0.3074,0.3075,0.3055,0.3061,275031.0
2024-02-25 13:30:00,0.3061,0.3067,0.3058,0.306,50238.5
2024-02-25 14:00:00,0.306,0.3075,0.3058,0.3074,304639.1
2024-02-25 14:30:00,0.3074,0.3077,0.3067,0.3072,144443.0
2024-02-25 15:00:00,0.3073,0.308,0.3066,0.3066,193555.4
2024-02-25 15:30:00,0.3066,0.3068,0.3057,0.306,129510.2
2024-02-25 16:00:00,0.306,0.3066,0.3053,0.306,168373.4
2024-02-25 16:30:00,0.3063,0.3063,0.3051,0.3057,180104.6
2024-02-25 17:00:00,0.3057,0.3062,0.3051,0.306,81118.9
2024-02-25 17:30:00,0.3063,0.3073,0.3062,0.307,99453.5
2024-02-25 18:00:00,0.307,0.3072,0.3058,0.3065,60450.5
2024-02-25 18:30:00,0.3064,0.3067,0.306,0.3067,14323.0
2024-02-25 19:00:00,0.3067,0.3073,0.3061,0.3067,131880.0
2024-02-25 19:30:00,0.3067,0.3072,0.3067,0.307,7910.6
2024-02-25 20:00:00,0.3072,0.3074,0.3052,0.3063,407219.2
2024-02-25 20:30:00,0.3062,0.3062,0.3051,0.3058,103156.0
2024-02-25 21:00:00,0.3056,0.3068,0.3052,0.3063,65933.6
2024-02-25 21:30:00,0.3062,0.3065,0.3059,0.3064,13262.7
2024-02-25 22:00:00,0.306,0.3066,0.3056,0.3065,24648.7
2024-02-25 22:30:00,0.3066,0.3072,0.3064,0.3068,157212.4
2024-02-25 23:00:00,0.3067,0.3082,0.3067,0.3072,242839.8
2024-02-25 23:30:00,0.3072,0.3095,0.3072,0.3079,220155.8
2024-02-26 00:00:00,0.3078,0.3082,0.3075,0.3079,92373.2
2024-02-26 00:30:00,0.3078,0.3083,0.3075,0.3077,30487.1
2024-02-26 01:00:00,0.3076,0.3077,0.3066,0.3072,37128.7
2024-02-26 01:30:00,0.3073,0.3073,0.3059,0.3062,290653.4
2024-02-26 02:00:00,0.3065,0.3071,0.3059,0.3067,85020.7
2024-02-26 02:30:00,0.3068,0.3073,0.3065,0.307,37811.3
2024-02-26 03:00:00,0.307,0.308,0.3069,0.3078,132128.9
2024-02-26 03:30:00,0.3079,0.3083,0.3074,0.3082,110165.5
2024-02-26 04:00:00,0.3081,0.3086,0.3071,0.3084,263527.1
2024-02-26 04:30:00,0.3083,0.3087,0.308,0.3085,157512.8
2024-02-26 05:00:00,0.3084,0.3097,0.308,0.3092,391165.4
2024-02-26 05:30:00,0.3094,0.3151,0.3094,0.3138,2833651.4
2024-02-26 06:00:00,0.3138,0.3209,0.3137,0.3164,1825251.6
2024-02-26 06:30:00,0.3164,0.3178,0.3152,0.3176,1224414.2
2024-02-26 07:00:00,0.3178,0.3189,0.3159,0.3167,1107890.7
2024-02-26 07:30:00,0.3166,0.3166,0.313,0.3137,1087092.6
2024-02-26 08:00:00,0.3136,0.3151,0.313,0.3142,496994.6
2024-02-26 08:30:00,0.3143,0.3143,0.3124,0.3127,453018.7
2024-02-26 09:00:00,0.3127,0.3136,0.3116,0.3118,439358.7
2024-02-26 09:30:00,0.3117,0.3125,0.308,0.3091,1837128.7
2024-02-26 10:00:00,0.3092,0.3117,0.3089,0.3117,587335.4
2024-02-26 10:30:00,0.3117,0.3123,0.3108,0.3111,222569.8
2024-02-26 11:00:00,0.3108,0.311,0.3098,0.3109,282668.5
2024-02-26 11:30:00,0.3109,0.3119,0.31,0.3107,356628.8
2024-02-26 12:00:00,0.3109,0.3118,0.3102,0.3109,196056.5
2024-02-26 12:30:00,0.3108,0.3126,0.3108,0.3126,292410.6
2024-02-26 13:00:00,0.3125,0.3133,0.3099,0.312,795791.1
2024-02-26 13:30:00,0.3118,0.3118,0.3101,0.3101,332804.3
2024-02-26 14:00:00,0.3102,0.3112,0.3102,0.3106,140217.8
2024-02-26 14:30:00,0.3109,0.313,0.3108,0.312,615583.2
2024-02-26 15:00:00,0.312,0.314,0.3119,0.313,217558.0
2024-02-26 15:30:00,0.313,0.3154,0.3121,0.3136,524168.3
2024-02-26 16:00:00,0.3135,0.3143,0.3122,0.313,597251.8
2024-02-26 16:30:00,0.313,0.3155,0.3128,0.3151,203994.3
2024-02-26 17:00:00,0.3151,0.3156,0.3138,0.3141,234826.1
2024-02-26 17:30:00,0.314,0.3147,0.3127,0.3134,238513.9
2024-02-26 18:00:00,0.3133,0.315,0.3124,0.3135,414934.0
2024-02-26 18:30:00,0.3134,0.3139,0.312,0.3122,191630.6
2024-02-26 19:00:00,0.3121,0.314,0.3118,0.3132,173004.4
2024-02-26 19:30:00,0.3132,0.3138,0.3131,0.3137,105210.1
2024-02-26 20:00:00,0.3138,0.3139,0.312,0.3124,97860.5
2024-02-26 20:30:00,0.3125,0.3133,0.3123,0.3127,34350.9
2024-02-26 21:00:00,0.3128,0.314,0.3124,0.3134,178027.5
2024-02-26 21:30:00,0.3134,0.314,0.3134,0.3137,60941.5
2024-02-26 22:00:00,0.3138,0.3141,0.3126,0.3128,63385.3
2024-02-26 22:30:00,0.3129,0.313,0.3117,0.3121,198523.9
2024-02-26 23:00:00,0.312,0.3121,0.3117,0.3118,39635.5
2024-02-26 23:30:00,0.312,0.3121,0.3115,0.3117,84893.4
2024-02-27 00:00:00,0.3116,0.3126,0.3113,0.3123,134934.2
2024-02-27 00:30:00,0.3124,0.3128,0.3113,0.3127,173963.0
2024-02-27 01:00:00,0.3127,0.3131,0.3122,0.3129,90296.0
2024-02-27 01:30:00,0.313,0.3135,0.3117,0.3118,163474.0
2024-02-27 02:00:00,0.3119,0.3125,0.3105,0.3111,623890.0
2024-02-27 02:30:00,0.3111,0.3124,0.3108,0.3124,105948.8
2024-02-27 03:00:00,0.3125,0.313,0.3118,0.3124,194312.6
2024-02-27 03:30:00,0.3128,0.3129,0.31,0.3105,423886.7
2024-02-27 04:00:00,0.3106,0.3116,0.3103,0.3111,211506.7
2024-02-27 04:30:00,0.311,0.3115,0.3102,0.3113,118471.0
2024-02-27 05:00:00,0.3113,0.3203,0.3109,0.3153,3141389.5
2024-02-27 05:30:00,0.3156,0.317,0.3151,0.3155,954600.5
2024-02-27 06:00:00,0.3157,0.3161,0.3148,0.3159,242659.4
2024-02-27 06:30:00,0.316,0.3162,0.3155,0.3161,135805.0
2024-02-27 07:00:00,0.3161,0.3171,0.3148,0.3167,478500.0
2024-02-27 07:30:00,0.3169,0.3206,0.3166,0.319,2156178.1
2024-02-27 08:00:00,0.3192,0.32,0.3187,0.319,234057.7
2024-02-27 08:30:00,0.319,0.3192,0.3174,0.3189,226193.4
2024-02-27 09:00:00,0.3189,0.3199,0.3181,0.3196,274932.9
2024-02-27 09:30:00,0.3196,0.3204,0.3182,0.3201,349185.3
2024-02-27 10:00:00,0.3202,0.3207,0.3197,0.3201,309096.7
2024-02-27 10:30:00,0.3201,0.3208,0.3197,0.3205,178402.3
2024-02-27 11:00:00,0.3207,0.3209,0.3194,0.3196,175984.1
2024-02-27 11:30:00,0.3195,0.3195,0.3174,0.3179,339161.7
2024-02-27 12:00:00,0.318,0.318,0.3164,0.3169,213214.3
2024-02-27 12:30:00,0.3169,0.3184,0.3164,0.3169,281583.7
2024-02-27 13:00:00,0.317,0.3197,0.3163,0.3169,935112.5
2024-02-27 13:30:00,0.3169,0.3176,0.3151,0.3157,582001.7
2024-02-27 14:00:00,0.3157,0.3163,0.3153,0.3158,112008.7
2024-02-27 14:30:00,0.3158,0.3167,0.3146,0.3146,259936.2
2024-02-27 15:00:00,0.3148,0.3155,0.3146,0.3155,191338.1
2024-02-27 15:30:00,0.3156,0.3156,0.3136,0.3139,474944.5
2024-02-27 16:00:00,0.314,0.3238,0.3126,0.3149,710151.0
2024-02-27 16:30:00,0.3147,0.3201,0.3147,0.3161,682858.1
2024-02-27 17:00:00,0.3161,0.3175,0.3159,0.317,206271.2
2024-02-27 17:30:00,0.317,0.3196,0.3168,0.319,1374658.6
2024-02-27 18:00:00,0.3191,0.3204,0.3187,0.32,372162.4
2024-02-27 18:30:00,0.32,0.3203,0.3187,0.3194,166737.1
2024-02-27 19:00:00,0.3194,0.3202,0.3185,0.32,162419.9
2024-02-27 19:30:00,0.3201,0.3207,0.3192,0.3201,154830.3
2024-02-27 20:00:00,0.32,0.3207,0.3196,0.3202,62985.8
2024-02-27 20:30:00,0.3204,0.3207,0.3195,0.3204,87153.5
2024-02-27 21:00:00,0.3206,0.3206,0.3194,0.3198,71981.7
2024-02-27 21:30:00,0.3197,0.3209,0.3197,0.3202,81280.8
2024-02-27 22:00:00,0.3206,0.3219,0.3201,0.3209,349325.3
2024-02-27 22:30:00,0.3211,0.322,0.3211,0.3218,206996.8
2024-02-27 23:00:00,0.3218,0.3222,0.3216,0.3219,179723.2
2024-02-27 23:30:00,0.322,0.3223,0.3214,0.3219,135544.4
2024-02-28 00:00:00,0.322,0.323,0.3201,0.3203,396731.7
2024-02-28 00:30:00,0.3204,0.322,0.3204,0.3217,214725.6
2024-02-28 01:00:00,0.3217,0.3222,0.3207,0.3217,227287.4
2024-02-28 01:30:00,0.3217,0.3221,0.3205,0.3213,127616.1
2024-02-28 02:00:00,0.3212,0.3219,0.3208,0.3217,142315.0
2024-02-28 02:30:00,0.3218,0.3223,0.3212,0.3218,156900.4
2024-02-28 03:00:00,0.3217,0.3222,0.3204,0.3209,186003.2
2024-02-28 03:30:00,0.3209,0.3209,0.3196,0.32,160589.9
2024-02-28 04:00:00,0.32,0.3212,0.3198,0.321,122615.2
2024-02-28 04:30:00,0.3211,0.3211,0.3191,0.3197,429986.0
2024-02-28 05:00:00,0.3197,0.3201,0.3194,0.3201,24595.7
2024-02-28 05:30:00,0.32,0.3202,0.318,0.3186,368136.6
2024-02-28 06:00:00,0.3186,0.319,0.3182,0.3188,99091.6
2024-02-28 06:30:00,0.3188,0.3197,0.3185,0.3191,177059.2
2024-02-28 07:00:00,0.3191,0.3194,0.3189,0.3193,62185.3
2024-02-28 07:30:00,0.3194,0.3198,0.319,0.3191,119781.4
2024-02-28 08:00:00,0.319,0.3196,0.3182,0.319,197511.0
2024-02-28 08:30:00,0.319,0.3193,0.3181,0.3185,153471.1
2024-02-28 09:00:00,0.3183,0.3187,0.3174,0.3183,282627.0
2024-02-28 09:30:00,0.3185,0.3204,0.3185,0.32,423389.8
2024-02-28 10:00:00,0.3201,0.3203,0.3191,0.3201,102210.2
2024-02-28 10:30:00,0.32,0.3205,0.319,0.32,221401.4
2024-02-28 11:00:00,0.32,0.3203,0.3186,0.3195,266250.6
2024-02-28 11:30:00,0.3196,0.3238,0.3138,0.3175,1230975.4
2024-02-28 12:00:00,0.3174,0.3188,0.3172,0.3177,207338.5
2024-02-28 12:30:00,0.3176,0.3182,0.316,0.3171,332536.4
2024-02-28 13:00:00,0.3171,0.3188,0.317,0.3177,462952.7
2024-02-28 13:30:00,0.3176,0.3185,0.3174,0.3183,162777.1
2024-02-28 14:00:00,0.3183,0.3195,0.3183,0.3191,499684.0
2024-02-28 14:30:00,0.3189,0.32,0.3167,0.3186,529519.2
2024-02-28 15:00:00,0.3185,0.32,0.3185,0.3195,291289.8
2024-02-28 15:30:00,0.3194,0.3195,0.3177,0.3186,250933.3
2024-02-28 16:00:00,0.3187,0.3203,0.3187,0.32,325991.8
2024-02-28 16:30:00,0.32,0.3249,0.3191,0.3233,1181486.5
2024-02-28 17:00:00,0.3233,0.3234,0.3162,0.3173,2168117.6
2024-02-28 17:30:00,0.3171,0.3173,0.29,0.3122,4362221.4
2024-02-28 18:00:00,0.3119,0.3124,0.3089,0.3097,1843923.1
2024-02-28 18:30:00,0.3098,0.311,0.3091,0.3105,260009.9
2024-02-28 19:00:00,0.3106,0.3114,0.3083,0.3113,406626.7
2024-02-28 19:30:00,0.311,0.311,0.3093,0.3099,177899.9
2024-02-28 20:00:00,0.3099,0.3106,0.3094,0.3099,206814.6
2024-02-28 20:30:00,0.3098,0.3117,0.3098,0.3112,78131.0
2024-02-28 21:00:00,0.3112,0.3119,0.3107,0.3118,109867.6
2024-02-28 21:30:00,0.3116,0.3123,0.311,0.3123,61977.0
2024-02-28 22:00:00,0.3119,0.3126,0.3117,0.3122,100367.5
2024-02-28 22:30:00,0.3118,0.3125,0.3115,0.3122,28325.5
2024-02-28 23:00:00,0.3122,0.3136,0.312,0.3131,208021.6
2024-02-28 23:30:00,0.3127,0.3132,0.3122,0.3125,29075.2
2024-02-29 00:00:00,0.3124,0.313,0.3109,0.3126,152278.8
2024-02-29 00:30:00,0.3126,0.314,0.3124,0.3134,139594.9
2024-02-29 01:00:00,0.3135,0.3152,0.3131,0.3144,462027.9
2024-02-29 01:30:00,0.3144,0.3153,0.314,0.3152,90118.2
2024-02-29 02:00:00,0.3152,0.3157,0.3146,0.3151,103248.6
2024-02-29 02:30:00,0.315,0.3174,0.3143,0.3166,570459.0
2024-02-29 03:00:00,0.3165,0.3172,0.3162,0.3166,104609.2
2024-02-29 03:30:00,0.3165,0.3165,0.3155,0.3157,131495.1
2024-02-29 04:00:00,0.3157,0.317,0.3154,0.3168,79722.0
2024-02-29 04:30:00,0.3169,0.3172,0.3155,0.3165,116435.7
2024-02-29 05:00:00,0.3167,0.3173,0.3156,0.3171,199202.4
2024-02-29 05:30:00,0.3171,0.3183,0.3164,0.3179,367941.4
2024-02-29 06:00:00,0.3179,0.3187,0.3176,0.3178,350104.9
2024-02-29 06:30:00,0.3179,0.3187,0.317,0.3184,246737.5
2024-02-29 07:00:00,0.3184,0.3192,0.3172,0.3188,697057.5
2024-02-29 07:30:00,0.3189,0.3199,0.3187,0.3196,526348.4
2024-02-29 08:00:00,0.3196,0.3223,0.319,0.3214,792293.5
2024-02-29 08:30:00,0.3214,0.3249,0.3204,0.3235,1927405.3
2024-02-29 09:00:00,0.3235,0.325,0.3226,0.323,825722.1
2024-02-29 09:30:00,0.3229,0.3242,0.3223,0.3227,183739.7
2024-02-29 10:00:00,0.3228,0.3326,0.3204,0.3219,3598992.3
2024-02-29 10:30:00,0.3219,0.3228,0.3208,0.3217,330049.1
2024-02-29 11:00:00,0.3216,0.3233,0.3211,0.3223,367987.3
2024-02-29 11:30:00,0.3222,0.3232,0.3212,0.322,304015.0
2024-02-29 12:00:00,0.322,0.3231,0.3208,0.323,697929.2
2024-02-29 12:30:00,0.3228,0.3235,0.3215,0.323,799838.5
2024-02-29 13:00:00,0.3232,0.324,0.3213,0.3217,874896.7
2024-02-29 13:30:00,0.3217,0.3248,0.3216,0.3244,1136196.5
2024-02-29 14:00:00,0.3244,0.3248,0.3217,0.3227,661169.8
2024-02-29 14:30:00,0.3227,0.3234,0.3221,0.3232,525677.1
2024-02-29 15:00:00,0.3233,0.3272,0.3221,0.3234,875513.6
2024-02-29 15:30:00,0.3235,0.3243,0.3224,0.3225,667269.5
2024-02-29 16:00:00,0.3226,0.3229,0.32,0.3207,799858.2
2024-02-29 16:30:00,0.3208,0.3221,0.3195,0.3214,399890.8
2024-02-29 17:00:00,0.3213,0.3223,0.3193,0.3193,557801.3
2024-02-29 17:30:00,0.3193,0.3201,0.3181,0.3184,861528.0
2024-02-29 18:00:00,0.3185,0.3205,0.3185,0.3199,293386.8
2024-02-29 18:30:00,0.3198,0.3203,0.3138,0.3183,2119254.7
2024-02-29 19:00:00,0.3181,0.3187,0.3174,0.3184,73820.0
2024-02-29 19:30:00,0.3186,0.3193,0.3185,0.319,57533.2
2024-02-29 20:00:00,0.3191,0.3194,0.3187,0.3192,56435.6
2024-02-29 20:30:00,0.3192,0.3193,0.3186,0.3187,57084.0
2024-02-29 21:00:00,0.3188,0.3197,0.3169,0.3187,635604.6
2024-02-29 21:30:00,0.3186,0.3187,0.3168,0.3178,337035.3
2024-02-29 22:00:00,0.3176,0.3182,0.316,0.3161,426850.5
2024-02-29 22:30:00,0.3161,0.3167,0.3132,0.3145,1126652.5
2024-02-29 23:00:00,0.3144,0.3167,0.3144,0.316,488250.4
2024-02-29 23:30:00,0.3162,0.317,0.316,0.3164,198701.5
2024-03-01 00:00:00,0.3165,0.3179,0.3158,0.3168,713868.3
2024-03-01 00:30:00,0.3169,0.3181,0.3168,0.3175,444021.7
2024-03-01 01:00:00,0.3175,0.3183,0.3168,0.3182,247301.4
2024-03-01 01:30:00,0.3181,0.3184,0.3169,0.3181,228644.3
2024-03-01 02:00:00,0.3182,0.3185,0.3162,0.3175,322706.9
2024-03-01 02:30:00,0.3174,0.3181,0.3168,0.3175,201786.9
2024-03-01 03:00:00,0.3174,0.3181,0.3162,0.3162,193947.1
2024-03-01 03:30:00,0.3163,0.3195,0.3162,0.3178,1117532.3
2024-03-01 04:00:00,0.3178,0.3195,0.3173,0.3191,390843.2
2024-03-01 04:30:00,0.3191,0.3296,0.3191,0.3279,5179599.0
2024-03-01 05:00:00,0.3279,0.3309,0.3278,0.3299,2166259.5
2024-03-01 05:30:00,0.3298,0.3316,0.3287,0.3298,1246253.7
2024-03-01 06:00:00,0.3298,0.3307,0.328,0.3291,492739.3
2024-03-01 06:30:00,0.329,0.3299,0.3265,0.3267,1057464.5
2024-03-01 07:00:00,0.3267,0.3286,0.3267,0.3275,327032.9
2024-03-01 07:30:00,0.3277,0.3279,0.326,0.3275,412204.9
2024-03-01 08:00:00,0.3275,0.3276,0.32,0.3263,2653082.5
2024-03-01 08:30:00,0.3264,0.3286,0.3263,0.3284,754287.0
2024-03-01 09:00:00,0.3285,0.3291,0.3278,0.3285,544763.6
2024-03-01 09:30:00,0.3285,0.329,0.328,0.328,295420.3
2024-03-01 10:00:00,0.3281,0.3289,0.3263,0.3266,342334.9
2024-03-01 10:30:00,0.3266,0.3267,0.3249,0.3254,397996.7
2024-03-01 11:00:00,0.3253,0.3259,0.3235,0.3242,926730.1
2024-03-01 11:30:00,0.3244,0.3311,0.3239,0.3261,2825622.5
2024-03-01 12:00:00,0.326,0.3282,0.326,0.3277,242826.6
2024-03-01 12:30:00,0.3276,0.328,0.327,0.3273,186277.4
2024-03-01 13:00:00,0.3273,0.328,0.3266,0.3272,240726.9
2024-03-01 13:30:00,0.3273,0.328,0.3261,0.327,409657.0
2024-03-01 14:00:00,0.327,0.3271,0.3254,0.3264,326804.2
2024-03-01 14:30:00,0.3264,0.3267,0.3246,0.3267,620634.9
2024-03-01 15:00:00,0.3265,0.3269,0.3255,0.3258,307611.6
2024-03-01 15:30:00,0.3258,0.3259,0.3244,0.3249,417423.9
2024-03-01 16:00:00,0.325,0.3273,0.3238,0.3265,704588.3
2024-03-01 16:30:00,0.3265,0.327,0.3253,0.3265,206878.8
2024-03-01 17:00:00,0.3264,0.3292,0.3264,0.3274,401534.5
2024-03-01 17:30:00,0.3273,0.3285,0.3273,0.328,244612.9
2024-03-01 18:00:00,0.328,0.3281,0.326,0.3272,208367.5
2024-03-01 18:30:00,0.3274,0.3286,0.327,0.3285,286916.4
2024-03-01 19:00:00,0.3285,0.3288,0.3281,0.3286,121359.4
2024-03-01 19:30:00,0.3286,0.3351,0.3285,0.3321,4035404.7
2024-03-01 20:00:00,0.3321,0.339,0.3309,0.3359,734319.2
2024-03-01 20:30:00,0.3358,0.3444,0.3342,0.3407,1467860.2
2024-03-01 21:00:00,0.3405,0.345,0.3386,0.3411,459785.3
2024-03-01 21:30:00,0.3409,0.3454,0.34,0.3445,598901.3
2024-03-01 22:00:00,0.3445,0.3519,0.3443,0.3514,1680922.9
2024-03-01 22:30:00,0.3514,0.3525,0.3435,0.3446,1020375.0
2024-03-01 23:00:00,0.3447,0.3458,0.34,0.3418,549208.6
2024-03-01 23:30:00,0.3418,0.3441,0.3402,0.3431,763051.7
2024-03-02 00:00:00,0.3429,0.3473,0.3412,0.3461,468155.5
2024-03-02 00:30:00,0.3459,0.3499,0.3459,0.3475,587875.5
2024-03-02 01:00:00,0.3474,0.3477,0.3374,0.342,703683.0
2024-03-02 01:30:00,0.342,0.3501,0.3416,0.3444,539711.0
2024-03-02 02:00:00,0.3444,0.345,0.3375,0.341,636958.4
2024-03-02 02:30:00,0.341,0.3457,0.341,0.345,126277.7
2024-03-02 03:00:00,0.3453,0.3475,0.3446,0.3475,153911.0
2024-03-02 03:30:00,0.3477,0.3507,0.3446,0.348,283303.8
2024-03-02 04:00:00,0.3476,0.3476,0.342,0.3432,252518.6
2024-03-02 04:30:00,0.3429,0.3462,0.3428,0.3439,240114.4
2024-03-02 05:00:00,0.3442,0.3447,0.3408,0.3445,234704.5
2024-03-02 05:30:00,0.3447,0.3475,0.3441,0.3464,147017.5
2024-03-02 06:00:00,0.3464,0.3465,0.3444,0.3453,232373.7
2024-03-02 06:30:00,0.3454,0.3457,0.3425,0.3431,432153.9
2024-03-02 07:00:00,0.3431,0.3464,0.3425,0.3457,309519.5
2024-03-02 07:30:00,0.3457,0.3488,0.3455,0.3457,342038.1
2024-03-02 08:00:00,0.3457,0.3472,0.3419,0.3449,290725.3
2024-03-02 08:30:00,0.345,0.3523,0.345,0.35,392406.7
2024-03-02 09:00:00,0.3503,0.351,0.3468,0.347,362675.8
2024-03-02 09:30:00,0.3475,0.36,0.345,0.3534,1491134.1
2024-03-02 10:00:00,0.3536,0.3607,0.3531,0.3585,1616799.1
2024-03-02 10:30:00,0.3583,0.3589,0.3502,0.3529,1735868.3
2024-03-02 11:00:00,0.3531,0.3569,0.3515,0.3533,395265.5
2024-03-02 11:30:00,0.3532,0.3545,0.3503,0.3519,359110.8
2024-03-02 12:00:00,0.352,0.3569,0.3512,0.3569,258179.4
2024-03-02 12:30:00,0.357,0.3659,0.3569,0.3625,1328136.5
2024-03-02 13:00:00,0.3625,0.3644,0.3518,0.3522,1901259.7
2024-03-02 13:30:00,0.3521,0.3525,0.343,0.345,2494340.4
2024-03-02 14:00:00,0.345,0.3454,0.3344,0.336,2632609.6
2024-03-02 14:30:00,0.3359,0.3397,0.3344,0.339,896702.3
2024-03-02 15:00:00,0.3391,0.34,0.3364,0.3385,353099.9
2024-03-02 15:30:00,0.3387,0.339,0.3353,0.3368,430551.9
2024-03-02 16:00:00,0.337,0.3378,0.3294,0.3303,910569.6
2024-03-02 16:30:00,0.3303,0.3354,0.3292,0.3353,1338550.2
2024-03-02 17:00:00,0.3352,0.3383,0.3344,0.3375,781516.7
2024-03-02 17:30:00,0.3372,0.3415,0.3372,0.3386,410072.7
2024-03-02 18:00:00,0.3385,0.3408,0.3345,0.3357,865186.4
2024-03-02 18:30:00,0.3356,0.3401,0.3324,0.3394,1251692.6
2024-03-02 19:00:00,0.3396,0.3421,0.3396,0.3409,448374.9
2024-03-02 19:30:00,0.3409,0.3418,0.3396,0.3414,402514.8
2024-03-02 20:00:00,0.3414,0.3425,0.3391,0.3406,245979.5
2024-03-02 20:30:00,0.3406,0.3424,0.3406,0.3419,134020.5
2024-03-02 21:00:00,0.3421,0.3434,0.3415,0.343,187111.6
2024-03-02 21:30:00,0.3429,0.3433,0.3418,0.3427,65499.8
2024-03-02 22:00:00,0.3427,0.3429,0.3412,0.3419,178762.6
2024-03-02 22:30:00,0.342,0.3433,0.342,0.3421,111584.0
2024-03-02 23:00:00,0.3422,0.3442,0.3422,0.3436,83372.0
2024-03-02 23:30:00,0.3437,0.3454,0.3434,0.3453,193550.4
2024-03-03 00:00:00,0.3452,0.3458,0.3415,0.3446,351594.9
2024-03-03 00:30:00,0.3446,0.3462,0.3417,0.3422,505520.4
2024-03-03 01:00:00,0.3422,0.35,0.3418,0.3488,985694.0
2024-03-03 01:30:00,0.3488,0.3534,0.348,0.3513,509953.2
2024-03-03 02:00:00,0.3513,0.3534,0.3493,0.35,198562.2
2024-03-03 02:30:00,0.35,0.3507,0.3482,0.3497,337725.5
2024-03-03 03:00:00,0.3494,0.3514,0.3456,0.3507,2154362.4
2024-03-03 03:30:00,0.3506,0.3666,0.3506,0.3573,2574571.2
2024-03-03 04:00:00,0.3576,0.37,0.355,0.3628,1432320.4
2024-03-03 04:30:00,0.3628,0.366,0.36,0.362,336088.2
2024-03-03 05:00:00,0.362,0.3625,0.3551,0.3562,330616.5
2024-03-03 05:30:00,0.3562,0.36,0.3545,0.3565,349969.2
2024-03-03 06:00:00,0.3568,0.3568,0.3481,0.3522,538991.5
2024-03-03 06:30:00,0.3522,0.3525,0.3464,0.3469,259165.7
2024-03-03 07:00:00,0.3469,0.3487,0.3044,0.3291,2397868.2
2024-03-03 07:30:00,0.3291,0.3394,0.326,0.3364,1939800.4
2024-03-03 08:00:00,0.3364,0.3472,0.3361,0.3399,1775606.7
2024-03-03 08:30:00,0.3405,0.3438,0.3391,0.3421,359660.0
2024-03-03 09:00:00,0.3421,0.3454,0.3417,0.3452,254757.4
2024-03-03 09:30:00,0.3449,0.3508,0.3429,0.3434,361652.7
2024-03-03 10:00:00,0.3439,0.3439,0.339,0.3423,266660.2
2024-03-03 10:30:00,0.342,0.3428,0.3409,0.3417,110122.6
2024-03-03 11:00:00,0.3415,0.347,0.341,0.3438,302170.5
2024-03-03 11:30:00,0.3439,0.3456,0.3416,0.3428,444696.3
2024-03-03 12:00:00,0.343,0.3438,0.3405,0.341,877807.9
2024-03-03 12:30:00,0.3409,0.341,0.3352,0.3364,1223143.1
2024-03-03 13:00:00,0.3365,0.3516,0.3365,0.3513,2105426.1
2024-03-03 13:30:00,0.3515,0.3571,0.347,0.3539,1465920.8
2024-03-03 14:00:00,0.3538,0.3598,0.3531,0.3558,614491.0
2024-03-03 14:30:00,0.3558,0.3558,0.3486,0.3494,370868.0
2024-03-03 15:00:00,0.3494,0.3531,0.3494,0.351,181705.1
2024-03-03 15:30:00,0.3512,0.3542,0.35,0.3504,257753.6
2024-03-03 16:00:00,0.3508,0.3513,0.3447,0.3475,672936.3
2024-03-03 16:30:00,0.3475,0.3477,0.3436,0.3476,165544.2
2024-03-03 17:00:00,0.3475,0.3484,0.3466,0.3478,94176.4
2024-03-03 17:30:00,0.3479,0.3489,0.3467,0.3478,139932.9
2024-03-03 18:00:00,0.3479,0.348,0.3453,0.3459,247332.2
2024-03-03 18:30:00,0.346,0.3638,0.3453,0.3588,1152237.1
2024-03-03 19:00:00,0.3587,0.373,0.3582,0.3714,1908299.1
2024-03-03 19:30:00,0.3714,0.3714,0.3631,0.3687,698710.5
2024-03-03 20:00:00,0.3687,0.3714,0.3646,0.3653,310657.4
2024-03-03 20:30:00,0.365,0.365,0.3611,0.3622,358232.2
2024-03-03 21:00:00,0.3621,0.3629,0.3604,0.3618,243030.1
2024-03-03 21:30:00,0.3621,0.3624,0.36,0.361,187426.9
2024-03-03 22:00:00,0.361,0.3639,0.3604,0.3631,106081.6
2024-03-03 22:30:00,0.363,0.363,0.3601,0.3612,54336.1
2024-03-03 23:00:00,0.3614,0.3632,0.3601,0.3631,84458.7
2024-03-03 23:30:00,0.3631,0.3645,0.3615,0.3637,130323.8
2024-03-04 00:00:00,0.3638,0.3641,0.36,0.3627,169214.3
2024-03-04 00:30:00,0.3625,0.3633,0.3536,0.3592,338437.2
2024-03-04 01:00:00,0.359,0.3607,0.3557,0.36,178346.0
2024-03-04 01:30:00,0.3602,0.3617,0.359,0.3601,81009.3
2024-03-04 02:00:00,0.36,0.3612,0.354,0.3573,328467.3
2024-03-04 02:30:00,0.3574,0.3594,0.3556,0.3587,295767.4
2024-03-04 03:00:00,0.3587,0.3588,0.3551,0.3564,171932.7
2024-03-04 03:30:00,0.3562,0.36,0.3557,0.3588,140606.6
2024-03-04 04:00:00,0.3586,0.374,0.3548,0.3588,552950.8
2024-03-04 04:30:00,0.3588,0.3622,0.3574,0.3606,248415.0
2024-03-04 05:00:00,0.3607,0.3615,0.3577,0.3586,176003.9
2024-03-04 05:30:00,0.3589,0.3604,0.3577,0.358,93288.6
2024-03-04 06:00:00,0.3581,0.3587,0.3563,0.3585,159503.5
2024-03-04 06:30:00,0.3588,0.3662,0.3574,0.3621,305283.3
2024-03-04 07:00:00,0.3621,0.3641,0.3611,0.3629,155630.3
2024-03-04 07:30:00,0.3627,0.3633,0.3604,0.3614,143600.7
2024-03-04 08:00:00,0.3614,0.3622,0.36,0.3609,170109.4
2024-03-04 08:30:00,0.3609,0.3618,0.3574,0.3589,220901.8
2024-03-04 09:00:00,0.3592,0.3593,0.3555,0.3577,245736.6
2024-03-04 09:30:00,0.3577,0.3599,0.3576,0.3587,185709.4
2024-03-04 10:00:00,0.3586,0.361,0.3551,0.3585,444185.2
2024-03-04 10:30:00,0.3586,0.3603,0.3528,0.356,428069.0
2024-03-04 11:00:00,0.3562,0.3571,0.3538,0.3538,169114.0
2024-03-04 11:30:00,0.3539,0.359,0.3528,0.3585,300653.8
2024-03-04 12:00:00,0.3584,0.359,0.3569,0.3589,282444.2
2024-03-04 12:30:00,0.3589,0.3589,0.3477,0.3505,1159235.4
2024-03-04 13:00:00,0.3506,0.3519,0.3494,0.3497,377088.5
2024-03-04 13:30:00,0.3497,0.3509,0.345,0.3458,387922.6
2024-03-04 14:00:00,0.346,0.3527,0.3432,0.3514,860986.7
2024-03-04 14:30:00,0.3515,0.359,0.3504,0.3508,1415471.6
2024-03-04 15:00:00,0.3508,0.356,0.3502,0.3551,430459.4
2024-03-04 15:30:00,0.355,0.356,0.3514,0.3526,527571.3
2024-03-04 16:00:00,0.3525,0.3527,0.3467,0.3484,383055.9
2024-03-04 16:30:00,0.3487,0.3495,0.345,0.3459,200451.6
2024-03-04 17:00:00,0.3458,0.3489,0.3437,0.3488,483847.3
2024-03-04 17:30:00,0.3489,0.349,0.3377,0.3378,698466.1
2024-03-04 18:00:00,0.3378,0.3427,0.3347,0.3355,495220.6
2024-03-04 18:30:00,0.3356,0.3485,0.3356,0.3485,662344.3
2024-03-04 19:00:00,0.3485,0.3503,0.3464,0.35,236367.8
2024-03-04 19:30:00,0.3499,0.3501,0.3488,0.3499,116619.6
2024-03-04 20:00:00,0.3499,0.3503,0.3476,0.3478,79489.1
2024-03-04 20:30:00,0.3484,0.3487,0.3467,0.3479,83273.4
2024-03-04 21:00:00,0.3479,0.3493,0.3449,0.3492,120512.7
2024-03-04 21:30:00,0.3493,0.3503,0.349,0.3498,74520.2
2024-03-04 22:00:00,0.3498,0.3501,0.3463,0.3492,162763.8
2024-03-04 22:30:00,0.3492,0.3508,0.3488,0.3503,145207.9
2024-03-04 23:00:00,0.3502,0.3509,0.3476,0.3482,48689.0
2024-03-04 23:30:00,0.3476,0.3497,0.3471,0.3484,52808.6
2024-03-05 00:00:00,0.3484,0.3484,0.3384,0.346,994778.0
2024-03-05 00:30:00,0.346,0.3461,0.3438,0.3442,156587.9
2024-03-05 01:00:00,0.3448,0.345,0.3429,0.3447,59804.7
2024-03-05 01:30:00,0.3449,0.3483,0.3449,0.3461,113577.7
2024-03-05 02:00:00,0.3459,0.346,0.3398,0.3403,157050.5
2024-03-05 02:30:00,0.3403,0.3419,0.338,0.3408,268277.8
2024-03-05 03:00:00,0.341,0.3439,0.3396,0.3432,99123.1
2024-03-05 03:30:00,0.3436,0.345,0.3399,0.343,247261.8
2024-03-05 04:00:00,0.3432,0.3502,0.3431,0.3471,701670.1
2024-03-05 04:30:00,0.3468,0.3493,0.3391,0.347,427439.2
2024-03-05 05:00:00,0.3467,0.3517,0.3383,0.3506,271336.2
2024-03-05 05:30:00,0.3502,0.3557,0.348,0.3516,349076.9
2024-03-05 06:00:00,0.3514,0.3524,0.3492,0.352,295571.1
2024-03-05 06:30:00,0.3518,0.3524,0.35,0.3524,221878.5
2024-03-05 07:00:00,0.3524,0.3534,0.3505,0.3509,303885.3
2024-03-05 07:30:00,0.3506,0.351,0.3483,0.3489,342610.1
2024-03-05 08:00:00,0.3488,0.3511,0.3452,0.3495,182591.0
2024-03-05 08:30:00,0.3495,0.3555,0.3477,0.3537,342078.6
2024-03-05 09:00:00,0.3537,0.3543,0.3519,0.3538,105152.8
2024-03-05 09:30:00,0.3537,0.3568,0.352,0.3556,131672.9
2024-03-05 10:00:00,0.3557,0.3574,0.354,0.3545,166960.5
2024-03-05 10:30:00,0.3548,0.3556,0.3532,0.3545,252041.8
2024-03-05 11:00:00,0.3546,0.3555,0.3543,0.3551,45973.6
2024-03-05 11:30:00,0.3551,0.3551,0.352,0.353,130481.4
2024-03-05 12:00:00,0.3531,0.3565,0.3531,0.3564,95386.5
2024-03-05 12:30:00,0.3563,0.3565,0.3541,0.3548,74491.1
2024-03-05 13:00:00,0.3547,0.3589,0.3535,0.3572,347853.7
2024-03-05 13:30:00,0.3572,0.3578,0.3546,0.3547,284558.2
2024-03-05 14:00:00,0.3547,0.3549,0.3488,0.3504,380299.1
2024-03-05 14:30:00,0.3506,0.3538,0.3468,0.3477,356517.6
2024-03-05 15:00:00,0.3475,0.3524,0.3443,0.3481,660509.0
2024-03-05 15:30:00,0.3478,0.352,0.343,0.3485,431890.2
2024-03-05 16:00:00,0.3483,0.3501,0.333,0.3424,1238861.3
2024-03-05 16:30:00,0.3427,0.3446,0.3378,0.3433,501828.5
2024-03-05 17:00:00,0.3435,0.3439,0.331,0.3378,567939.1
2024-03-05 17:30:00,0.3382,0.3441,0.3355,0.3441,206318.6
2024-03-05 18:00:00,0.3437,0.3446,0.3399,0.3401,202928.4
2024-03-05 18:30:00,0.3403,0.3423,0.3357,0.3366,221170.0
2024-03-05 19:00:00,0.3367,0.3383,0.3301,0.3317,271520.9
2024-03-05 19:30:00,0.3319,0.3353,0.3,0.323,3178782.4
2024-03-05 20:00:00,0.323,0.3257,0.3203,0.3242,1192393.8
2024-03-05 20:30:00,0.3244,0.326,0.322,0.3239,585688.3
2024-03-05 21:00:00,0.3237,0.3285,0.3236,0.327,635268.8
2024-03-05 21:30:00,0.3269,0.327,0.3248,0.3264,189349.8
2024-03-05 22:00:00,0.3265,0.3269,0.3241,0.3248,178869.3
2024-03-05 22:30:00,0.3251,0.326,0.3237,0.3258,575178.0
2024-03-05 23:00:00,0.3257,0.3266,0.3251,0.3266,237252.1
2024-03-05 23:30:00,0.3265,0.3272,0.3256,0.3262,142954.6
2024-03-06 00:00:00,0.3262,0.3274,0.3252,0.327,155941.1
2024-03-06 00:30:00,0.3271,0.3279,0.3263,0.3263,188135.5
2024-03-06 01:00:00,0.3264,0.3276,0.3259,0.3265,161044.3
2024-03-06 01:30:00,0.3264,0.3274,0.3261,0.3265,104751.6
2024-03-06 02:00:00,0.3263,0.3266,0.3243,0.3251,252545.1
2024-03-06 02:30:00,0.3251,0.3255,0.3197,0.3203,432144.6
2024-03-06 03:00:00,0.3204,0.3223,0.3199,0.3223,310821.2
2024-03-06 03:30:00,0.3223,0.3224,0.3205,0.3221,213191.6
2024-03-06 04:00:00,0.322,0.3237,0.3219,0.3233,359045.6
2024-03-06 04:30:00,0.3234,0.3265,0.3233,0.3259,867064.0
2024-03-06 05:00:00,0.3259,0.3276,0.3251,0.3274,738870.0
2024-03-06 05:30:00,0.3274,0.3279,0.3265,0.3274,336198.9
2024-03-06 06:00:00,0.3274,0.3288,0.327,0.3282,398875.1
2024-03-06 06:30:00,0.3283,0.3322,0.3282,0.3314,1923017.7
2024-03-06 07:00:00,0.3314,0.3365,0.3305,0.3365,400008.8
2024-03-06 07:30:00,0.3365,0.3395,0.3365,0.3395,345309.0
2024-03-06 08:00:00,0.3394,0.3476,0.3377,0.3467,1340403.3
2024-03-06 08:30:00,0.3468,0.3546,0.3466,0.3507,1165609.5
2024-03-06 09:00:00,0.3508,0.37,0.3507,0.3581,2968755.1
2024-03-06 09:30:00,0.358,0.3602,0.3523,0.3536,710936.8
2024-03-06 10:00:00,0.3538,0.365,0.3538,0.3624,586447.1
2024-03-06 10:30:00,0.3624,0.367,0.3579,0.3609,578326.5
2024-03-06 11:00:00,0.3609,0.3614,0.3583,0.359,177886.4
2024-03-06 11:30:00,0.359,0.3599,0.3562,0.3594,291388.3
2024-03-06 12:00:00,0.3594,0.3612,0.3584,0.3599,366660.0
2024-03-06 12:30:00,0.3599,0.3608,0.3452,0.3501,1131598.8
2024-03-06 13:00:00,0.3501,0.3516,0.344,0.3501,963561.3
2024-03-06 13:30:00,0.35,0.355,0.3495,0.3538,356077.9
2024-03-06 14:00:00,0.3542,0.3561,0.3539,0.3551,295624.3
2024-03-06 14:30:00,0.3557,0.3566,0.3514,0.3526,298788.1
2024-03-06 15:00:00,0.3535,0.3535,0.3462,0.353,505993.6
2024-03-06 15:30:00,0.3528,0.3557,0.3526,0.3546,170645.6
2024-03-06 16:00:00,0.3545,0.3565,0.3536,0.3547,223495.3
2024-03-06 16:30:00,0.3548,0.3548,0.352,0.3539,132712.1
2024-03-06 17:00:00,0.3538,0.3538,0.352,0.3521,92117.9
2024-03-06 17:30:00,0.3522,0.3533,0.3518,0.3522,289206.8
2024-03-06 18:00:00,0.3521,0.354,0.3516,0.3535,270880.7
2024-03-06 18:30:00,0.3536,0.3561,0.3528,0.356,247644.9
2024-03-06 19:00:00,0.3561,0.3611,0.3559,0.3604,601904.5
2024-03-06 19:30:00,0.3605,0.3605,0.3582,0.3591,217477.7
2024-03-06 20:00:00,0.359,0.3602,0.3583,0.3588,86806.6
2024-03-06 20:30:00,0.3588,0.3596,0.3579,0.3589,32073.7
2024-03-06 21:00:00,0.3589,0.3604,0.3581,0.36,130830.8
2024-03-06 21:30:00,0.3598,0.3626,0.3597,0.3617,153415.9
2024-03-06 22:00:00,0.3617,0.3624,0.361,0.3622,56719.9
2024-03-06 22:30:00,0.362,0.362,0.3599,0.3609,81350.1
2024-03-06 23:00:00,0.3609,0.3621,0.3596,0.3621,84420.0
2024-03-06 23:30:00,0.3621,0.3622,0.3613,0.3622,26668.7
2024-03-07 00:00:00,0.3621,0.363,0.3601,0.3607,123302.6
2024-03-07 00:30:00,0.3607,0.3671,0.3606,0.3669,718964.4
2024-03-07 01:00:00,0.3668,0.3668,0.3629,0.3648,168859.7
2024-03-07 01:30:00,0.3649,0.3671,0.3636,0.367,172787.3
2024-03-07 02:00:00,0.3671,0.3671,0.3632,0.3632,81626.3
2024-03-07 02:30:00,0.3632,0.3671,0.3626,0.3664,714006.8
2024-03-07 03:00:00,0.3665,0.3671,0.3653,0.3664,97750.1
2024-03-07 03:30:00,0.3664,0.3664,0.3614,0.3649,843897.9
2024-03-07 04:00:00,0.3649,0.3674,0.3645,0.3673,136022.9
2024-03-07 04:30:00,0.3674,0.3674,0.365,0.365,188252.2
2024-03-07 05:00:00,0.3649,0.3668,0.3644,0.3659,138379.6
2024-03-07 05:30:00,0.3659,0.3661,0.3598,0.3609,272314.0
2024-03-07 06:00:00,0.3609,0.3663,0.3599,0.3658,473792.5
2024-03-07 06:30:00,0.3657,0.378,0.3644,0.3774,3208933.7
2024-03-07 07:00:00,0.3775,0.3781,0.3722,0.3756,832947.7
2024-03-07 07:30:00,0.3756,0.3794,0.3756,0.3791,412622.1
2024-03-07 08:00:00,0.3789,0.3795,0.3746,0.3759,262804.1
2024-03-07 08:30:00,0.3757,0.378,0.3746,0.3774,308415.7
2024-03-07 09:00:00,0.3774,0.3859,0.3773,0.3817,736854.1
2024-03-07 09:30:00,0.3815,0.3879,0.3787,0.3851,618581.2
2024-03-07 10:00:00,0.385,0.385,0.38,0.3806,111071.0
2024-03-07 10:30:00,0.3804,0.3805,0.3772,0.3801,200518.6
2024-03-07 11:00:00,0.3801,0.3841,0.3788,0.3821,307895.0
2024-03-07 11:30:00,0.382,0.3823,0.3783,0.3803,194903.1
2024-03-07 12:00:00,0.3803,0.3832,0.3797,0.3825,118726.8
2024-03-07 12:30:00,0.3825,0.386,0.3818,0.3829,211211.9
2024-03-07 13:00:00,0.3828,0.3841,0.3784,0.3831,162044.7
2024-03-07 13:30:00,0.383,0.3872,0.383,0.3849,177407.9
2024-03-07 14:00:00,0.3851,0.3865,0.3839,0.3859,180505.1
2024-03-07 14:30:00,0.3858,0.387,0.3792,0.3856,315917.3
2024-03-07 15:00:00,0.3854,0.388,0.3831,0.3865,188803.7
2024-03-07 15:30:00,0.3867,0.3912,0.3866,0.3889,402908.5
2024-03-07 16:00:00,0.389,0.389,0.3857,0.3869,59465.0
2024-03-07 16:30:00,0.3867,0.3877,0.3838,0.3862,142480.6
2024-03-07 17:00:00,0.3862,0.3895,0.3839,0.3868,243367.4
2024-03-07 17:30:00,0.3868,0.3879,0.386,0.3861,78467.9
2024-03-07 18:00:00,0.386,0.3861,0.382,0.3826,187367.3
2024-03-07 18:30:00,0.3827,0.3847,0.3816,0.3846,124096.2
2024-03-07 19:00:00,0.3846,0.3847,0.3811,0.3824,41904.3
2024-03-07 19:30:00,0.3824,0.3855,0.3823,0.3843,116379.7
2024-03-07 20:00:00,0.3845,0.3855,0.3841,0.3852,57683.5
2024-03-07 20:30:00,0.3852,0.3864,0.3847,0.385,92883.4
2024-03-07 21:00:00,0.385,0.3857,0.3829,0.3857,63998.4
2024-03-07 21:30:00,0.3855,0.3864,0.3843,0.3862,39104.8
2024-03-07 22:00:00,0.3865,0.3882,0.3864,0.3879,51276.2
2024-03-07 22:30:00,0.3878,0.3878,0.3859,0.387,19812.4
2024-03-07 23:00:00,0.3869,0.3901,0.3864,0.3899,113878.8
2024-03-07 23:30:00,0.3897,0.3923,0.3895,0.3901,150531.7
2024-03-08 00:00:00,0.3901,0.3912,0.3899,0.3903,47462.5
2024-03-08 00:30:00,0.3903,0.391,0.3862,0.3905,162760.1
2024-03-08 01:00:00,0.39,0.3951,0.39,0.3939,247317.7
2024-03-08 01:30:00,0.394,0.3942,0.3881,0.3903,187354.3
2024-03-08 02:00:00,0.3905,0.3941,0.3891,0.3897,124016.4
2024-03-08 02:30:00,0.3898,0.3903,0.3879,0.3879,39595.5
2024-03-08 03:00:00,0.3882,0.3882,0.3855,0.3874,113310.1
2024-03-08 03:30:00,0.3877,0.3884,0.386,0.3879,75320.3
2024-03-08 04:00:00,0.3881,0.3923,0.3875,0.392,94338.4
2024-03-08 04:30:00,0.3915,0.3932,0.3899,0.3928,109807.0
2024-03-08 05:00:00,0.3927,0.3933,0.3894,0.3896,154561.2
2024-03-08 05:30:00,0.3891,0.3927,0.3875,0.3921,47731.3
2024-03-08 06:00:00,0.3918,0.3918,0.3885,0.3897,180664.2
2024-03-08 06:30:00,0.3898,0.3904,0.3851,0.3856,258930.3
2024-03-08 07:00:00,0.3857,0.3857,0.3829,0.3854,165247.5
2024-03-08 07:30:00,0.385,0.3873,0.3848,0.3872,149489.3
2024-03-08 08:00:00,0.3875,0.3896,0.3864,0.3871,245258.7
2024-03-08 08:30:00,0.3875,0.3887,0.3845,0.3861,270410.4
2024-03-08 09:00:00,0.3862,0.3865,0.3788,0.38,1160879.8
2024-03-08 09:30:00,0.3799,0.381,0.3763,0.38,1008006.4
2024-03-08 10:00:00,0.38,0.3941,0.38,0.3933,2271385.5
2024-03-08 10:30:00,0.3934,0.4064,0.3932,0.4049,1003175.3
2024-03-08 11:00:00,0.4048,0.41,0.4025,0.4052,514374.9
2024-03-08 11:30:00,0.4058,0.4121,0.4004,0.4092,468870.0
2024-03-08 12:00:00,0.4092,0.418,0.4065,0.4125,977105.3
2024-03-08 12:30:00,0.4127,0.4151,0.4073,0.4085,462077.0
2024-03-08 13:00:00,0.4084,0.4141,0.4057,0.4096,531035.0
2024-03-08 13:30:00,0.4093,0.4123,0.407,0.4091,133971.0
2024-03-08 14:00:00,0.4093,0.4133,0.4029,0.4042,271222.5
2024-03-08 14:30:00,0.4042,0.4046,0.3975,0.398,374133.5
2024-03-08 15:00:00,0.3979,0.3991,0.3907,0.3961,471846.5
2024-03-08 15:30:00,0.3963,0.3984,0.3805,0.3915,919323.8
2024-03-08 16:00:00,0.3909,0.3931,0.3847,0.3906,655325.1
2024-03-08 16:30:00,0.3907,0.3946,0.3892,0.3931,180526.5
2024-03-08 17:00:00,0.3926,0.3934,0.3898,0.391,126582.4
2024-03-08 17:30:00,0.3911,0.392,0.3899,0.3905,122688.0
2024-03-08 18:00:00,0.3905,0.392,0.3896,0.3918,103219.2
2024-03-08 18:30:00,0.3918,0.3957,0.3918,0.3947,212201.7
2024-03-08 19:00:00,0.3945,0.3946,0.3915,0.3919,98099.7
2024-03-08 19:30:00,0.3915,0.3942,0.3911,0.3937,132955.6
2024-03-08 20:00:00,0.3937,0.3949,0.392,0.3928,119604.6
2024-03-08 20:30:00,0.3929,0.3945,0.3929,0.394,51039.8
2024-03-08 21:00:00,0.3941,0.3954,0.3935,0.3952,67415.6
2024-03-08 21:30:00,0.3952,0.3952,0.3932,0.3941,126898.2
2024-03-08 22:00:00,0.3944,0.3973,0.3935,0.3967,123120.2
2024-03-08 22:30:00,0.3967,0.3977,0.3951,0.3952,110714.5
2024-03-08 23:00:00,0.3953,0.3964,0.3953,0.3959,37959.4
2024-03-08 23:30:00,0.3957,0.3959,0.3942,0.3948,71645.8
2024-03-09 00:00:00,0.3945,0.3957,0.3934,0.3944,77665.4
2024-03-09 00:30:00,0.3943,0.3993,0.3935,0.3974,250669.6
2024-03-09 01:00:00,0.3974,0.3974,0.3953,0.3971,100977.1
2024-03-09 01:30:00,0.3972,0.3981,0.3969,0.3978,92702.0
2024-03-09 02:00:00,0.3978,0.3982,0.3956,0.3975,87046.4
2024-03-09 02:30:00,0.3976,0.4005,0.3965,0.3992,139051.3
2024-03-09 03:00:00,0.3994,0.4009,0.3985,0.4005,77649.6
2024-03-09 03:30:00,0.4007,0.4021,0.4004,0.4017,42260.8
2024-03-09 04:00:00,0.4014,0.4031,0.401,0.4028,66222.9
2024-03-09 04:30:00,0.4029,0.4076,0.4028,0.4058,244143.3
2024-03-09 05:00:00,0.4059,0.4065,0.4026,0.4029,135738.7
2024-03-09 05:30:00,0.4028,0.4034,0.4007,0.403,497821.5
2024-03-09 06:00:00,0.4029,0.4054,0.4027,0.4041,48934.9
2024-03-09 06:30:00,0.4041,0.4045,0.4017,0.4021,134088.9
2024-03-09 07:00:00,0.4021,0.4029,0.4004,0.4029,224891.5
2024-03-09 07:30:00,0.4028,0.4028,0.4013,0.4017,58437.2
2024-03-09 08:00:00,0.4017,0.4031,0.4017,0.4024,70294.9
2024-03-09 08:30:00,0.4026,0.4031,0.3991,0.3998,125312.2
2024-03-09 09:00:00,0.4002,0.4049,0.4,0.4032,211725.6
2024-03-09 09:30:00,0.4031,0.4085,0.4007,0.4072,393656.0
2024-03-09 10:00:00,0.4078,0.421,0.407,0.4146,1087567.0
2024-03-09 10:30:00,0.4144,0.4187,0.4057,0.4177,559472.1
2024-03-09 11:00:00,0.4181,0.4292,0.4137,0.4277,834640.1
2024-03-09 11:30:00,0.4279,0.4397,0.4185,0.4341,2438843.5
2024-03-09 12:00:00,0.4337,0.45,0.4315,0.4464,1293071.3
2024-03-09 12:30:00,0.4464,0.4524,0.438,0.4498,1087431.1
2024-03-09 13:00:00,0.449,0.4501,0.435,0.4389,794177.7
2024-03-09 13:30:00,0.4387,0.4423,0.436,0.4423,342570.5
2024-03-09 14:00:00,0.4422,0.4427,0.4322,0.4328,324719.0
2024-03-09 14:30:00,0.4329,0.4369,0.4314,0.4339,416845.3
2024-03-09 15:00:00,0.4339,0.4375,0.424,0.4268,737646.6
2024-03-09 15:30:00,0.4267,0.4288,0.4221,0.4276,366410.1
2024-03-09 16:00:00,0.428,0.4306,0.4227,0.4251,365761.5
2024-03-09 16:30:00,0.4246,0.4278,0.4171,0.4205,876925.4
2024-03-09 17:00:00,0.4203,0.4229,0.4166,0.4184,213515.3
2024-03-09 17:30:00,0.4187,0.4205,0.4151,0.4175,157544.2
2024-03-09 18:00:00,0.4173,0.4201,0.4158,0.4188,102848.6
2024-03-09 18:30:00,0.4188,0.4196,0.4177,0.4184,67585.5
2024-03-09 19:00:00,0.4181,0.4198,0.4181,0.419,54930.2
2024-03-09 19:30:00,0.419,0.4219,0.4188,0.4194,205228.2
2024-03-09 20:00:00,0.4196,0.4208,0.418,0.4198,93838.9
2024-03-09 20:30:00,0.4198,0.4204,0.4188,0.4195,59299.9
2024-03-09 21:00:00,0.4195,0.4277,0.4177,0.4245,400593.1
2024-03-09 21:30:00,0.4245,0.4526,0.4244,0.4388,1499605.9
2024-03-09 22:00:00,0.4382,0.4605,0.438,0.4562,1724570.8
2024-03-09 22:30:00,0.456,0.456,0.4441,0.4526,311914.9
2024-03-09 23:00:00,0.4523,0.4599,0.4499,0.4528,259461.4
2024-03-09 23:30:00,0.4531,0.4532,0.4373,0.443,785648.8
2024-03-10 00:00:00,0.4431,0.4441,0.4376,0.441,203981.9
2024-03-10 00:30:00,0.4407,0.4412,0.4373,0.4373,121003.6
2024-03-10 01:00:00,0.4372,0.4388,0.4279,0.4279,273434.8
2024-03-10 01:30:00,0.4285,0.4334,0.4285,0.4305,227779.8
2024-03-10 02:00:00,0.4306,0.4317,0.4288,0.431,115658.4
2024-03-10 02:30:00,0.4306,0.4336,0.43,0.4316,109298.0
2024-03-10 03:00:00,0.4316,0.4318,0.4273,0.4316,373848.5
2024-03-10 03:30:00,0.4317,0.4499,0.4311,0.4403,381198.4
2024-03-10 04:00:00,0.4405,0.445,0.4371,0.438,268851.8
2024-03-10 04:30:00,0.438,0.44,0.434,0.4349,189568.4
2024-03-10 05:00:00,0.435,0.4382,0.434,0.4351,149991.3
2024-03-10 05:30:00,0.4354,0.439,0.4346,0.4376,152685.8
2024-03-10 06:00:00,0.438,0.4394,0.4372,0.4385,49080.5
2024-03-10 06:30:00,0.4385,0.4386,0.4359,0.4371,219892.8
2024-03-10 07:00:00,0.4373,0.46,0.4364,0.4538,1642484.0
2024-03-10 07:30:00,0.4539,0.46,0.448,0.4526,482551.1
2024-03-10 08:00:00,0.4523,0.4537,0.4458,0.4481,292459.1
2024-03-10 08:30:00,0.4479,0.4523,0.4378,0.4401,1510014.2
2024-03-10 09:00:00,0.4399,0.4672,0.438,0.4668,2303337.2
2024-03-10 09:30:00,0.4669,0.487,0.4601,0.4729,3460066.6
2024-03-10 10:00:00,0.4726,0.49,0.46,0.4702,2658801.1
2024-03-10 10:30:00,0.4705,0.4752,0.4614,0.4645,716924.3
2024-03-10 11:00:00,0.4643,0.468,0.4602,0.4653,407567.4
2024-03-10 11:30:00,0.4653,0.4653,0.4536,0.4551,764906.1
2024-03-10 12:00:00,0.455,0.458,0.45,0.451,431880.2
2024-03-10 12:30:00,0.4508,0.4587,0.4467,0.4577,533749.5
2024-03-10 13:00:00,0.4575,0.4583,0.4399,0.441,1257659.1
2024-03-10 13:30:00,0.441,0.4458,0.4337,0.4426,1802929.1
2024-03-10 14:00:00,0.4426,0.4473,0.4408,0.4419,255547.4
2024-03-10 14:30:00,0.4422,0.4522,0.44,0.4519,323361.9
2024-03-10 15:00:00,0.4518,0.4592,0.4488,0.4499,679757.5
2024-03-10 15:30:00,0.45,0.454,0.4473,0.4514,238858.9
2024-03-10 16:00:00,0.4515,0.4685,0.4511,0.4676,498848.7
2024-03-10 16:30:00,0.4676,0.49,0.4637,0.4872,914488.7
2024-03-10 17:00:00,0.4874,0.5265,0.4805,0.509,6757904.2
2024-03-10 17:30:00,0.5089,0.54,0.5057,0.5307,5685390.1
2024-03-10 18:00:00,0.5311,0.5382,0.505,0.5124,2658533.6
2024-03-10 18:30:00,0.5124,0.5191,0.5007,0.5048,1557922.8
2024-03-10 19:00:00,0.5051,0.5466,0.5033,0.5374,2334744.3
2024-03-10 19:30:00,0.537,0.5784,0.535,0.5571,4864569.3
2024-03-10 20:00:00,0.5569,0.5998,0.5546,0.5604,5514446.9
2024-03-10 20:30:00,0.5604,0.565,0.5445,0.5571,2066851.3
2024-03-10 21:00:00,0.557,0.57,0.5435,0.57,2520731.6
2024-03-10 21:30:00,0.57,0.58,0.5572,0.5645,1404174.2
2024-03-10 22:00:00,0.5644,0.5871,0.5556,0.5786,2297034.1
2024-03-10 22:30:00,0.5789,0.6121,0.5593,0.6043,3056608.6
2024-03-10 23:00:00,0.6039,0.6039,0.5741,0.5775,1846844.0
2024-03-10 23:30:00,0.5779,0.5846,0.567,0.5735,938409.7
2024-03-11 00:00:00,0.574,0.5861,0.5279,0.5311,4870793.1
2024-03-11 00:30:00,0.5312,0.5399,0.5055,0.5369,2460344.0
2024-03-11 01:00:00,0.5374,0.5621,0.5275,0.5621,2047612.8
2024-03-11 01:30:00,0.5616,0.5618,0.5467,0.5544,1113080.8
2024-03-11 02:00:00,0.5546,0.5923,0.5503,0.5883,3267477.0
2024-03-11 02:30:00,0.5883,0.6,0.5666,0.5729,2217513.7
2024-03-11 03:00:00,0.5731,0.6219,0.5628,0.5923,3456284.4
2024-03-11 03:30:00,0.5923,0.5987,0.5735,0.5855,1404424.5
2024-03-11 04:00:00,0.5854,0.6029,0.574,0.5766,1657071.6
2024-03-11 04:30:00,0.577,0.5823,0.5641,0.5711,1392693.4
2024-03-11 05:00:00,0.5711,0.5856,0.5652,0.5746,895751.2
2024-03-11 05:30:00,0.5742,0.5962,0.5697,0.5911,970604.8
2024-03-11 06:00:00,0.5913,0.6218,0.5862,0.6053,4147358.6
2024-03-11 06:30:00,0.6055,0.615,0.5923,0.6013,2716281.0
2024-03-11 07:00:00,0.6014,0.6048,0.586,0.5921,2163443.7
2024-03-11 07:30:00,0.5922,0.6384,0.5793,0.6244,5250800.6
2024-03-11 08:00:00,0.6255,0.68,0.623,0.6633,9860039.1
2024-03-11 08:30:00,0.6625,0.687,0.6523,0.6718,4918171.2
2024-03-11 09:00:00,0.6717,0.69,0.665,0.6898,4155899.6
2024-03-11 09:30:00,0.6897,0.694,0.6669,0.682,2947746.6
2024-03-11 10:00:00,0.6819,0.7358,0.6719,0.703,7071338.5
2024-03-11 10:30:00,0.703,0.7099,0.6915,0.6958,3369301.0
2024-03-11 11:00:00,0.6957,0.712,0.692,0.7071,3226430.8
2024-03-11 11:30:00,0.7071,0.74,0.6818,0.6983,7873867.6
2024-03-11 12:00:00,0.6978,0.7099,0.6925,0.7003,2530048.9
2024-03-11 12:30:00,0.6994,0.7011,0.6563,0.6679,6318863.5
2024-03-11 13:00:00,0.6679,0.6716,0.6297,0.646,4473431.6
2024-03-11 13:30:00,0.6459,0.6575,0.6319,0.6442,1928899.1
2024-03-11 14:00:00,0.6445,0.6525,0.6301,0.6373,1689676.3
2024-03-11 14:30:00,0.6373,0.6446,0.6306,0.6414,1292236.7
2024-03-11 15:00:00,0.6414,0.66,0.6393,0.6505,1876478.4
2024-03-11 15:30:00,0.6512,0.6569,0.6325,0.6339,1069010.0
2024-03-11 16:00:00,0.6337,0.6416,0.6101,0.6169,2081653.0
2024-03-11 16:30:00,0.6169,0.6218,0.5943,0.595,2355542.4
2024-03-11 17:00:00,0.5951,0.5998,0.5861,0.5939,2199141.0
2024-03-11 17:30:00,0.5937,0.6042,0.5896,0.597,1092990.4
2024-03-11 18:00:00,0.5972,0.6044,0.5923,0.5966,629163.0
2024-03-11 18:30:00,0.5964,0.6061,0.5913,0.6042,790239.6
2024-03-11 19:00:00,0.6043,0.6044,0.595,0.6014,558209.7
2024-03-11 19:30:00,0.6016,0.603,0.598,0.5992,406384.0
2024-03-11 20:00:00,0.5996,0.6046,0.5966,0.6035,354101.2
2024-03-11 20:30:00,0.6032,0.6084,0.6021,0.6082,418369.1
2024-03-11 21:00:00,0.6082,0.6091,0.6006,0.605,430470.1
2024-03-11 21:30:00,0.605,0.6148,0.605,0.6118,628268.7
2024-03-11 22:00:00,0.6116,0.6121,0.6063,0.6085,122011.1
2024-03-11 22:30:00,0.6084,0.6124,0.6046,0.6096,218522.1
2024-03-11 23:00:00,0.6102,0.6135,0.6076,0.6102,206521.6
2024-03-11 23:30:00,0.61,0.615,0.6051,0.6074,393093.5
2024-03-12 00:00:00,0.6072,0.6183,0.601,0.6115,727550.4
2024-03-12 00:30:00,0.6115,0.6296,0.6105,0.6239,1153902.3
2024-03-12 01:00:00,0.6236,0.625,0.6081,0.6082,950303.4
2024-03-12 01:30:00,0.6081,0.6103,0.6026,0.6035,286111.0
2024-03-12 02:00:00,0.6035,0.6116,0.6035,0.6114,193164.6
2024-03-12 02:30:00,0.6112,0.6137,0.6103,0.6106,203010.4
2024-03-12 03:00:00,0.6105,0.6115,0.605,0.6069,253878.3
2024-03-12 03:30:00,0.6071,0.6195,0.6071,0.6148,397000.6
2024-03-12 04:00:00,0.6143,0.621,0.6101,0.6118,643848.0
2024-03-12 04:30:00,0.6117,0.6162,0.6047,0.6077,718702.9
2024-03-12 05:00:00,0.608,0.61,0.603,0.6049,314618.5
2024-03-12 05:30:00,0.6051,0.6164,0.6045,0.6113,627279.9
2024-03-12 06:00:00,0.6111,0.6111,0.5954,0.5964,1031207.6
2024-03-12 06:30:00,0.5961,0.6064,0.5954,0.6061,487115.8
2024-03-12 07:00:00,0.6062,0.6065,0.5811,0.583,1474964.2
2024-03-12 07:30:00,0.5829,0.6062,0.58,0.6042,5352778.8
2024-03-12 08:00:00,0.6041,0.6357,0.6039,0.6155,1896090.5
2024-03-12 08:30:00,0.6152,0.6239,0.5955,0.6078,1005120.7
2024-03-12 09:00:00,0.6078,0.6224,0.6039,0.6213,537688.0
2024-03-12 09:30:00,0.6213,0.625,0.6152,0.6177,348931.0
2024-03-12 10:00:00,0.6181,0.6198,0.6135,0.6172,538875.5
2024-03-12 10:30:00,0.6178,0.6225,0.6153,0.618,518308.6
2024-03-12 11:00:00,0.6186,0.6188,0.6118,0.615,739833.4
2024-03-12 11:30:00,0.6152,0.6165,0.6131,0.6139,459596.5
2024-03-12 12:00:00,0.614,0.6154,0.6089,0.6122,1112232.6
2024-03-12 12:30:00,0.6119,0.6156,0.6085,0.6104,1307353.4
2024-03-12 13:00:00,0.6103,0.6109,0.6034,0.609,1635807.9
2024-03-12 13:30:00,0.6094,0.6106,0.6056,0.6085,734680.7
2024-03-12 14:00:00,0.6085,0.6114,0.6056,0.6082,460006.7
2024-03-12 14:30:00,0.6081,0.6116,0.6079,0.6097,582029.7
2024-03-12 15:00:00,0.61,0.6139,0.6075,0.613,721578.6
2024-03-12 15:30:00,0.6131,0.6255,0.6123,0.6161,1431124.8
2024-03-12 16:00:00,0.6158,0.6166,0.6088,0.6113,404554.3
2024-03-12 16:30:00,0.6114,0.612,0.6086,0.6096,245055.0
2024-03-12 17:00:00,0.6098,0.611,0.6031,0.6058,906889.7
2024-03-12 17:30:00,0.6056,0.6236,0.6054,0.6222,1631814.9
2024-03-12 18:00:00,0.6223,0.6223,0.6148,0.6152,418548.0
2024-03-12 18:30:00,0.6153,0.6176,0.6144,0.6171,184572.6
2024-03-12 19:00:00,0.6171,0.6175,0.6141,0.6151,308213.4
2024-03-12 19:30:00,0.6153,0.6171,0.6144,0.6164,235627.2
2024-03-12 20:00:00,0.6163,0.6165,0.613,0.6145,438388.2
2024-03-12 20:30:00,0.6147,0.6181,0.6131,0.6163,425255.5
2024-03-12 21:00:00,0.6162,0.6169,0.6142,0.6153,146584.0
2024-03-12 21:30:00,0.6152,0.6175,0.615,0.6152,125692.4
2024-03-12 22:00:00,0.6147,0.6158,0.6135,0.6144,286621.1
2024-03-12 22:30:00,0.6144,0.6169,0.6141,0.6148,139039.5
2024-03-12 23:00:00,0.615,0.615,0.6123,0.6143,258918.8
2024-03-12 23:30:00,0.6144,0.6145,0.6119,0.6129,206093.9
2024-03-13 00:00:00,0.6125,0.6142,0.6105,0.6131,318926.7
2024-03-13 00:30:00,0.6132,0.6174,0.613,0.6166,403657.5
2024-03-13 01:00:00,0.6167,0.6178,0.6144,0.6162,144072.8
2024-03-13 01:30:00,0.6161,0.6172,0.614,0.6149,193695.1
2024-03-13 02:00:00,0.6148,0.6162,0.614,0.6155,75417.8
2024-03-13 02:30:00,0.6154,0.6167,0.6139,0.614,145936.0
2024-03-13 03:00:00,0.614,0.6185,0.6137,0.616,614582.2
2024-03-13 03:30:00,0.616,0.6174,0.6144,0.6166,124694.7
2024-03-13 04:00:00,0.6167,0.6169,0.6148,0.6165,169329.1
2024-03-13 04:30:00,0.6166,0.6166,0.6144,0.6148,93343.8
2024-03-13 05:00:00,0.6146,0.615,0.613,0.6135,219313.1
2024-03-13 05:30:00,0.6134,0.6136,0.6112,0.6116,318666.5
2024-03-13 06:00:00,0.6116,0.6131,0.6109,0.6119,212024.8
2024-03-13 06:30:00,0.6124,0.6131,0.6113,0.6127,156926.5
2024-03-13 07:00:00,0.6127,0.6129,0.61,0.6109,396212.6
2024-03-13 07:30:00,0.611,0.6113,0.6089,0.6095,447812.8
2024-03-13 08:00:00,0.6093,0.6117,0.6087,0.6108,530910.4
2024-03-13 08:30:00,0.6108,0.6128,0.6099,0.6125,415980.1
2024-03-13 09:00:00,0.6127,0.6157,0.6126,0.6154,436298.5
2024-03-13 09:30:00,0.6154,0.6175,0.6135,0.6136,621425.3
2024-03-13 10:00:00,0.6136,0.6158,0.6131,0.6146,369138.5
2024-03-13 10:30:00,0.6151,0.6159,0.6039,0.6114,1345625.9
2024-03-13 11:00:00,0.6119,0.6133,0.6105,0.6125,475846.5
2024-03-13 11:30:00,0.6127,0.6137,0.6108,0.6124,221991.6
2024-03-13 12:00:00,0.6128,0.6158,0.6125,0.6136,354481.9
2024-03-13 12:30:00,0.6136,0.6209,0.6112,0.6129,2054693.4
2024-03-13 13:00:00,0.6128,0.6162,0.6117,0.6132,839161.4
2024-03-13 13:30:00,0.6132,0.6134,0.5996,0.6028,2872391.5
2024-03-13 14:00:00,0.6028,0.6034,0.5965,0.5976,1516672.3
2024-03-13 14:30:00,0.5977,0.5988,0.5958,0.5974,413881.8
2024-03-13 15:00:00,0.5975,0.6021,0.5959,0.6015,237040.4
2024-03-13 15:30:00,0.6015,0.6022,0.5991,0.6004,180466.4
2024-03-13 16:00:00,0.6003,0.6022,0.5992,0.6022,125776.5
2024-03-13 16:30:00,0.6021,0.6021,0.6,0.6003,101951.5
2024-03-13 17:00:00,0.6003,0.6021,0.5987,0.5997,267756.4
2024-03-13 17:30:00,0.5996,0.6,0.598,0.5988,141178.5
2024-03-13 18:00:00,0.5988,0.6005,0.5985,0.6004,72699.4
2024-03-13 18:30:00,0.6004,0.6009,0.5993,0.5999,87210.5
2024-03-13 19:00:00,0.5998,0.6006,0.5982,0.5987,153022.9
2024-03-13 19:30:00,0.5988,0.5999,0.5979,0.5988,127893.3
2024-03-13 20:00:00,0.5983,0.5998,0.5971,0.5985,155850.4
2024-03-13 20:30:00,0.5984,0.599,0.5965,0.5982,202888.1
2024-03-13 21:00:00,0.5982,0.5994,0.5971,0.5981,55342.8
2024-03-13 21:30:00,0.5982,0.5999,0.5971,0.5993,55745.6
2024-03-13 22:00:00,0.5993,0.6005,0.5976,0.5981,110119.8
2024-03-13 22:30:00,0.5983,0.5991,0.5978,0.5985,59052.3
2024-03-13 23:00:00,0.5985,0.5998,0.5978,0.5981,140424.7
2024-03-13 23:30:00,0.5985,0.5998,0.5976,0.599,79969.3
2024-03-14 00:00:00,0.599,0.6016,0.5975,0.6015,175448.4
2024-03-14 00:30:00,0.6017,0.6023,0.5976,0.5984,182910.0
2024-03-14 01:00:00,0.5985,0.6004,0.5979,0.5997,121437.6
2024-03-14 01:30:00,0.5998,0.6004,0.5975,0.6,65328.7
2024-03-14 02:00:00,0.6,0.6006,0.5981,0.6006,89088.6
2024-03-14 02:30:00,0.6006,0.6019,0.5979,0.5983,296504.6
2024-03-14 03:00:00,0.5983,0.5993,0.5969,0.5982,184468.4
2024-03-14 03:30:00,0.598,0.5992,0.5969,0.5987,114608.0
2024-03-14 04:00:00,0.5986,0.5986,0.5959,0.597,226734.1
2024-03-14 04:30:00,0.5971,0.5975,0.594,0.5949,295573.4
2024-03-14 05:00:00,0.5948,0.5956,0.5934,0.5938,315007.6
2024-03-14 05:30:00,0.5936,0.6018,0.5935,0.5987,480902.8
2024-03-14 06:00:00,0.599,0.6001,0.5969,0.5977,136587.2
2024-03-14 06:30:00,0.5977,0.6098,0.597,0.6055,2117574.3
2024-03-14 07:00:00,0.6054,0.6113,0.6042,0.6081,1438970.8
2024-03-14 07:30:00,0.6081,0.6091,0.6053,0.6055,347495.6
2024-03-14 08:00:00,0.6055,0.6081,0.6013,0.6048,983774.9
2024-03-14 08:30:00,0.6046,0.6063,0.6032,0.6049,166080.5
2024-03-14 09:00:00,0.605,0.6069,0.6036,0.6063,263623.1
2024-03-14 09:30:00,0.6062,0.6069,0.6042,0.6058,174701.8
2024-03-14 10:00:00,0.6055,0.6074,0.6048,0.6052,193284.0
2024-03-14 10:30:00,0.6054,0.609,0.605,0.6069,212284.7
2024-03-14 11:00:00,0.6069,0.6082,0.6025,0.6056,380492.3
2024-03-14 11:30:00,0.6055,0.6063,0.6036,0.6056,189105.5
2024-03-14 12:00:00,0.6055,0.6086,0.6045,0.6048,304498.6
2024-03-14 12:30:00,0.6048,0.6062,0.6028,0.6053,270018.8
2024-03-14 13:00:00,0.6052,0.6064,0.6015,0.602,336417.2
2024-03-14 13:30:00,0.6019,0.6025,0.5935,0.5958,926131.8
2024-03-14 14:00:00,0.596,0.6011,0.5928,0.5976,709760.3
2024-03-14 14:30:00,0.5976,0.5984,0.5929,0.5942,881121.8
2024-03-14 15:00:00,0.5942,0.5985,0.5932,0.5939,241316.0
2024-03-14 15:30:00,0.5941,0.595,0.5875,0.5918,3071280.4
2024-03-14 16:00:00,0.5918,0.5946,0.5908,0.5917,401522.3
2024-03-14 16:30:00,0.5915,0.5987,0.59,0.5978,361531.8
2024-03-14 17:00:00,0.5978,0.5999,0.5965,0.5982,266394.7
2024-03-14 17:30:00,0.5983,0.5999,0.5973,0.5993,220663.0
2024-03-14 18:00:00,0.5991,0.5997,0.5959,0.5971,89916.7
2024-03-14 18:30:00,0.5974,0.5974,0.5915,0.5943,231412.9
2024-03-14 19:00:00,0.5943,0.5952,0.591,0.591,229021.5
